joint_0,joint_1,joint_2,joint_3,joint_4,joint_5,joint_6
0.7106715516236577,5.150192236319418,10.642777879430376,4.014926630963954,0.6844309154800395,0.9436396135851999,0.07311216238802247
0.7106715516236577,5.150192236319418,10.642777879430376,4.014926630963954,0.6844309154800395,0.9436396135851999,0.07311216238802247
0.7106715516236577,5.150192236319418,10.642777879430376,4.014926630963954,0.6844309154800395,0.9436396135851999,0.07311216238802247
0.7106715516236577,5.150192236319418,10.642777879430376,4.014926630963954,0.6844309154800395,0.9436396135851999,0.07311216238802247
0.7106715516236577,5.150192236319418,10.642777879430376,4.014926630963954,0.6844309154800395,0.9436396135851999,0.07311216238802247
0.7106715516236577,5.150192236319418,10.642777879430376,4.014926630963954,0.6844309154800395,0.9436396135851999,0.07311216238802247
0.7106715516236577,5.150192236319418,10.642777879430376,4.014926630963954,0.6844309154800395,0.9436396135851999,0.07311216238802247
0.7106715516236577,5.150192236319418,10.642777879430376,4.014926630963954,0.6844309154800395,0.9436396135851999,0.07311216238802247
0.7106715516236577,5.150192236319418,10.642777879430376,4.014926630963954,0.6844309154800395,0.9436396135851999,0.07311216238802247
0.7106715516236577,5.150192236319418,10.642777879430376,4.014926630963954,0.6844309154800395,0.9436396135851999,0.07311216238802247
0.7106715516236577,5.150192236319418,10.642777879430376,4.014926630963954,0.6844309154800395,0.9436396135851999,0.07311216238802247
0.7106715516236577,5.150192236319418,10.642777879430376,4.014926630963954,0.6844309154800395,0.9436396135851999,0.07311216238802247
0.7106715516236577,5.2215922363194185,10.571377879430376,4.090226630963954,0.6899309154800396,0.9363146135851999,0.0010454376119775205
0.7106715516236577,5.185892236319418,10.495977879430376,4.014926630963954,0.6899309154800396,0.9500476135851998,0.012687462388022472
0.7106715516236577,5.185892236319418,10.495977879430376,4.014926630963954,0.6899309154800396,0.9500476135851998,0.012687462388022472
0.7106715516236577,5.185892236319418,10.571377879430376,4.014926630963954,0.6844309154800395,0.9436396135851999,0.059379162388022474
0.7106715516236577,5.185892236319418,10.571377879430376,4.014926630963954,0.6844309154800395,0.9363146135851999,0.07311216238802247
0.6749655516236577,5.2215922363194185,10.571377879430376,4.050626630963954,0.6899309154800396,0.9436396135851999,0.019096162388022475
0.7106715516236577,5.150192236319418,10.607077879430376,4.014926630963954,0.6899309154800396,0.9436396135851999,0.05297116238802248
0.7860495516236576,5.2215922363194185,10.531677879430376,4.050626630963954,0.6954209154800396,0.9500476135851998,0.005363262388022483
0.7106715516236577,5.2215922363194185,10.571377879430376,4.014926630963954,0.6899309154800396,0.9436396135851999,0.059379162388022474
0.7860495516236576,5.2215922363194185,10.642777879430376,4.050626630963954,0.6899309154800396,0.9436396135851999,0.03282906238802248
0.7860495516236576,5.261292236319418,10.571377879430376,4.014926630963954,0.6899309154800396,0.9436396135851999,0.012687462388022472
0.7503445516236578,5.2215922363194185,10.642777879430376,4.050626630963954,0.6780209154800397,0.9363146135851999,0.07311216238802247
0.7860495516236576,5.2215922363194185,10.571377879430376,4.014926630963954,0.6780209154800397,0.9500476135851998,0.012687462388022472
0.7106715516236577,5.2215922363194185,10.678477879430377,3.975226630963954,0.6899309154800396,0.9500476135851998,0.04564616238802248
0.7860495516236576,5.261292236319418,10.642777879430376,4.050626630963954,0.6844309154800395,0.9436396135851999,0.05297116238802248
0.7503445516236578,5.2215922363194185,10.571377879430376,4.014926630963954,0.6725309154800397,0.9436396135851999,0.03923816238802248
0.7503445516236578,5.296992236319417,10.642777879430376,3.975226630963954,0.6899309154800396,0.9363146135851999,0.05297116238802248
0.8217555516236577,5.372392236319417,10.678477879430377,3.975226630963954,0.6844309154800395,0.9436396135851999,0.019096162388022475
0.8574605516236578,5.296992236319417,10.678477879430377,4.014926630963954,0.6780209154800397,0.9500476135851998,0.04564616238802248
0.8574605516236578,5.296992236319417,10.718177879430376,4.014926630963954,0.6725309154800397,0.9436396135851999,0.07952116238802247
0.8971335516236578,5.3366922363194185,10.718177879430376,3.975226630963954,0.6780209154800397,0.9289906135851997,0.07311216238802247
0.8971335516236578,5.3366922363194185,10.718177879430376,4.014926630963954,0.6725309154800397,0.9436396135851999,0.07311216238802247
0.8971335516236578,5.372392236319417,10.753877879430377,3.939526630963954,0.6780209154800397,0.9363146135851999,0.02550486238802248
0.9328395516236576,5.411992236319417,10.718177879430376,3.975226630963954,0.6780209154800397,0.9436396135851999,0.07952116238802247
0.9328395516236576,5.411992236319417,10.718177879430376,3.975226630963954,0.6780209154800397,0.9436396135851999,0.07952116238802247
1.0439235516236578,5.411992236319417,10.789577879430375,3.939526630963954,0.6661209154800397,0.9363146135851999,0.07952116238802247
1.0439235516236578,5.447692236319417,10.860977879430376,3.899826630963954,0.6661209154800397,0.9225816135851999,0.08592916238802246
1.1153345516236577,5.411992236319417,10.900677879430376,3.899826630963954,0.6661209154800397,0.9225816135851999,0.10607116238802249
1.1510395516236578,5.562792236319417,10.900677879430376,3.899826630963954,0.6606309154800397,0.9225816135851999,0.09966216238802249
1.2264155516236577,5.598492236319418,10.936377879430376,3.824426630963954,0.6725309154800397,0.9289906135851997,0.08592916238802246
1.3017955516236577,5.6381922363194175,11.007777879430376,3.8641266309639537,0.6542219154800396,0.9225816135851999,0.09325416238802249
1.3375055516236576,5.713492236319418,11.007777879430376,3.824426630963954,0.6606309154800397,0.9363146135851999,0.1262131623880225
1.4089155516236576,5.788892236319418,11.118877879430377,3.8641266309639537,0.6487289154800396,0.9436396135851999,0.07311216238802247
1.4089155516236576,5.749292236319418,11.118877879430377,3.824426630963954,0.6368269154800397,0.9289906135851997,0.1335371623880225
1.4089155516236576,5.749292236319418,11.118877879430377,3.824426630963954,0.6368269154800397,0.9289906135851997,0.1335371623880225
1.3732055516236576,5.824592236319418,11.154577879430375,3.7887266309639536,0.6487289154800396,0.9289906135851997,0.11339516238802248
1.5557055516236578,5.899992236319418,11.118877879430377,3.7887266309639536,0.6487289154800396,0.9225816135851999,0.1399461623880225
1.4842955516236576,5.899992236319418,11.229977879430376,3.6737266309639534,0.6542219154800396,0.9225816135851999,0.10607116238802249
1.5557055516236578,5.899992236319418,11.265677879430376,3.6737266309639534,0.6432349154800396,0.9225816135851999,0.1335371623880225
1.5557055516236578,5.899992236319418,11.265677879430376,3.6737266309639534,0.6432349154800396,0.9225816135851999,0.1335371623880225
1.5953755516236576,5.899992236319418,11.301377879430376,3.7133266309639534,0.6313339154800396,0.9225816135851999,0.1399461623880225
1.5953755516236576,6.050792236319417,11.337077879430376,3.598326630963953,0.6368269154800397,0.9088496135851998,0.07952116238802247
1.5557055516236578,5.9753922363194185,11.412477879430377,3.598326630963953,0.6249249154800396,0.9088496135851998,0.14635416238802246
1.5953755516236576,5.9753922363194185,11.483877879430375,3.562626630963953,0.6313339154800396,0.8951166135851998,0.08592916238802246
1.6667855516236576,6.050792236319417,11.523577879430377,3.3722266309639544,0.6432349154800396,0.9088496135851998,0.1262131623880225
1.7421655516236576,6.165792236319417,11.483877879430375,3.4118266309639544,0.6432349154800396,0.8951166135851998,0.1262131623880225
1.6310855516236578,6.126092236319417,11.523577879430377,3.3364266309639543,0.6194319154800396,0.8951166135851998,0.10607116238802249
1.7421655516236576,6.201492236319417,11.630677879430376,3.2968266309639542,0.6075299154800397,0.8804676135851999,0.1335371623880225
1.7421655516236576,6.201492236319417,11.630677879430376,3.2968266309639542,0.6075299154800397,0.8804676135851999,0.1335371623880225
1.7421655516236576,6.241192236319417,11.630677879430376,3.2254266309639537,0.6130229154800396,0.8740596135851998,0.1399461623880225
1.7421655516236576,6.241192236319417,11.630677879430376,3.2254266309639537,0.6130229154800396,0.8740596135851998,0.1399461623880225
1.7421655516236576,6.352292236319418,11.706077879430376,3.2254266309639537,0.6075299154800397,0.8877916135851998,0.09966216238802249
1.7024955516236577,6.352292236319418,11.706077879430376,3.2254266309639537,0.6020369154800397,0.8804676135851999,0.1399461623880225
1.6667855516236576,6.427692236319418,11.706077879430376,3.261126630963954,0.5837259154800396,0.8667346135851999,0.1399461623880225
1.7778755516236577,6.427692236319418,11.706077879430376,3.2254266309639537,0.5663309154800397,0.8804676135851999,0.15367916238802248
1.7024955516236577,6.467292236319418,11.777477879430377,3.3364266309639543,0.5544289154800396,0.8530016135851999,0.09325416238802249
1.7024955516236577,6.467292236319418,11.741777879430376,3.2968266309639542,0.5489359154800396,0.8667346135851999,0.15367916238802248
1.7024955516236577,6.467292236319418,11.741777879430376,3.2968266309639542,0.5489359154800396,0.8667346135851999,0.15367916238802248
1.7024955516236577,6.502992236319418,11.777477879430377,3.2968266309639542,0.5489359154800396,0.8603266135851998,0.1335371623880225
1.7421655516236576,6.578392236319418,11.777477879430377,3.261126630963954,0.5608379154800396,0.8804676135851999,0.1399461623880225
1.7778755516236577,6.578392236319418,11.706077879430376,3.261126630963954,0.5782329154800396,0.8877916135851998,0.16008716238802245
1.7421655516236576,6.578392236319418,11.777477879430377,3.261126630963954,0.5837259154800396,0.8877916135851998,0.11339516238802248
1.7421655516236576,6.653792236319418,11.777477879430377,3.261126630963954,0.5901349154800396,0.8740596135851998,0.15367916238802248
1.8135755516236576,6.764892236319417,11.777477879430377,3.185726630963954,0.5837259154800396,0.8465936135851998,0.10607116238802249
1.8492855516236577,6.7291922363194185,11.852777879430375,3.1500266309639535,0.5718239154800396,0.8465936135851998,0.1738201623880225
1.8492855516236577,6.7291922363194185,11.852777879430375,3.1500266309639535,0.5718239154800396,0.8465936135851998,0.1738201623880225
1.8492855516236577,6.7291922363194185,11.888577879430375,3.1500266309639535,0.5663309154800397,0.8465936135851998,0.1262131623880225
1.8135755516236576,6.689492236319417,11.924277879430376,3.1103266309639537,0.5608379154800396,0.8465936135851998,0.15367916238802248
1.8889555516236576,6.764892236319417,11.888577879430375,3.1103266309639537,0.5489359154800396,0.8392696135851998,0.1802291623880225
1.8889555516236576,6.7291922363194185,11.924277879430376,3.0746266309639534,0.5370339154800396,0.8319446135851998,0.10607116238802249
1.9246655516236577,6.804592236319417,11.888577879430375,3.0349266309639535,0.5306259154800397,0.8530016135851999,0.1664961623880225
1.8492855516236577,6.804592236319417,11.959977879430376,3.0349266309639535,0.5306259154800397,0.8392696135851998,0.1664961623880225
1.9603655516236578,6.804592236319417,11.959977879430376,3.0746266309639534,0.5489359154800396,0.8255366135851998,0.15367916238802248
1.9246655516236577,6.840292236319417,11.999577879430376,3.0746266309639534,0.5489359154800396,0.7980706135851998,0.16008716238802245
1.9603655516236578,6.879892236319417,12.035277879430376,2.959626630963953,0.5608379154800396,0.8118036135851998,0.11980416238802248
2.035745551623658,6.840292236319417,12.070977879430377,2.923826630963953,0.5544289154800396,0.8044786135851998,0.14635416238802246
2.035745551623658,6.915592236319419,12.070977879430377,2.9992266309639533,0.5425269154800396,0.8182116135851998,0.1802291623880225
2.035745551623658,6.955292236319419,12.035277879430376,2.959626630963953,0.5370339154800396,0.8118036135851998,0.15367916238802248
2.035745551623658,6.990992236319418,12.146377879430377,2.959626630963953,0.5196389154800396,0.8044786135851998,0.1664961623880225
2.142865551623658,6.955292236319419,12.070977879430377,2.923826630963953,0.5251319154800397,0.8118036135851998,0.1399461623880225
2.142865551623658,6.955292236319419,12.146377879430377,2.923826630963953,0.5251319154800397,0.8118036135851998,0.1335371623880225
2.107155551623658,6.915592236319419,12.217777879430376,2.8485266309639528,0.5306259154800397,0.7980706135851998,0.16008716238802245
2.182535551623658,6.955292236319419,12.106777879430377,2.923826630963953,0.5196389154800396,0.7696886135851998,0.1335371623880225
2.142865551623658,6.915592236319419,12.217777879430376,2.884226630963953,0.5425269154800396,0.7559566135851998,0.15367916238802248
2.218235551623658,6.915592236319419,12.217777879430376,2.923826630963953,0.5306259154800397,0.7495476135851998,0.1399461623880225
2.182535551623658,6.915592236319419,12.253477879430376,2.884226630963953,0.5306259154800397,0.7696886135851998,0.15367916238802248
2.2539455516236577,6.955292236319419,12.289177879430376,2.923826630963953,0.5306259154800397,0.7843376135851998,0.1664961623880225
2.218235551623658,6.955292236319419,12.217777879430376,2.8485266309639528,0.5196389154800396,0.8044786135851998,0.15367916238802248
2.3293255516236577,7.0306922363194175,12.328877879430376,2.8485266309639528,0.5077369154800396,0.8044786135851998,0.1664961623880225
2.2896555516236576,7.066392236319416,12.289177879430376,2.808826630963953,0.5132309154800396,0.7980706135851998,0.1335371623880225
2.3650255516236576,7.141792236319418,12.400277879430377,2.6977266309639543,0.5196389154800396,0.7980706135851998,0.15367916238802248
2.4007355516236575,7.181392236319418,12.364577879430376,2.6580266309639544,0.4894269154800397,0.7980706135851998,0.1664961623880225
2.3650255516236576,7.106092236319419,12.364577879430376,2.6977266309639543,0.4839339154800396,0.8044786135851998,0.1335371623880225
2.4007355516236575,7.181392236319418,12.364577879430376,2.6977266309639543,0.4839339154800396,0.7770136135851998,0.1738201623880225
2.4007355516236575,7.106092236319419,12.475677879430377,2.7334266309639528,0.4958359154800397,0.7770136135851998,0.11980416238802248
2.4007355516236575,7.106092236319419,12.435977879430377,2.7731266309639544,0.5077369154800396,0.7770136135851998,0.11339516238802248
2.4364355516236578,7.106092236319419,12.435977879430377,2.6977266309639543,0.5132309154800396,0.7843376135851998,0.1802291623880225
2.4364355516236578,7.066392236319416,12.511377879430375,2.7334266309639528,0.5196389154800396,0.7843376135851998,0.1335371623880225
2.4761155516236575,7.066392236319416,12.475677879430377,2.7334266309639528,0.5251319154800397,0.7843376135851998,0.1802291623880225
2.4761155516236575,7.066392236319416,12.511377879430375,2.7731266309639544,0.5077369154800396,0.7696886135851998,0.16008716238802245
2.5118155516236578,7.141792236319418,12.475677879430377,2.8485266309639528,0.4839339154800396,0.7696886135851998,0.11339516238802248
2.5118155516236578,7.141792236319418,12.547077879430375,2.8485266309639528,0.4665389154800397,0.7632806135851998,0.15367916238802248
2.5475255516236577,7.106092236319419,12.547077879430375,2.7334266309639528,0.47203191548003964,0.7632806135851998,0.11339516238802248
2.5832255516236575,7.141792236319418,12.547077879430375,2.6977266309639543,0.4601299154800397,0.7559566135851998,0.11980416238802248
2.5832255516236575,7.141792236319418,12.582777879430376,2.622326630963954,0.47203191548003964,0.7770136135851998,0.1738201623880225
2.5832255516236575,7.217192236319416,12.547077879430375,2.582726630963954,0.4601299154800397,0.7696886135851998,0.1262131623880225
2.6229055516236577,7.332192236319418,12.582777879430376,2.6580266309639544,0.4665389154800397,0.7632806135851998,0.1664961623880225
2.7300155516236577,7.367892236319417,12.622477879430376,2.582726630963954,0.4482279154800396,0.7358146135851997,0.16008716238802245
2.7300155516236577,7.367892236319417,12.622477879430376,2.582726630963954,0.4482279154800396,0.7358146135851997,0.16008716238802245
2.7300155516236577,7.443292236319419,12.729577879430376,2.582726630963954,0.4427349154800396,0.7284906135851998,0.1262131623880225
2.694315551623658,7.518692236319417,12.729577879430376,2.582726630963954,0.43083291548003966,0.7358146135851997,0.1664961623880225
2.769695551623658,7.482992236319419,12.765277879430377,2.5470266309639538,0.40153591548003964,0.7632806135851998,0.11980416238802248
2.8053955516236577,7.558292236319417,12.765277879430377,2.507326630963954,0.40153591548003964,0.7696886135851998,0.14635416238802246
2.8053955516236577,7.482992236319419,12.804977879430377,2.5470266309639538,0.39604291548003967,0.7495476135851998,0.1399461623880225
2.8053955516236577,7.518692236319417,12.876377879430375,2.5470266309639538,0.4070289154800396,0.7422236135851998,0.1262131623880225
2.8411055516236576,7.633692236319419,12.876377879430375,2.5470266309639538,0.4134379154800396,0.7284906135851998,0.1738201623880225
2.9164855516236576,7.558292236319417,12.951777879430376,2.431926630963954,0.43083291548003966,0.7147576135851998,0.16008716238802245
2.8768055516236575,7.593992236319419,12.951777879430376,2.3962266309639535,0.4253399154800397,0.7211656135851998,0.14635416238802246
2.9521855516236575,7.633692236319419,12.987477879430376,2.3565266309639537,0.4253399154800397,0.7074336135851998,0.14635416238802246
2.9521855516236575,7.709092236319417,13.058877879430376,2.3962266309639535,0.4134379154800396,0.7211656135851998,0.16008716238802245
3.0235955516236577,7.7447922363194195,13.058877879430376,2.431926630963954,0.4070289154800396,0.7422236135851998,0.1399461623880225
2.9521855516236575,7.820192236319418,13.098577879430376,2.431926630963954,0.40153591548003964,0.7422236135851998,0.1802291623880225
3.0235955516236577,7.820192236319418,13.134277879430377,2.4716266309639536,0.3841409154800396,0.7211656135851998,0.1262131623880225
3.1346855516236576,7.859892236319418,13.134277879430377,2.3962266309639535,0.36583091548003965,0.7284906135851998,0.11339516238802248
3.0989755516236577,7.970892236319418,13.169977879430377,2.3962266309639535,0.36033691548003965,0.7495476135851998,0.1664961623880225
3.170385551623658,7.970892236319418,13.205677879430375,2.2454266309639532,0.3548439154800397,0.7632806135851998,0.11980416238802248
3.0989755516236577,7.970892236319418,13.134277879430377,2.2454266309639532,0.36583091548003965,0.7074336135851998,0.1802291623880225
3.1346855516236576,7.895592236319416,13.169977879430377,2.2454266309639532,0.3722389154800396,0.7074336135851998,0.1335371623880225
3.1346855516236576,7.859892236319418,13.205677879430375,2.170126630963953,0.3548439154800397,0.6872916135851999,0.1802291623880225
3.170385551623658,7.895592236319416,13.169977879430377,2.130426630963953,0.3484359154800396,0.6872916135851999,0.1335371623880225
3.2100655516236576,7.859892236319418,13.169977879430377,2.130426630963953,0.32463191548003967,0.7010246135851999,0.1262131623880225
3.1346855516236576,7.935192236319416,13.241377879430376,2.205826630963953,0.3136459154800396,0.7010246135851999,0.18663716238802247
3.2100655516236576,7.895592236319416,13.205677879430375,2.0947266309639545,0.3072369154800396,0.6937006135851997,0.1399461623880225
3.1346855516236576,7.970892236319418,13.281077879430375,2.130426630963953,0.30174391548003965,0.6799676135851997,0.1939621623880225
3.245765551623658,7.935192236319416,13.281077879430375,2.205826630963953,0.3072369154800396,0.7074336135851998,0.1939621623880225
3.1346855516236576,7.935192236319416,13.316777879430376,2.205826630963953,0.3136459154800396,0.7358146135851997,0.1399461623880225
3.0989755516236577,8.010592236319418,13.316777879430376,2.170126630963953,0.3136459154800396,0.7422236135851998,0.18663716238802247
3.245765551623658,7.935192236319416,13.281077879430375,2.130426630963953,0.33104091548003967,0.7211656135851998,0.20677916238802252
3.281475551623658,7.935192236319416,13.352477879430376,2.170126630963953,0.3484359154800396,0.6872916135851999,0.1664961623880225
3.281475551623658,8.121692236319419,13.316777879430376,2.130426630963953,0.3429419154800396,0.6726436135851999,0.18663716238802247
3.3568455516236577,8.121692236319419,13.388177879430376,2.130426630963953,0.32463191548003967,0.6799676135851997,0.16008716238802245
3.3568455516236577,8.121692236319419,13.388177879430376,2.130426630963953,0.32463191548003967,0.6799676135851997,0.16008716238802245
3.3925555516236576,8.27239223631942,13.463577879430376,2.055026630963953,0.2779399154800396,0.6872916135851999,0.1939621623880225
3.3925555516236576,8.27239223631942,13.499277879430377,2.130426630963953,0.23124791548003965,0.6937006135851997,0.1939621623880225
3.3925555516236576,8.308192236319417,13.499277879430377,2.055026630963953,0.2074439154800396,0.6726436135851999,0.1802291623880225
3.3925555516236576,8.383492236319416,13.463577879430376,1.9796266309639527,0.22483891548003965,0.6872916135851999,0.1802291623880225
3.463965551623658,8.308192236319417,13.534977879430375,1.9796266309639527,0.25413591548003966,0.7074336135851998,0.18663716238802247
3.3925555516236576,8.458892236319418,13.463577879430376,1.9043266309639542,0.27244691548003963,0.7074336135851998,0.20037016238802247
3.3925555516236576,8.42319223631942,13.463577879430376,1.9796266309639527,0.26603791548003963,0.6937006135851997,0.20037016238802247
3.3925555516236576,8.42319223631942,13.610377879430375,2.0193266309639544,0.26054491548003966,0.6799676135851997,0.20037016238802247
3.3568455516236577,8.42319223631942,13.534977879430375,1.9043266309639542,0.26054491548003966,0.6525016135851998,0.1664961623880225
3.3568455516236577,8.347792236319417,13.534977879430375,1.9043266309639542,0.24864291548003958,0.6525016135851998,0.1939621623880225
3.3925555516236576,8.232792236319419,13.534977879430375,1.8328266309639538,0.25413591548003966,0.6799676135851997,0.1802291623880225
3.4282655516236575,8.161392236319418,13.534977879430375,1.7932266309639537,0.24864291548003958,0.7010246135851999,0.16008716238802245
3.4282655516236575,8.121692236319419,13.499277879430377,1.7178266309639536,0.25413591548003966,0.6872916135851999,0.21410316238802252
3.3925555516236576,8.121692236319419,13.570677879430376,1.6821266309639533,0.26603791548003963,0.6387686135851998,0.15367916238802248
3.5036355516236575,8.085992236319417,13.534977879430375,1.6424266309639535,0.24864291548003958,0.6039786135851998,0.20037016238802247
3.3925555516236576,8.161392236319418,13.646077879430376,1.6424266309639535,0.22483891548003965,0.5966546135851998,0.20037016238802247
3.463965551623658,8.010592236319418,13.610377879430375,1.7178266309639536,0.1836409154800397,0.6039786135851998,0.1664961623880225
3.463965551623658,8.010592236319418,13.610377879430375,1.7178266309639536,0.1836409154800397,0.6039786135851998,0.1664961623880225
3.5036355516236575,7.970892236319418,13.646077879430376,1.7932266309639537,0.15983691548003964,0.6314446135851999,0.21410316238802252
3.5036355516236575,7.935192236319416,13.646077879430376,1.7178266309639536,0.1717389154800396,0.6525016135851998,0.1939621623880225
3.5750555516236577,8.046292236319417,13.534977879430375,1.7178266309639536,0.25413591548003966,0.6525016135851998,0.22051216238802251
3.614725551623658,8.046292236319417,13.646077879430376,1.6424266309639535,0.30174391548003965,0.6250356135851998,0.1802291623880225
3.5036355516236575,8.010592236319418,13.570677879430376,1.6424266309639535,0.29533491548003965,0.6250356135851998,0.20037016238802247
3.5036355516236575,8.046292236319417,13.610377879430375,1.6424266309639535,0.26603791548003963,0.6177116135851998,0.21410316238802252
3.5750555516236577,7.895592236319416,13.610377879430375,1.6821266309639533,0.23124791548003965,0.6177116135851998,0.1664961623880225
3.5036355516236575,7.859892236319418,13.681777879430376,1.7178266309639536,0.20103591548003963,0.6103876135851998,0.20677916238802252
3.5036355516236575,7.859892236319418,13.717477879430376,1.7932266309639537,0.20103591548003963,0.6039786135851998,0.15367916238802248
3.463965551623658,7.784492236319419,13.681777879430376,1.7575266309639535,0.2074439154800396,0.6103876135851998,0.1802291623880225
3.539345551623658,7.784492236319419,13.610377879430375,1.7575266309639535,0.21934591548003968,0.5829216135851998,0.1802291623880225
3.539345551623658,7.709092236319417,13.646077879430376,1.7575266309639535,0.19554291548003966,0.5829216135851998,0.22051216238802251
3.463965551623658,7.784492236319419,13.570677879430376,1.7178266309639536,0.1836409154800397,0.6177116135851998,0.20677916238802252
3.4282655516236575,7.709092236319417,13.646077879430376,1.8328266309639538,0.20103591548003963,0.6314446135851999,0.1664961623880225
3.463965551623658,7.7447922363194195,13.570677879430376,1.6424266309639535,0.2129379154800396,0.6250356135851998,0.22051216238802251
3.4282655516236575,7.7447922363194195,13.534977879430375,1.6821266309639533,0.2074439154800396,0.5966546135851998,0.1664961623880225
3.3925555516236576,7.7447922363194195,13.534977879430375,1.7178266309639536,0.20103591548003963,0.6039786135851998,0.21410316238802252
3.5036355516236575,7.895592236319416,13.499277879430377,1.6424266309639535,0.2129379154800396,0.6387686135851998,0.20037016238802247
3.5036355516236575,7.895592236319416,13.427877879430376,1.7178266309639536,0.16624591548003964,0.6387686135851998,0.1738201623880225
3.3568455516236577,7.895592236319416,13.388177879430376,1.7178266309639536,0.13053991548003963,0.6250356135851998,0.21410316238802252
3.3171755516236576,8.046292236319417,13.316777879430376,1.7178266309639536,0.08384791548003961,0.5902456135851998,0.20677916238802252
3.463965551623658,7.970892236319418,13.316777879430376,1.7575266309639535,0.07743891548003962,0.5966546135851998,0.20037016238802247
3.463965551623658,7.970892236319418,13.316777879430376,1.7575266309639535,0.07743891548003962,0.5966546135851998,0.20037016238802247
3.281475551623658,8.046292236319417,13.352477879430376,1.8686266309639539,0.08934091548003964,0.6314446135851999,0.1664961623880225
3.281475551623658,8.046292236319417,13.352477879430376,1.8686266309639539,0.08934091548003964,0.6314446135851999,0.1664961623880225
3.3171755516236576,8.121692236319419,13.316777879430376,1.8686266309639539,0.13053991548003963,0.6589106135851999,0.1939621623880225
3.4282655516236575,7.935192236319416,13.241377879430376,1.9439266309639542,0.19004891548003966,0.6662346135851998,0.1802291623880225
3.3568455516236577,7.895592236319416,13.316777879430376,1.9439266309639542,0.21934591548003968,0.6662346135851998,0.22051216238802251
3.3171755516236576,7.970892236319418,13.316777879430376,1.9796266309639527,0.21934591548003968,0.6799676135851997,0.1664961623880225
3.3568455516236577,7.970892236319418,13.388177879430376,2.0947266309639545,0.19554291548003966,0.6525016135851998,0.20037016238802247
3.3568455516236577,7.970892236319418,13.388177879430376,2.0947266309639545,0.19554291548003966,0.6525016135851998,0.20037016238802247
3.463965551623658,8.046292236319417,13.388177879430376,2.0947266309639545,0.15434391548003967,0.6039786135851998,0.2269211623880225
3.5036355516236575,8.085992236319417,13.388177879430376,2.0193266309639544,0.12504691548003966,0.5902456135851998,0.1664961623880225
3.5750555516236577,8.121692236319419,13.316777879430376,2.055026630963953,0.11314491548003963,0.6872916135851999,0.20677916238802252
3.614725551623658,8.121692236319419,13.388177879430376,1.9439266309639542,0.12504691548003966,0.6799676135851997,0.1738201623880225
3.6861355516236576,8.121692236319419,13.388177879430376,1.9439266309639542,0.13053991548003963,0.6525016135851998,0.21410316238802252
3.6504255516236577,8.121692236319419,13.352477879430376,1.9439266309639542,0.13053991548003963,0.6314446135851999,0.1802291623880225
3.6504255516236577,8.085992236319417,13.388177879430376,1.9439266309639542,0.09574991548003964,0.5902456135851998,0.18663716238802247
3.6504255516236577,8.085992236319417,13.388177879430376,1.9439266309639542,0.09574991548003964,0.5902456135851998,0.18663716238802247
3.5036355516236575,8.161392236319418,13.427877879430376,1.8686266309639539,0.15983691548003964,0.5343985135851999,0.21410316238802252
3.614725551623658,8.161392236319418,13.463577879430376,1.9043266309639542,0.19004891548003966,0.5206656135851998,0.2342451623880225
3.7218455516236575,8.197092236319417,13.316777879430376,1.7575266309639535,0.1717389154800396,0.5554556135851998,0.18663716238802247
3.7218455516236575,8.161392236319418,13.499277879430377,1.7932266309639537,0.1717389154800396,0.6387686135851998,0.20037016238802247
3.6504255516236577,8.161392236319418,13.534977879430375,1.7932266309639537,0.13694891548003962,0.6799676135851997,0.22051216238802251
3.6861355516236576,8.161392236319418,13.570677879430376,1.7575266309639535,0.08934091548003964,0.6662346135851998,0.1664961623880225
3.7218455516236575,8.121692236319419,13.534977879430375,1.7178266309639536,0.05455091548003965,0.6103876135851998,0.21410316238802252
3.7218455516236575,8.121692236319419,13.534977879430375,1.7178266309639536,0.05455091548003965,0.6103876135851998,0.21410316238802252
3.7615155516236576,8.197092236319417,13.534977879430375,1.7575266309639535,0.06004391548003962,0.5481314135851998,0.1802291623880225
3.7218455516236575,8.27239223631942,13.570677879430376,1.7178266309639536,0.09574991548003964,0.5279898135851998,0.20677916238802252
3.6504255516236577,8.383492236319416,13.570677879430376,1.6424266309639535,0.15434391548003967,0.5133414135851998,0.2269211623880225
3.797215551623658,8.42319223631942,13.534977879430375,1.6821266309639533,0.15434391548003967,0.5343985135851999,0.20037016238802247
3.832925551623658,8.498592236319418,13.570677879430376,1.6067266309639532,0.14885091548003965,0.5481314135851998,0.2406541623880225
3.832925551623658,8.573992236319416,13.681777879430376,1.6424266309639535,0.13694891548003962,0.5902456135851998,0.1939621623880225
3.8686255516236576,8.534292236319416,13.757077879430376,1.6067266309639532,0.10124291548003966,0.6387686135851998,0.1738201623880225
3.908305551623658,8.498592236319418,13.717477879430376,1.6067266309639532,0.10124291548003966,0.6662346135851998,0.2342451623880225
3.832925551623658,8.573992236319416,13.757077879430376,1.491726630963953,0.10765191548003966,0.6387686135851998,0.1738201623880225
3.8686255516236576,8.573992236319416,13.792777879430377,1.4560266309639545,0.12504691548003966,0.5618643135851998,0.21410316238802252
3.908305551623658,8.609692236319418,13.828577879430377,1.4163266309639528,0.15434391548003967,0.5417227135851999,0.22051216238802251
3.9797155516236575,8.609692236319418,13.828577879430377,1.229826630963954,0.1717389154800396,0.5554556135851998,0.2269211623880225
3.8686255516236576,8.573992236319416,13.828577879430377,1.229826630963954,0.15983691548003964,0.5554556135851998,0.1738201623880225
3.908305551623658,8.649292236319418,13.903877879430375,1.1901266309639542,0.13694891548003962,0.4996085135851998,0.1738201623880225
3.908305551623658,8.609692236319418,13.939577879430376,1.1148266309639538,0.10124291548003966,0.4931998135851998,0.22051216238802251
3.908305551623658,8.649292236319418,13.939577879430376,1.0394266309639537,0.07194591548003965,0.4996085135851998,0.15367916238802248
3.908305551623658,8.800092236319419,13.975277879430376,0.9640266309639536,0.06004391548003962,0.5481314135851998,0.1939621623880225
4.015415551623658,8.800092236319419,13.975277879430376,1.0037266309639534,0.08934091548003964,0.5618643135851998,0.21410316238802252
4.015415551623658,8.800092236319419,13.975277879430376,1.0037266309639534,0.08934091548003964,0.5133414135851998,0.15367916238802248
4.015415551623658,8.875492236319417,13.975277879430376,1.0394266309639537,0.11863791548003966,0.4584097535851998,0.21410316238802252
4.0550955516236575,8.835792236319417,14.086377879430376,1.1148266309639538,0.14885091548003965,0.4721426635851998,0.1802291623880225
4.0550955516236575,8.684992236319417,14.046777879430376,1.1148266309639538,0.16624591548003964,0.5343985135851999,0.22051216238802251
4.0550955516236575,8.724692236319417,14.046777879430376,1.1901266309639542,0.16624591548003964,0.5829216135851998,0.21410316238802252
4.0550955516236575,8.609692236319418,14.086377879430376,1.2655266309639543,0.19554291548003966,0.5691886135851998,0.1802291623880225
4.126505551623658,8.534292236319416,14.193477879430375,1.3409266309639545,0.1781479154800396,0.5343985135851999,0.20037016238802247
4.162205551623658,8.458892236319418,14.157777879430377,1.531326630963953,0.1781479154800396,0.5279898135851998,0.1399461623880225
4.237585551623658,8.534292236319416,14.157777879430377,1.4560266309639545,0.16624591548003964,0.5481314135851998,0.18663716238802247
4.273295551623658,8.458892236319418,14.157777879430377,1.5670266309639533,0.14885091548003965,0.5618643135851998,0.18663716238802247
4.201885551623658,8.27239223631942,14.193477879430375,1.6424266309639535,0.11863791548003966,0.5554556135851998,0.1399461623880225
4.273295551623658,8.161392236319418,14.193477879430375,1.6821266309639533,0.11314491548003963,0.5481314135851998,0.1738201623880225
4.273295551623658,7.970892236319418,14.122077879430377,1.7575266309639535,0.10124291548003966,0.5829216135851998,0.1939621623880225
4.308995551623657,7.859892236319418,14.193477879430375,1.7178266309639536,0.15983691548003964,0.5902456135851998,0.16008716238802245
4.237585551623658,7.784492236319419,14.122077879430377,1.7178266309639536,0.22483891548003965,0.5902456135851998,0.20677916238802252
4.237585551623658,7.784492236319419,14.122077879430377,1.7178266309639536,0.22483891548003965,0.5902456135851998,0.20677916238802252
4.308995551623657,7.669392236319418,14.086377879430376,1.7178266309639536,0.2898419154800397,0.5618643135851998,0.1664961623880225
4.348675551623658,7.669392236319418,14.086377879430376,1.6821266309639533,0.2898419154800397,0.5133414135851998,0.1738201623880225
4.384375551623657,7.518692236319417,14.122077879430377,1.6821266309639533,0.27244691548003963,0.4858756135851998,0.20677916238802252
4.384375551623657,7.518692236319417,14.157777879430377,1.6821266309639533,0.24223391548003959,0.4858756135851998,0.1664961623880225
4.384375551623657,7.518692236319417,14.157777879430377,1.7178266309639536,0.20103591548003963,0.4996085135851998,0.1738201623880225
4.4557855516236575,7.407592236319417,14.086377879430376,1.7178266309639536,0.15983691548003964,0.4858756135851998,0.1664961623880225
4.5311655516236575,7.518692236319417,14.086377879430376,1.7575266309639535,0.13053991548003963,0.4721426635851998,0.15367916238802248
4.4557855516236575,7.482992236319419,14.086377879430376,1.6821266309639533,0.12504691548003966,0.4931998135851998,0.1802291623880225
4.495465551623657,7.709092236319417,14.086377879430376,1.6067266309639532,0.15983691548003964,0.5554556135851998,0.16008716238802245
4.4557855516236575,7.784492236319419,14.046777879430376,1.491726630963953,0.1836409154800397,0.5133414135851998,0.1738201623880225
4.348675551623658,7.895592236319416,14.046777879430376,1.491726630963953,0.20103591548003963,0.4648184475851998,0.1335371623880225
4.384375551623657,8.010592236319418,13.939577879430376,1.3806266309639543,0.22483891548003965,0.4721426635851998,0.1802291623880225
4.420085551623657,8.046292236319417,13.975277879430376,1.4163266309639528,0.19554291548003966,0.4931998135851998,0.1738201623880225
4.348675551623658,8.121692236319419,14.010977879430376,1.3806266309639543,0.13694891548003962,0.5343985135851999,0.1262131623880225
4.273295551623658,8.121692236319419,14.046777879430376,1.229826630963954,0.10765191548003966,0.5765126135851998,0.1802291623880225
4.273295551623658,8.27239223631942,13.864277879430377,1.229826630963954,0.09574991548003964,0.5618643135851998,0.14635416238802246
4.273295551623658,8.383492236319416,13.828577879430377,1.229826630963954,0.07194591548003965,0.4931998135851998,0.1399461623880225
4.273295551623658,8.573992236319416,13.903877879430375,1.0394266309639537,0.08384791548003961,0.4648184475851998,0.1939621623880225
4.273295551623658,8.835792236319417,13.903877879430375,0.9283266309639533,0.11863791548003966,0.4858756135851998,0.11980416238802248
4.273295551623658,8.986592236319417,13.864277879430377,0.9640266309639536,0.11863791548003966,0.5417227135851999,0.1399461623880225
4.162205551623658,9.026192236319417,13.828577879430377,0.9640266309639536,0.13053991548003963,0.5554556135851998,0.1802291623880225
4.273295551623658,9.026192236319417,13.828577879430377,0.8529266309639532,0.09574991548003964,0.5343985135851999,0.1664961623880225
4.201885551623658,8.986592236319417,13.828577879430377,0.8886266309639534,0.07743891548003962,0.5279898135851998,0.18663716238802247
4.201885551623658,8.911192236319419,13.792777879430377,0.777526630963953,0.09574991548003964,0.5343985135851999,0.1802291623880225
4.273295551623658,8.911192236319419,13.757077879430376,0.8133266309639531,0.07743891548003962,0.5554556135851998,0.14635416238802246
4.201885551623658,8.760392236319419,13.717477879430376,0.9640266309639536,0.04264891548003963,0.4996085135851998,0.16008716238802245
4.126505551623658,8.649292236319418,13.646077879430376,1.0791266309639536,0.025253915480039635,0.4172110135851998,0.1335371623880225
4.201885551623658,8.649292236319418,13.610377879430375,1.1148266309639538,0.030747915480039634,0.3961539135851998,0.1802291623880225
4.162205551623658,8.684992236319417,13.646077879430376,1.2655266309639543,0.03624091548003966,0.44467681358519984,0.18663716238802247
4.237585551623658,8.760392236319419,13.646077879430376,1.3052266309639542,0.08934091548003964,0.5279898135851998,0.14635416238802246
4.201885551623658,8.800092236319419,13.717477879430376,1.4163266309639528,0.12504691548003966,0.6177116135851998,0.20037016238802247
4.308995551623657,8.724692236319417,13.681777879430376,1.4560266309639545,0.13053991548003963,0.6872916135851999,0.20677916238802252
4.308995551623657,8.760392236319419,13.646077879430376,1.4163266309639528,0.14244191548003965,0.6799676135851997,0.14635416238802246
4.237585551623658,8.760392236319419,13.646077879430376,1.491726630963953,0.11314491548003963,0.6589106135851999,0.20037016238802247
4.237585551623658,8.724692236319417,13.499277879430377,1.491726630963953,0.06645291548003962,0.6177116135851998,0.16008716238802245
4.201885551623658,8.534292236319416,13.499277879430377,1.531326630963953,0.030747915480039634,0.5691886135851998,0.14635416238802246
4.090795551623658,8.498592236319418,13.388177879430376,1.531326630963953,0.004958084519960382,0.4721426635851998,0.1939621623880225
4.090795551623658,8.347792236319417,13.388177879430376,1.531326630963953,0.0014509154800396162,0.3961539135851998,0.16008716238802245
4.015415551623658,7.859892236319418,13.388177879430376,1.491726630963953,0.04814291548003963,0.4721426635851998,0.1738201623880225
4.0550955516236575,7.709092236319417,13.352477879430376,1.5670266309639533,0.07194591548003965,0.5765126135851998,0.16008716238802245
4.015415551623658,7.443292236319419,13.427877879430376,1.531326630963953,0.11314491548003963,0.5966546135851998,0.20037016238802247
4.090795551623658,7.217192236319416,13.463577879430376,1.4560266309639545,0.1717389154800396,0.5691886135851998,0.1399461623880225
4.273295551623658,7.181392236319418,13.499277879430377,1.4163266309639528,0.2129379154800396,0.5417227135851999,0.1664961623880225
4.237585551623658,7.181392236319418,13.610377879430375,1.2655266309639543,0.24223391548003959,0.5279898135851998,0.1802291623880225
4.126505551623658,7.066392236319416,13.610377879430375,1.1901266309639542,0.25413591548003966,0.5206656135851998,0.16008716238802245
4.273295551623658,6.915592236319419,13.499277879430377,1.0791266309639536,0.2074439154800396,0.4794669135851998,0.20037016238802247
4.384375551623657,6.955292236319419,13.570677879430376,1.0791266309639536,0.1781479154800396,0.4309439135851998,0.1802291623880225
4.384375551623657,6.955292236319419,13.570677879430376,1.0791266309639536,0.1781479154800396,0.4309439135851998,0.1802291623880225
4.348675551623658,6.840292236319417,13.646077879430376,0.8529266309639532,0.15983691548003964,0.4172110135851998,0.1664961623880225
4.308995551623657,6.764892236319417,13.610377879430375,0.8133266309639531,0.14244191548003965,0.4584097535851998,0.1802291623880225
4.384375551623657,6.879892236319417,13.534977879430375,0.8133266309639531,0.12504691548003966,0.4858756135851998,0.1939621623880225
4.420085551623657,6.955292236319419,13.646077879430376,0.8529266309639532,0.11863791548003966,0.4309439135851998,0.14635416238802246
4.420085551623657,7.0306922363194175,13.717477879430376,0.9283266309639533,0.07194591548003965,0.3686881135851998,0.21410316238802252
4.384375551623657,7.217192236319416,13.681777879430376,1.0037266309639534,0.07743891548003962,0.3613636135851998,0.1664961623880225
4.4557855516236575,7.367892236319417,13.570677879430376,1.0791266309639536,0.11314491548003963,0.4025626135851998,0.1939621623880225
4.308995551623657,7.367892236319417,13.681777879430376,1.1901266309639542,0.15434391548003967,0.4584097535851998,0.1939621623880225
4.273295551623658,7.443292236319419,13.681777879430376,1.2655266309639543,0.16624591548003964,0.4721426635851998,0.15367916238802248
4.237585551623658,7.518692236319417,13.570677879430376,1.4163266309639528,0.14885091548003965,0.5279898135851998,0.1664961623880225
4.273295551623658,7.518692236319417,13.534977879430375,1.4560266309639545,0.11314491548003963,0.5765126135851998,0.18663716238802247
4.201885551623658,7.820192236319418,13.570677879430376,1.4560266309639545,0.10765191548003966,0.5829216135851998,0.16008716238802245
4.201885551623658,8.046292236319417,13.570677879430376,1.4560266309639545,0.10765191548003966,0.6250356135851998,0.1664961623880225
4.201885551623658,8.121692236319419,13.534977879430375,1.4560266309639545,0.08934091548003964,0.5829216135851998,0.1262131623880225
4.348675551623658,8.161392236319418,13.534977879430375,1.491726630963953,0.07194591548003965,0.5481314135851998,0.1399461623880225
4.348675551623658,8.085992236319417,13.463577879430376,1.491726630963953,0.07743891548003962,0.5554556135851998,0.1738201623880225
4.348675551623658,8.085992236319417,13.463577879430376,1.491726630963953,0.07743891548003962,0.5554556135851998,0.1738201623880225
4.384375551623657,7.895592236319416,13.427877879430376,1.4163266309639528,0.10765191548003966,0.5765126135851998,0.1399461623880225
4.237585551623658,8.046292236319417,13.352477879430376,1.2655266309639543,0.13053991548003963,0.5829216135851998,0.20677916238802252
4.237585551623658,8.121692236319419,13.281077879430375,1.1148266309639538,0.14885091548003965,0.5554556135851998,0.1664961623880225
4.348675551623658,8.085992236319417,13.241377879430376,1.1148266309639538,0.12504691548003966,0.4858756135851998,0.1335371623880225
4.384375551623657,8.161392236319418,13.241377879430376,0.9283266309639533,0.08384791548003961,0.4172110135851998,0.1738201623880225
4.384375551623657,8.121692236319419,13.352477879430376,0.737926630963953,0.030747915480039634,0.4236197135851998,0.15367916238802248
4.420085551623657,8.232792236319419,13.205677879430375,0.6268266309639543,0.04615708451996037,0.4858756135851998,0.10607116238802249
4.420085551623657,8.197092236319417,13.316777879430376,0.47602663096395403,0.06355208451996036,0.5133414135851998,0.15367916238802248
4.384375551623657,8.046292236319417,13.281077879430375,0.4007266309639519,0.03974808451996037,0.4931998135851998,0.11339516238802248
4.4557855516236575,7.935192236319416,13.316777879430376,0.32532663096395353,0.0014509154800396162,0.4648184475851998,0.16008716238802245
4.4557855516236575,7.7447922363194195,13.241377879430376,0.24992663096395518,0.04264891548003963,0.4721426635851998,0.1939621623880225
4.4557855516236575,7.633692236319419,13.205677879430375,0.17452663096395327,0.10124291548003966,0.44467681358519984,0.1262131623880225
4.348675551623658,7.2924922363194185,13.205677879430375,0.2142266309639531,0.10765191548003966,0.3961539135851998,0.20037016238802247
4.308995551623657,7.0306922363194175,13.316777879430376,0.17452663096395327,0.12504691548003966,0.3201656135851998,0.1335371623880225
4.273295551623658,6.764892236319417,13.205677879430375,0.32532663096395353,0.13053991548003963,0.2917836135851998,0.1262131623880225
4.308995551623657,6.502992236319418,13.134277879430377,0.5871266309639545,0.11314491548003963,0.2853746135851998,0.18663716238802247
4.348675551623658,6.2768922363194175,13.241377879430376,0.7022266309639544,0.07194591548003965,0.2569936135851998,0.1399461623880225
4.308995551623657,6.2768922363194175,13.388177879430376,0.8886266309639534,0.10124291548003966,0.30551661358519977,0.1262131623880225
4.495465551623657,6.2768922363194175,13.427877879430376,1.1148266309639538,0.13694891548003962,0.3750968135851998,0.21410316238802252
4.602575551623658,6.352292236319418,13.388177879430376,1.3052266309639542,0.15983691548003964,0.4236197135851998,0.1262131623880225
4.642255551623657,6.316592236319417,13.463577879430376,1.4560266309639545,0.22483891548003965,0.4584097535851998,0.1939621623880225
4.713665551623658,6.502992236319418,13.388177879430376,1.491726630963953,0.2779399154800396,0.5133414135851998,0.18663716238802247
4.677955551623658,6.618092236319418,13.316777879430376,1.6067266309639532,0.3072369154800396,0.5829216135851998,0.1664961623880225
4.749365551623658,6.764892236319417,13.281077879430375,1.5670266309639533,0.2834329154800397,0.6103876135851998,0.1802291623880225
4.713665551623658,7.0306922363194175,13.281077879430375,1.6067266309639532,0.22483891548003965,0.5765126135851998,0.1939621623880225
4.713665551623658,7.066392236319416,13.205677879430375,1.6821266309639533,0.12504691548003966,0.5206656135851998,0.15367916238802248
4.713665551623658,7.181392236319418,13.098577879430376,1.7932266309639537,0.03624091548003966,0.4794669135851998,0.1802291623880225
4.789035551623658,7.181392236319418,13.058877879430376,1.9043266309639542,0.01884591548003961,0.43735261358519983,0.1664961623880225
4.602575551623658,7.443292236319419,13.098577879430376,1.7932266309639537,0.01335291548003964,0.4721426635851998,0.18663716238802247
4.602575551623658,7.443292236319419,13.098577879430376,1.7932266309639537,0.01335291548003964,0.4721426635851998,0.18663716238802247
4.5311655516236575,7.709092236319417,13.023177879430376,1.6067266309639532,0.07743891548003962,0.5133414135851998,0.20037016238802247
4.5311655516236575,7.7447922363194195,12.951777879430376,1.531326630963953,0.10765191548003966,0.4996085135851998,0.1399461623880225
4.384375551623657,7.633692236319419,12.876377879430375,1.3806266309639543,0.08934091548003964,0.4721426635851998,0.1664961623880225
4.348675551623658,7.443292236319419,12.804977879430377,1.1901266309639542,0.08934091548003964,0.5069327135851998,0.1738201623880225
4.201885551623658,7.332192236319418,12.765277879430377,0.9283266309639533,0.10765191548003966,0.5902456135851998,0.1664961623880225
4.162205551623658,7.443292236319419,12.729577879430376,0.737926630963953,0.11863791548003966,0.6314446135851999,0.1738201623880225
4.162205551623658,7.633692236319419,12.804977879430377,0.5871266309639545,0.13694891548003962,0.5618643135851998,0.15367916238802248
4.201885551623658,7.669392236319418,12.765277879430377,0.5117266309639525,0.08934091548003964,0.3824210135851998,0.18663716238802247
4.308995551623657,7.859892236319418,12.658177879430376,0.6268266309639543,0.04264891548003963,0.2853746135851998,0.18663716238802247
4.273295551623658,8.121692236319419,12.658177879430376,0.5871266309639545,0.03974808451996037,0.2917836135851998,0.1399461623880225
4.348675551623658,8.232792236319419,12.729577879430376,0.5871266309639545,0.09834208451996035,0.3961539135851998,0.20677916238802252
4.348675551623658,8.232792236319419,12.729577879430376,0.6625266309639528,0.12855408451996037,0.4996085135851998,0.1738201623880225
4.4557855516236575,8.046292236319417,12.622477879430376,0.8133266309639531,0.11024408451996037,0.5554556135851998,0.18663716238802247
4.5311655516236575,7.669392236319418,12.547077879430375,0.9640266309639536,0.03974808451996037,0.5618643135851998,0.1738201623880225
4.4557855516236575,7.518692236319417,12.475677879430377,1.0791266309639536,0.04264891548003963,0.5829216135851998,0.18663716238802247
4.4557855516236575,7.518692236319417,12.475677879430377,1.0791266309639536,0.04264891548003963,0.5829216135851998,0.18663716238802247
4.4557855516236575,7.367892236319417,12.400277879430377,1.2655266309639543,0.08384791548003961,0.5765126135851998,0.1664961623880225
4.420085551623657,6.578392236319418,12.435977879430377,1.5670266309639533,0.06645291548003962,0.4098868135851998,0.1335371623880225
4.420085551623657,6.578392236319418,12.435977879430377,1.5670266309639533,0.06645291548003962,0.4098868135851998,0.1335371623880225
4.566875551623657,6.3919922363194175,12.547077879430375,1.7178266309639536,0.05455091548003965,0.3750968135851998,0.16008716238802245
4.602575551623658,6.165792236319417,12.622477879430376,1.7932266309639537,0.10124291548003966,0.3888297135851998,0.22051216238802251
4.5311655516236575,5.9753922363194185,12.729577879430376,1.8328266309639538,0.13053991548003963,0.4584097535851998,0.1738201623880225
4.602575551623658,5.598492236319418,12.840677879430377,1.7178266309639536,0.14885091548003965,0.5618643135851998,0.1802291623880225
4.642255551623657,5.447692236319417,12.765277879430377,1.6067266309639532,0.12504691548003966,0.6177116135851998,0.1664961623880225
4.642255551623657,5.447692236319417,12.765277879430377,1.6067266309639532,0.12504691548003966,0.6177116135851998,0.1664961623880225
4.602575551623658,5.411992236319417,12.765277879430377,1.4163266309639528,0.11863791548003966,0.5902456135851998,0.1738201623880225
4.420085551623657,5.372392236319417,12.804977879430377,1.3052266309639542,0.13694891548003962,0.4996085135851998,0.20677916238802252
4.495465551623657,5.749292236319418,12.840677879430377,0.9283266309639533,0.2074439154800396,0.3338976135851998,0.1664961623880225
4.5311655516236575,5.824592236319418,12.765277879430377,0.737926630963953,0.19554291548003966,0.3476306135851998,0.22051216238802251
4.5311655516236575,5.824592236319418,12.765277879430377,0.737926630963953,0.19554291548003966,0.3476306135851998,0.22051216238802251
4.566875551623657,5.899992236319418,12.729577879430376,0.7022266309639544,0.13053991548003963,0.4025626135851998,0.11339516238802248
4.5311655516236575,6.050792236319417,12.729577879430376,0.6268266309639543,0.08384791548003961,0.43735261358519983,0.18663716238802247
4.495465551623657,6.316592236319417,12.765277879430377,0.7022266309639544,0.08384791548003961,0.4309439135851998,0.18663716238802247
4.495465551623657,6.578392236319418,12.765277879430377,0.8133266309639531,0.04264891548003963,0.4098868135851998,0.1335371623880225
4.384375551623657,6.467292236319418,12.693877879430376,1.1148266309639538,0.022353084519960376,0.4858756135851998,0.18663716238802247
4.420085551623657,6.3919922363194175,12.658177879430376,1.229826630963954,0.006943915480039642,0.5069327135851998,0.11980416238802248
4.348675551623658,6.502992236319418,12.693877879430376,1.3409266309639545,0.08384791548003961,0.4584097535851998,0.18663716238802247
4.420085551623657,6.502992236319418,12.658177879430376,1.4163266309639528,0.20103591548003963,0.4025626135851998,0.1399461623880225
4.348675551623658,6.618092236319418,12.511377879430375,1.4560266309639545,0.25413591548003966,0.4172110135851998,0.15367916238802248
4.4557855516236575,6.7291922363194185,12.435977879430377,1.3806266309639543,0.27244691548003963,0.5417227135851999,0.2342451623880225
4.420085551623657,6.618092236319418,12.400277879430377,1.3052266309639542,0.23674091548003962,0.6387686135851998,0.1335371623880225
4.420085551623657,6.618092236319418,12.511377879430375,1.3409266309639545,0.15434391548003967,0.6451776135851999,0.1939621623880225
4.5311655516236575,6.467292236319418,12.364577879430376,1.3409266309639545,0.04264891548003963,0.6039786135851998,0.20037016238802247
4.642255551623657,6.502992236319418,12.328877879430376,1.3052266309639542,0.006943915480039642,0.5133414135851998,0.11980416238802248
4.642255551623657,6.352292236319418,12.328877879430376,1.0394266309639537,0.015944084519960378,0.4648184475851998,0.18663716238802247
4.677955551623658,6.201492236319417,12.146377879430377,0.9283266309639533,0.04264891548003963,0.4098868135851998,0.1664961623880225
4.677955551623658,5.939692236319418,12.106777879430377,0.777526630963953,0.10124291548003966,0.3128406135851998,0.1399461623880225
4.566875551623657,5.788892236319418,12.106777879430377,0.5871266309639545,0.14885091548003965,0.20938661358519983,0.22051216238802251
4.677955551623658,5.150192236319418,12.146377879430377,0.5117266309639525,0.13053991548003963,0.2716426135851998,0.1738201623880225
4.677955551623658,5.150192236319418,12.146377879430377,0.5117266309639525,0.13053991548003963,0.2716426135851998,0.1738201623880225
4.602575551623658,4.999392236319418,12.146377879430377,0.5514266309639524,0.13053991548003963,0.4098868135851998,0.1939621623880225
4.602575551623658,5.035092236319418,12.253477879430376,0.6268266309639543,0.10765191548003966,0.4794669135851998,0.1399461623880225
4.713665551623658,5.185892236319418,12.289177879430376,0.737926630963953,0.13053991548003963,0.4510855135851998,0.1939621623880225
4.713665551623658,5.185892236319418,12.289177879430376,0.9283266309639533,0.12504691548003966,0.3540396135851998,0.16008716238802245
4.677955551623658,5.411992236319417,12.182077879430375,1.229826630963954,0.10124291548003966,0.29910761358519977,0.11339516238802248
4.5311655516236575,5.6381922363194175,12.106777879430377,1.3409266309639545,0.04814291548003963,0.3476306135851998,0.2269211623880225
4.495465551623657,5.788892236319418,12.106777879430377,1.491726630963953,0.05455091548003965,0.4172110135851998,0.1399461623880225
4.5311655516236575,5.749292236319418,11.959977879430376,1.531326630963953,0.0014509154800396162,0.4510855135851998,0.21410316238802252
4.420085551623657,6.015092236319418,11.924277879430376,1.5670266309639533,0.01884591548003961,0.4931998135851998,0.2543871623880225
4.237585551623658,6.352292236319418,11.852777879430375,1.6067266309639532,0.05455091548003965,0.5343985135851999,0.09966216238802249
4.090795551623658,6.578392236319418,11.741777879430376,1.531326630963953,0.04264891548003963,0.5765126135851998,0.2342451623880225
4.126505551623658,6.427692236319418,11.448177879430377,1.1148266309639538,0.025253915480039635,0.6039786135851998,0.11980416238802248
3.908305551623658,6.502992236319418,11.483877879430375,1.0037266309639534,0.07743891548003962,0.5829216135851998,0.26720416238802247
3.7615155516236576,6.618092236319418,11.483877879430375,0.8133266309639531,0.06004391548003962,0.5069327135851998,0.1399461623880225
3.8686255516236576,6.578392236319418,11.483877879430375,0.6268266309639543,0.025253915480039635,0.4236197135851998,0.1738201623880225
3.7615155516236576,6.653792236319418,11.448177879430377,0.44032663096395197,0.03974808451996037,0.3613636135851998,0.24706216238802248
3.6861355516236576,6.502992236319418,11.483877879430375,0.17452663096395327,0.09284908451996038,0.4172110135851998,0.15367916238802248
3.797215551623658,6.352292236319418,11.483877879430375,0.011873369036045744,0.12214508451996037,0.5343985135851999,0.1802291623880225
3.797215551623658,6.015092236319418,11.523577879430377,0.23807336903604792,0.08094708451996036,0.5829216135851998,0.1738201623880225
3.908305551623658,5.673892236319418,11.337077879430376,0.20237336903604586,0.03974808451996037,0.5765126135851998,0.1399461623880225
3.908305551623658,5.3366922363194185,11.337077879430376,0.23807336903604792,0.015944084519960378,0.4721426635851998,0.18663716238802247
3.797215551623658,4.999392236319418,11.265677879430376,0.1269733690360475,0.025253915480039635,0.3613636135851998,0.18663716238802247
3.797215551623658,4.924092236319417,11.083177879430377,0.17452663096395327,0.01884591548003961,0.2505846135851998,0.1738201623880225
3.8686255516236576,4.808992236319417,11.047477879430376,0.4007266309639519,0.05455091548003965,0.1398066135851998,0.1802291623880225
3.832925551623658,4.471792236319418,11.047477879430376,0.5514266309639524,0.04264891548003963,0.1260736135851998,0.1738201623880225
4.0550955516236575,4.170292236319417,11.083177879430377,0.737926630963953,0.006943915480039642,0.2295276135851998,0.20037016238802247
4.237585551623658,3.979792236319417,11.047477879430376,0.9283266309639533,0.004958084519960382,0.4236197135851998,0.1802291623880225
4.273295551623658,4.2059922363194175,11.301377879430376,1.3052266309639542,0.030747915480039634,0.5765126135851998,0.1802291623880225
4.348675551623658,4.320992236319418,11.118877879430377,1.4560266309639545,0.04814291548003963,0.5133414135851998,0.1738201623880225
4.348675551623658,4.320992236319418,11.118877879430377,1.4560266309639545,0.04814291548003963,0.5133414135851998,0.1738201623880225
4.237585551623658,4.432092236319418,11.083177879430377,1.531326630963953,0.025253915480039635,0.44467681358519984,0.15367916238802248
4.162205551623658,4.733592236319417,10.972077879430376,1.3409266309639545,0.025253915480039635,0.4309439135851998,0.21410316238802252
4.126505551623658,4.999392236319418,11.007777879430376,1.229826630963954,0.006943915480039642,0.4172110135851998,0.1802291623880225
4.162205551623658,5.2215922363194185,10.972077879430376,1.0037266309639534,0.022353084519960376,0.3824210135851998,0.20677916238802252
4.126505551623658,4.924092236319417,10.900677879430376,0.8133266309639531,0.05165008451996034,0.3686881135851998,0.22051216238802251
4.015415551623658,4.658292236319419,10.860977879430376,0.777526630963953,0.10475008451996037,0.4309439135851998,0.15367916238802248
3.908305551623658,4.658292236319419,10.825277879430375,0.777526630963953,0.14594908451996036,0.5133414135851998,0.1802291623880225
3.797215551623658,4.773292236319417,10.900677879430376,0.8529266309639532,0.08735508451996038,0.5343985135851999,0.20037016238802247
3.6861355516236576,4.959792236319418,10.936377879430376,0.9283266309639533,0.03624091548003966,0.4236197135851998,0.15367916238802248
3.8686255516236576,5.185892236319418,11.007777879430376,1.1901266309639542,0.08384791548003961,0.3338976135851998,0.2269211623880225
4.0550955516236575,5.185892236319418,10.900677879430376,1.229826630963954,0.09574991548003964,0.3961539135851998,0.16008716238802245
4.090795551623658,5.110492236319418,10.972077879430376,1.2655266309639543,0.06004391548003962,0.5343985135851999,0.20037016238802247
4.090795551623658,4.5828922363194184,11.083177879430377,1.1901266309639542,0.11314491548003963,0.7010246135851999,0.20037016238802247
4.237585551623658,4.356692236319418,10.936377879430376,1.1901266309639542,0.13053991548003963,0.6387686135851998,0.1399461623880225
4.308995551623657,4.094892236319417,10.753877879430377,0.9640266309639536,0.11314491548003963,0.5279898135851998,0.20677916238802252
4.308995551623657,4.094892236319417,10.753877879430377,0.9640266309639536,0.11314491548003963,0.5279898135851998,0.20677916238802252
4.348675551623658,3.6822922363194177,10.531677879430376,0.7022266309639544,0.04264891548003963,0.3403066135851998,0.20677916238802252
4.384375551623657,3.6068922363194176,10.571377879430376,0.5871266309639545,0.04264891548003963,0.2231196135851998,0.15367916238802248
4.273295551623658,3.4164922363194172,10.531677879430376,0.44032663096395197,0.022353084519960376,0.1398066135851998,0.18663716238802247
4.162205551623658,3.079292236319418,10.424577879430377,0.24992663096395518,0.09284908451996038,0.1608636135851998,0.1664961623880225
4.126505551623658,3.079292236319418,10.313477879430376,0.32532663096395353,0.16334408451996035,0.2505846135851998,0.1335371623880225
4.0550955516236575,3.265692236319417,10.277777879430376,0.2142266309639531,0.18714808451996037,0.3338976135851998,0.1664961623880225
4.015415551623658,3.341092236319417,10.277777879430376,0.17452663096395327,0.18714808451996037,0.3888297135851998,0.1939621623880225
3.8686255516236576,3.265692236319417,10.166677879430376,0.32532663096395353,0.11024408451996037,0.4309439135851998,0.1399461623880225
3.797215551623658,3.456192236319417,9.984277879430376,0.5514266309639524,0.05714308451996036,0.44467681358519984,0.1738201623880225
3.797215551623658,3.456192236319417,9.984277879430376,0.5514266309639524,0.05714308451996036,0.44467681358519984,0.1738201623880225
3.614725551623658,3.6822922363194177,9.726377879430377,0.6625266309639528,0.07545408451996038,0.4098868135851998,0.16008716238802245
3.245765551623658,4.094892236319417,9.508177879430376,1.1148266309639538,0.08735508451996038,0.3750968135851998,0.20677916238802252
3.2100655516236576,4.094892236319417,9.250277879430376,1.3806266309639543,0.11024408451996037,0.3824210135851998,0.20677916238802252
3.0989755516236577,4.094892236319417,9.214577879430376,1.531326630963953,0.13954008451996036,0.4309439135851998,0.15367916238802248
3.0989755516236577,4.055192236319417,9.289977879430376,1.5670266309639533,0.14594908451996036,0.5417227135851999,0.18663716238802247
3.1346855516236576,4.245692236319417,9.214577879430376,1.6821266309639533,0.16975308451996035,0.6314446135851999,0.16008716238802245
3.3171755516236576,4.547192236319418,9.178877879430376,1.7932266309639537,0.12855408451996037,0.6103876135851998,0.1738201623880225
3.3925555516236576,4.733592236319417,9.325677879430376,1.7575266309639535,0.09834208451996035,0.5417227135851999,0.20037016238802247
3.3925555516236576,4.733592236319417,9.325677879430376,1.7575266309639535,0.09834208451996035,0.5417227135851999,0.20037016238802247
3.281475551623658,4.658292236319419,9.397077879430377,1.6067266309639532,0.10475008451996037,0.5618643135851998,0.20677916238802252
3.3171755516236576,4.547192236319418,9.397077879430377,1.4560266309639545,0.09834208451996035,0.6250356135851998,0.20037016238802247
3.3925555516236576,4.281392236319418,9.432777879430375,1.154426630963954,0.11024408451996037,0.6799676135851997,0.1939621623880225
3.3925555516236576,3.8290922363194184,9.432777879430375,0.8529266309639532,0.13404708451996036,0.6451776135851999,0.2342451623880225
3.4282655516236575,3.3053922363194186,9.432777879430375,0.5117266309639525,0.15785108451996036,0.5417227135851999,0.15367916238802248
3.5036355516236575,3.039592236319418,9.361377879430377,0.47602663096395403,0.11665208451996037,0.4236197135851998,0.21410316238802252
3.539345551623658,2.888792236319418,9.325677879430376,0.32532663096395353,0.11665208451996037,0.3338976135851998,0.16008716238802245
3.463965551623658,2.587292236319417,9.397077879430377,0.2142266309639531,0.14594908451996036,0.2780506135851998,0.1664961623880225
3.463965551623658,2.587292236319417,9.397077879430377,0.2142266309639531,0.14594908451996036,0.2780506135851998,0.1664961623880225
3.5036355516236575,2.361192236319418,9.325677879430376,0.24992663096395518,0.08735508451996038,0.20938661358519983,0.21410316238802252
3.539345551623658,2.0993922363194173,9.325677879430376,0.47602663096395403,0.09284908451996038,0.20938661358519983,0.2269211623880225
3.6861355516236576,2.0635922363194172,9.325677879430376,0.6268266309639543,0.13404708451996036,0.30551661358519977,0.1335371623880225
3.7218455516236575,2.1389922363194174,9.397077879430377,0.737926630963953,0.08094708451996036,0.3888297135851998,0.18663716238802247
3.6861355516236576,2.2143922363194175,9.472477879430375,0.8886266309639534,0.04615708451996037,0.4584097535851998,0.21410316238802252
3.9440055516236576,2.285792236319418,9.361377879430377,0.9283266309639533,0.04615708451996037,0.4721426635851998,0.1738201623880225
3.832925551623658,2.325492236319418,9.214577879430376,1.0037266309639534,0.022353084519960376,0.4236197135851998,0.2269211623880225
3.6861355516236576,2.5515922363194186,9.178877879430376,1.0037266309639534,0.022353084519960376,0.3540396135851998,0.18663716238802247
3.614725551623658,2.888792236319418,9.214577879430376,1.0037266309639534,0.05714308451996036,0.3476306135851998,0.20677916238802252
3.6504255516236577,3.1149922363194182,9.143177879430375,1.0037266309639534,0.06355208451996036,0.3476306135851998,0.1738201623880225
3.614725551623658,2.9284922363194177,9.103477879430375,0.777526630963953,0.13954008451996036,0.3613636135851998,0.2342451623880225
3.6504255516236577,2.8134922363194175,8.956677879430377,0.7022266309639544,0.20454308451996037,0.4236197135851998,0.1262131623880225
3.463965551623658,3.003892236319418,8.996377879430376,0.47602663096395403,0.13954008451996036,0.4996085135851998,0.1939621623880225
3.2100655516236576,3.1149922363194182,9.032077879430377,0.289626630963955,0.08735508451996038,0.5206656135851998,0.18663716238802247
3.1346855516236576,3.1149922363194182,8.956677879430377,0.2142266309639531,0.12214508451996037,0.4648184475851998,0.1738201623880225
3.245765551623658,3.1149922363194182,8.774177879430376,0.2142266309639531,0.19264108451996037,0.3824210135851998,0.20037016238802247
3.1346855516236576,3.154692236319418,8.813877879430375,0.289626630963955,0.21644508451996036,0.3613636135851998,0.20677916238802252
3.0235955516236577,2.888792236319418,8.849577879430376,0.32532663096395353,0.26954548451996035,0.4172110135851998,0.15367916238802248
2.987895551623658,2.5515922363194186,8.738477879430375,0.5117266309639525,0.2933491845199604,0.5069327135851998,0.22051216238802251
3.0235955516236577,2.361192236319418,8.591677879430376,0.5871266309639545,0.26313678451996037,0.5481314135851998,0.16008716238802245
2.9164855516236576,1.9128922363194185,8.480677879430376,0.5514266309639524,0.17524608451996035,0.5343985135851999,0.14635416238802246
2.8411055516236576,1.8374922363194184,8.337777879430377,0.6625266309639528,0.09834208451996035,0.4721426635851998,0.24706216238802248
2.8053955516236577,1.6867922363194179,8.079937879430377,0.777526630963953,0.010451084519960352,0.4098868135851998,0.1664961623880225
2.7300155516236577,1.3455922363194173,8.004557879430376,0.777526630963953,0.03974808451996037,0.3824210135851998,0.21410316238802252
2.6586055516236575,1.309892236319417,7.897437879430377,0.8529266309639532,0.06904508451996039,0.3824210135851998,0.2406541623880225
2.6229055516236577,1.3455922363194173,7.8220578794303774,0.9283266309639533,0.14594908451996036,0.4025626135851998,0.1335371623880225
2.5832255516236575,1.3455922363194173,7.750647879430377,0.777526630963953,0.23384008451996036,0.43735261358519983,0.22051216238802251
2.5832255516236575,1.3455922363194173,7.750647879430377,0.777526630963953,0.23384008451996036,0.43735261358519983,0.22051216238802251
2.6586055516236575,1.3455922363194173,7.603857879430376,0.737926630963953,0.30433548451996034,0.4858756135851998,0.18663716238802247
2.694315551623658,1.5359922363194176,7.603857879430376,0.5871266309639545,0.31623738451996036,0.5417227135851999,0.1262131623880225
2.6229055516236577,1.571692236319418,7.528477879430377,0.3650266309639534,0.32264608451996035,0.5829216135851998,0.20037016238802247
2.5118155516236578,1.309892236319417,7.528477879430377,0.24992663096395518,0.40504348451996036,0.5417227135851999,0.1399461623880225
2.3650255516236576,1.571692236319418,7.528477879430377,0.17452663096395327,0.3986347845199604,0.4996085135851998,0.1664961623880225
2.142865551623658,2.023992236319417,7.3459878794303775,0.3650266309639534,0.4105366845199604,0.3961539135851998,0.20037016238802247
2.142865551623658,2.023992236319417,7.3459878794303775,0.3650266309639534,0.4105366845199604,0.3961539135851998,0.20037016238802247
2.035745551623658,1.6867922363194179,7.238867879430377,0.24992663096395518,0.36933788451996036,0.2716426135851998,0.1802291623880225
1.9960755516236577,1.309892236319417,6.980997879430377,0.5117266309639525,0.22193808451996036,0.3888297135851998,0.1399461623880225
1.6310855516236578,1.3455922363194173,6.980997879430377,0.6625266309639528,0.17524608451996035,0.5691886135851998,0.1664961623880225
1.5199955516236576,1.2701922363194171,6.909587879430377,0.8133266309639531,0.15144208451996036,0.6872916135851999,0.20037016238802247
1.6667855516236576,1.3455922363194173,6.723127879430376,0.8133266309639531,0.21644508451996036,0.6525016135851998,0.1939621623880225
1.6667855516236576,1.3455922363194173,6.723127879430376,0.8133266309639531,0.21644508451996036,0.6525016135851998,0.1939621623880225
1.7024955516236577,1.309892236319417,6.433507879430377,0.9283266309639533,0.24574178451996037,0.5618643135851998,0.20037016238802247
1.3017955516236577,1.309892236319417,6.433507879430377,0.6268266309639543,0.26313678451996037,0.5691886135851998,0.1399461623880225
1.2621255516236576,1.1193922363194169,6.393837879430376,0.4007266309639519,0.34004105451996036,0.6039786135851998,0.2342451623880225
1.3375055516236576,0.893292236319418,6.139927879430377,0.2142266309639531,0.35194291451996035,0.5554556135851998,0.20677916238802252
1.3375055516236576,0.5560722363194177,5.993147879430377,0.011873369036045744,0.3812397845199604,0.4858756135851998,0.15367916238802248
1.3017955516236577,0.2545622363194173,5.917767879430377,0.38877336903604487,0.3986347845199604,0.3961539135851998,0.22051216238802251
1.2264155516236577,0.10380223631941732,5.810647879430377,0.5038733690360466,0.3638447845199604,0.3750968135851998,0.2269211623880225
1.1153345516236577,0.1223377636805818,5.663857879430377,0.5395733690360451,0.36933788451996036,0.3750968135851998,0.1664961623880225
0.9328395516236576,0.23341776368058298,5.663857879430377,0.6545733690360471,0.43983358451996035,0.3265736135851998,0.2342451623880225
0.8217555516236577,0.4238477636805822,5.588477879430377,0.614973369036047,0.45173508451996036,0.2780506135851998,0.1802291623880225
0.7860495516236576,0.4595577636805821,5.334577879430377,0.4284733690360447,0.5103290845199604,0.3265736135851998,0.1664961623880225
0.6392605516236578,0.5349277636805816,5.223487879430377,0.23807336903604792,0.4810320845199604,0.3686881135851998,0.1802291623880225
0.5281765516236577,0.6103077636805825,5.294897879430377,0.05157336903604559,0.38673298451996035,0.44467681358519984,0.21410316238802252
0.45676555162365773,0.9118277636805825,5.223487879430377,0.17452663096395327,0.35743608451996034,0.5343985135851999,0.22051216238802251
0.5638815516236577,0.8721477636805819,4.965617879430377,0.289626630963955,0.34553422051996036,0.6177116135851998,0.1664961623880225
0.4170925516236577,0.4992277636805831,4.858497879430377,0.5514266309639524,0.34553422051996036,0.6177116135851998,0.21410316238802252
0.27030265162365774,0.4238477636805822,4.783117879430377,0.5514266309639524,0.34553422051996036,0.5133414135851998,0.18663716238802247
0.19889152162365772,0.384177763680583,4.636327879430377,0.6625266309639528,0.4169453845199604,0.4098868135851998,0.22051216238802251
0.19889152162365772,0.384177763680583,4.418127879430377,0.777526630963953,0.4169453845199604,0.4025626135851998,0.22051216238802251
0.12351305162365772,0.3087977636805821,4.418127879430377,0.737926630963953,0.47553908451996035,0.4721426635851998,0.2269211623880225
0.016396551623657718,0.2730877636805822,4.529217879430377,0.47602663096395403,0.5341330845199603,0.6250356135851998,0.15367916238802248
0.08780755162365772,0.08265776368058297,4.088847879430377,0.05157336903604559,0.5405410845199603,0.6589106135851999,0.20677916238802252
0.023276448376342268,0.3087977636805821,4.013467879430377,0.3134733690360463,0.5753310845199604,0.5343985135851999,0.1802291623880225
0.42397244837634224,0.5349277636805816,4.013467879430377,0.579273369036045,0.6046280845199603,0.4794669135851998,0.21410316238802252
0.6461404483763422,0.8721477636805819,3.8666778794303767,0.6545733690360471,0.6284320845199604,0.5279898135851998,0.1939621623880225
0.6104344483763422,1.213337763680582,3.648477879430377,0.7656733690360475,0.6870260845199604,0.5618643135851998,0.1664961623880225
0.6461404483763422,1.7013177636805823,3.465977879430377,0.8410733690360459,0.6577290845199604,0.4858756135851998,0.2406541623880225
0.8643444483763423,1.9671177636805819,3.4302778794303768,0.7299733690360455,0.5991350845199603,0.3403066135851998,0.1802291623880225
0.9040144483763424,2.193257763680582,3.319187879430377,0.5038733690360466,0.5634300845199604,0.2716426135851998,0.20037016238802247
0.9040144483763424,2.455097763680582,3.172407879430377,0.38877336903604487,0.5515280845199604,0.3338976135851998,0.21410316238802252
0.9040144483763424,2.566187763680582,3.025617879430377,0.38877336903604487,0.5167380845199604,0.4931998135851998,0.16008716238802245
1.0111344483763423,2.530477763680582,3.025617879430377,0.3134733690360463,0.5048360845199604,0.6039786135851998,0.1802291623880225
1.1222144483763423,2.379717763680582,2.914527879430377,0.277673369036048,0.4874410845199604,0.5966546135851998,0.18663716238802247
1.0508044483763423,2.2289677636805827,2.8788278794303768,0.277673369036048,0.4874410845199604,0.4996085135851998,0.20037016238802247
1.1222144483763423,2.117877763680582,2.8074178794303766,0.38877336903604487,0.5460350845199604,0.4721426635851998,0.2269211623880225
1.1975944483763423,2.0782077636805827,2.8074178794303766,0.5395733690360451,0.6229390845199604,0.5279898135851998,0.1738201623880225
1.1975944483763423,2.0782077636805827,2.8074178794303766,0.5395733690360451,0.6229390845199604,0.5279898135851998,0.1738201623880225
1.1222144483763423,2.042497763680582,2.7320378794303766,0.8053733690360474,0.6751240845199604,0.6103876135851998,0.20037016238802247
1.0508044483763423,1.5505577636805823,2.6963278794303767,0.9521733690360463,0.7932270845199604,0.6103876135851998,0.21410316238802252
1.1222144483763423,1.213337763680582,2.6963278794303767,1.0275733690360447,0.7758320845199604,0.4510855135851998,0.16008716238802245
1.1975944483763423,1.3997977636805823,2.843117879430377,1.1028733690360468,0.7465350845199603,0.2505846135851998,0.1802291623880225
1.2690044483763423,1.5148477636805824,2.6249178794303774,1.1425733690360467,0.7575210845199604,0.2505846135851998,0.1399461623880225
1.4157944483763423,1.5505577636805823,2.5495378794303774,1.1028733690360468,0.7575210845199604,0.44467681358519984,0.1939621623880225
1.5268744483763423,1.5902277636805824,2.5852478794303773,1.0275733690360447,0.7053360845199603,0.6589106135851999,0.22051216238802251
1.6379644483763423,1.9274477636805827,2.5852478794303773,0.9521733690360463,0.7163230845199604,0.7010246135851999,0.15367916238802248
1.5268744483763423,2.042497763680582,2.5495378794303774,0.6902733690360456,0.6229390845199604,0.6250356135851998,0.20037016238802247
1.3800844483763424,2.1535877636805827,2.438457879430377,0.4641733690360468,0.5698380845199604,0.5417227135851999,0.1802291623880225
1.5268744483763423,2.193257763680582,2.478127879430377,0.35307336903604636,0.5341330845199603,0.5966546135851998,0.15367916238802248
1.5268744483763423,2.340047763680582,2.6249178794303774,0.35307336903604636,0.46913008451996036,0.7074336135851998,0.2543871623880225
1.3800844483763424,2.490807763680582,2.513837879430377,0.4641733690360468,0.49934308451996035,0.7074336135851998,0.20677916238802252
1.1975944483763423,2.681237763680582,2.367047879430377,0.4284733690360447,0.5286400845199604,0.5902456135851998,0.15367916238802248
1.2332944483763424,2.8676977636805825,2.438457879430377,0.38877336903604487,0.5222310845199604,0.4098868135851998,0.2406541623880225
1.1975944483763423,3.1335077636805826,2.478127879430377,0.35307336903604636,0.5927270845199604,0.3338976135851998,0.15367916238802248
1.1222144483763423,3.1335077636805826,2.331337879430377,0.6902733690360456,0.6522360845199604,0.44467681358519984,0.22051216238802251
0.9397144483763424,3.244587763680582,2.255957879430377,0.9521733690360463,0.6339250845199604,0.5618643135851998,0.1939621623880225
0.9754244483763423,3.244587763680582,2.331337879430377,1.1782733690360452,0.6577290845199604,0.5206656135851998,0.1802291623880225
0.9754244483763423,3.244587763680582,2.331337879430377,1.1782733690360452,0.6577290845199604,0.5206656135851998,0.1802291623880225
1.1222144483763423,3.1335077636805826,2.367047879430377,1.3290733690360454,0.7053360845199603,0.3613636135851998,0.1939621623880225
1.1222144483763423,3.0184577636805825,2.2202578794303767,1.1782733690360452,0.8106220845199603,0.23685261358519982,0.11980416238802248
1.0865044483763424,3.0581277636805826,2.1845478794303768,1.1028733690360468,0.8994280845199604,0.3265736135851998,0.2406541623880225
1.0865044483763424,3.169207763680582,2.2202578794303767,1.1425733690360467,0.9580220845199604,0.44467681358519984,0.20677916238802252
1.2332944483763424,3.435017763680582,2.1845478794303768,1.0275733690360447,0.9287250845199604,0.5206656135851998,0.1939621623880225
1.3443844483763423,3.359637763680582,2.0734678794303765,0.7299733690360455,0.7465350845199603,0.5069327135851998,0.2269211623880225
1.5625844483763422,2.9827477636805826,2.0020578794303763,0.4284733690360447,0.5872330845199604,0.4648184475851998,0.20037016238802247
1.7093744483763422,3.169207763680582,1.9266778794303765,0.3134733690360463,0.5286400845199604,0.43735261358519983,0.21410316238802252
1.5625844483763422,3.319967763680582,1.7084778794303765,0.20237336903604586,0.4874410845199604,0.5133414135851998,0.2543871623880225
1.4554644483763424,3.169207763680582,1.5616878794303768,0.277673369036048,0.5167380845199604,0.6387686135851998,0.22051216238802251
1.7093744483763422,3.0184577636805825,1.5973878794303766,0.162673369036046,0.5341330845199603,0.7284906135851998,0.22051216238802251
1.8561644483763424,2.8319877636805826,1.6727678794303766,0.277673369036048,0.5991350845199603,0.6872916135851999,0.20677916238802252
1.5268744483763423,2.455097763680582,1.5259778794303769,0.5395733690360451,0.8051290845199603,0.4931998135851998,0.20677916238802252
1.5268744483763423,2.379717763680582,1.4863078794303768,0.9521733690360463,0.8756240845199603,0.5618643135851998,0.21410316238802252
1.7093744483763422,2.415427763680582,1.4863078794303768,1.1782733690360452,0.8637230845199604,0.6451776135851999,0.2406541623880225
1.7847544483763422,2.6415577636805825,1.4148978794303766,1.3290733690360454,0.9223160845199604,0.6039786135851998,0.1738201623880225
1.7093744483763422,2.7169377636805825,1.3038078794303767,1.3687733690360453,0.9342180845199604,0.4648184475851998,0.2342451623880225
1.7847544483763422,2.9827477636805826,1.2681078794303768,1.4440733690360474,0.9461200845199603,0.3403066135851998,0.2342451623880225
1.9315444483763424,3.435017763680582,1.157017879430377,1.3687733690360453,0.9580220845199604,0.3961539135851998,0.18663716238802247
1.9315444483763424,3.661157763680582,0.9745278794303769,1.4044733690360474,0.8930190845199604,0.4794669135851998,0.2342451623880225
2.1140344483763425,3.8833177636805827,0.9031178794303767,1.217973369036045,0.8344260845199604,0.5206656135851998,0.16008716238802245
2.2251244483763424,4.109457763680583,0.8277378794303767,0.9918733690360462,0.7758320845199604,0.4584097535851998,0.21410316238802252
2.296534448376342,4.224507763680582,0.6809478794303765,0.8410733690360459,0.7520280845199603,0.44467681358519984,0.22051216238802251
2.2251244483763424,4.184837763680583,0.6095378794303767,0.579273369036045,0.7639300845199604,0.4858756135851998,0.18663716238802247
2.260824448376342,4.184837763680583,0.46274787943037654,0.4641733690360468,0.8051290845199603,0.5902456135851998,0.20037016238802247
2.1497444483763424,4.149127763680582,0.4984578794303769,0.38877336903604487,0.8225240845199604,0.6451776135851999,0.1939621623880225
2.2251244483763424,4.149127763680582,0.5738278794303768,0.3134733690360463,0.8289330845199603,0.6387686135851998,0.2406541623880225
2.260824448376342,4.109457763680583,0.6095378794303767,0.23807336903604792,0.8051290845199603,0.5829216135851998,0.22051216238802251
2.078334448376342,3.585777763680582,0.4984578794303769,0.4284733690360447,0.8225240845199604,0.5279898135851998,0.2269211623880225
1.9672444483763423,3.169207763680582,0.5738278794303768,0.579273369036045,0.7639300845199604,0.5133414135851998,0.20677916238802252
1.9315444483763424,3.284257763680582,0.6452378794303766,0.9164733690360478,0.7401260845199604,0.5133414135851998,0.18663716238802247
1.7093744483763422,3.2088877636805826,0.5341578794303767,1.0671733690360448,0.7694230845199603,0.5343985135851999,0.1664961623880225
1.8204544483763425,3.2088877636805826,0.6452378794303766,1.1782733690360452,0.8582290845199604,0.5069327135851998,0.2342451623880225
2.002954448376342,3.470727763680582,0.8674078794303768,1.217973369036045,0.9168230845199603,0.5417227135851999,0.1939621623880225
2.002954448376342,3.470727763680582,0.8674078794303768,1.217973369036045,0.9168230845199603,0.5417227135851999,0.1939621623880225
1.9315444483763424,3.6968577636805824,0.7206178794303766,1.293373369036047,1.0166160845199603,0.5206656135851998,0.18663716238802247
1.7847544483763422,3.8079477636805823,0.46274787943037654,1.4044733690360474,1.0871110845199605,0.4794669135851998,0.21410316238802252
1.8561644483763424,3.8833177636805827,0.46274787943037654,1.1425733690360467,1.0111220845199602,0.43735261358519983,0.1335371623880225
2.002954448376342,3.998367763680582,0.5738278794303768,1.0275733690360447,0.9342180845199604,0.3961539135851998,0.24706216238802248
1.8958344483763425,4.224507763680582,0.6095378794303767,0.9521733690360463,0.8289330845199603,0.3888297135851998,0.20037016238802247
1.7093744483763422,4.526017763680582,0.4984578794303769,0.9521733690360463,0.7987200845199603,0.4858756135851998,0.16008716238802245
1.7093744483763422,4.676777763680582,0.5341578794303767,1.0671733690360448,0.7163230845199604,0.6103876135851998,0.2406541623880225
1.7490444483763423,4.863237763680583,0.5738278794303768,1.1028733690360468,0.6751240845199604,0.5966546135851998,0.20037016238802247
1.7847544483763422,5.013997763680583,0.5738278794303768,1.293373369036047,0.6989280845199604,0.4584097535851998,0.11339516238802248
1.7093744483763422,4.938617763680583,0.5341578794303767,1.3687733690360453,0.7108300845199604,0.3338976135851998,0.3138961623880225
1.5625844483763422,4.827537763680582,0.5738278794303768,1.7455733690360447,0.8994280845199604,0.23685261358519982,0.16008716238802245
1.4911744483763423,4.486347763680582,0.4984578794303769,1.856673369036045,0.9525290845199603,0.2780506135851998,0.2342451623880225
1.5625844483763422,4.375267763680582,0.4984578794303769,1.9717733690360468,0.9754170845199603,0.3476306135851998,0.1738201623880225
1.4554644483763424,4.260217763680583,0.5738278794303768,2.0074733690360453,1.0166160845199603,0.3128406135851998,0.1802291623880225
1.4911744483763423,4.260217763680583,0.6452378794303766,1.896373369036045,1.0697160845199605,0.2853746135851998,0.22051216238802251
1.4911744483763423,4.375267763680582,0.6095378794303767,1.7813733690360465,1.1228170845199603,0.4025626135851998,0.1664961623880225
1.5268744483763423,4.450647763680582,0.4984578794303769,1.5551733690360479,1.0935200845199604,0.5902456135851998,0.15367916238802248
1.5268744483763423,4.109457763680583,0.46274787943037654,1.293373369036047,0.9699240845199604,0.5691886135851998,0.22051216238802251
1.5625844483763422,3.9229977636805824,0.5341578794303767,1.1782733690360452,0.8518210845199604,0.4025626135851998,0.1939621623880225
1.6736644483763423,4.073747763680582,0.4984578794303769,0.9918733690360462,0.7877340845199603,0.2853746135851998,0.16008716238802245
1.5268744483763423,4.109457763680583,0.3516678794303767,0.7299733690360455,0.7227310845199604,0.3613636135851998,0.24706216238802248
1.5268744483763423,4.109457763680583,0.3516678794303767,0.7299733690360455,0.7227310845199604,0.3613636135851998,0.24706216238802248
1.4911744483763423,4.149127763680582,0.3516678794303767,0.6902733690360456,0.7520280845199603,0.5829216135851998,0.18663716238802247
1.6379644483763423,4.299887763680582,0.46274787943037654,0.7299733690360455,0.8225240845199604,0.7147576135851998,0.18663716238802247
1.6379644483763423,4.299887763680582,0.46274787943037654,0.7299733690360455,0.8225240845199604,0.7147576135851998,0.18663716238802247
1.3800844483763424,4.224507763680582,0.20487787943037672,0.8053733690360474,0.8701310845199604,0.4794669135851998,0.20037016238802247
1.5268744483763423,4.224507763680582,0.28024787943037666,1.253673369036047,0.7877340845199603,0.4309439135851998,0.20677916238802252
1.6022544483763423,4.335587763680582,0.2445478794303768,1.5948733690360477,0.8051290845199603,0.4584097535851998,0.1664961623880225
1.5268744483763423,4.787857763680583,0.09775787943037662,2.0074733690360453,0.8811180845199603,0.3750968135851998,0.2269211623880225
1.5268744483763423,5.013997763680583,0.20487787943037672,1.8209733690360466,0.9580220845199604,0.2780506135851998,0.22051216238802251
1.5268744483763423,5.315507763680582,0.13346787943037675,1.7813733690360465,0.9992210845199604,0.2020616135851998,0.20037016238802247
1.5268744483763423,5.315507763680582,0.13346787943037675,1.7813733690360465,0.9992210845199604,0.2020616135851998,0.20037016238802247
1.4911744483763423,5.501977763680582,0.01332212056962323,1.5948733690360477,1.0230240845199603,0.24326061358519982,0.20677916238802252
1.6022544483763423,5.541647763680582,0.022377879430376613,1.293373369036047,0.8994280845199604,0.4098868135851998,0.20677916238802252
1.6022544483763423,5.351217763680582,0.022377879430376613,0.9918733690360462,0.8344260845199604,0.3613636135851998,0.2342451623880225
1.4911744483763423,5.275837763680583,0.12441212056962336,0.8410733690360459,0.8463280845199603,0.3888297135851998,0.1802291623880225
1.6379644483763423,5.315507763680582,0.3069021205696232,0.8807733690360458,0.8994280845199604,0.5069327135851998,0.2406541623880225
1.6379644483763423,5.240137763680583,0.23153212056962325,1.0671733690360448,0.9049210845199603,0.6451776135851999,0.1802291623880225
1.6022544483763423,5.089377763680583,0.3426121205696233,1.1028733690360468,0.9223160845199604,0.6589106135851999,0.1738201623880225
1.6736644483763423,4.712487763680582,0.3069021205696232,1.217973369036045,0.9168230845199603,0.4931998135851998,0.27452816238802247
1.7093744483763422,4.224507763680582,0.3069021205696232,1.4440733690360474,0.9049210845199603,0.29910761358519977,0.1399461623880225
1.6022544483763423,4.109457763680583,0.4179921205696233,1.5551733690360479,0.9406270845199604,0.2295276135851998,0.18663716238802247
1.7093744483763422,4.109457763680583,0.3783121205696234,1.5948733690360477,1.1521140845199604,0.4721426635851998,0.1664961623880225
1.7490444483763423,4.260217763680583,0.3069021205696232,1.5948733690360477,1.2052140845199604,0.5618643135851998,0.18663716238802247
1.5625844483763422,4.526017763680582,0.27120212056962334,1.479773369036046,1.1988060845199604,0.5618643135851998,0.2342451623880225
1.4911744483763423,4.637107763680582,0.3783121205696234,1.479773369036046,1.1402120845199604,0.5554556135851998,0.1262131623880225
1.5625844483763422,4.601397763680582,0.4894021205696233,1.3290733690360454,0.9992210845199604,0.5417227135851999,0.2406541623880225
1.5625844483763422,4.526017763680582,0.4179921205696233,1.293373369036047,0.9223160845199604,0.5279898135851998,0.16008716238802245
1.5625844483763422,4.787857763680583,0.4179921205696233,1.1028733690360468,0.8875260845199604,0.5417227135851999,0.1939621623880225
1.5625844483763422,5.129047763680583,0.4536921205696234,1.1028733690360468,0.9223160845199604,0.4931998135851998,0.2543871623880225
1.3800844483763424,5.466267763680582,0.5608121205696233,1.1782733690360452,0.9287250845199604,0.44467681358519984,0.15367916238802248
1.3086744483763424,5.728107763680582,0.5608121205696233,1.0671733690360448,0.9525290845199603,0.4721426635851998,0.20037016238802247
1.3800844483763424,5.878867763680582,0.5608121205696233,1.1425733690360467,0.9287250845199604,0.4721426635851998,0.22051216238802251
1.3800844483763424,5.9185377636805825,0.5608121205696233,1.1782733690360452,0.9406270845199604,0.4584097535851998,0.1399461623880225
1.3086744483763424,5.9939177636805825,0.7076021205696232,1.3687733690360453,0.9168230845199603,0.4721426635851998,0.22051216238802251
1.3086744483763424,5.9939177636805825,0.7076021205696232,1.3687733690360453,0.9168230845199603,0.4721426635851998,0.22051216238802251
1.3086744483763424,5.9185377636805825,0.7472741205696233,1.6305733690360462,0.8994280845199604,0.3888297135851998,0.16008716238802245
1.3800844483763424,5.577347763680582,0.8186851205696233,1.7455733690360447,1.0047140845199602,0.30551661358519977,0.18663716238802247
1.3800844483763424,5.541647763680582,0.8186851205696233,1.670273369036046,1.1054220845199603,0.29910761358519977,0.14635416238802246
1.2690044483763423,5.803487763680582,0.8186851205696233,1.7455733690360447,1.1521140845199604,0.43735261358519983,0.16008716238802245
1.3800844483763424,5.9939177636805825,0.8543911205696233,1.5194733690360458,1.0459130845199605,0.4648184475851998,0.1738201623880225
1.5268744483763423,5.878867763680582,1.0011801205696234,1.3687733690360453,0.9113300845199603,0.4309439135851998,0.2269211623880225
1.5268744483763423,5.501977763680582,1.0368861205696231,1.1425733690360467,0.8463280845199603,0.3961539135851998,0.15367916238802248
1.5268744483763423,5.501977763680582,1.1122641205696233,1.1425733690360467,0.8756240845199603,0.4098868135851998,0.18663716238802247
1.5268744483763423,5.501977763680582,1.1122641205696233,1.1425733690360467,0.8756240845199603,0.4098868135851998,0.18663716238802247
1.4911744483763423,5.466267763680582,1.2233481205696233,1.1425733690360467,0.9049210845199603,0.4648184475851998,0.22051216238802251
1.5268744483763423,5.466267763680582,1.1122641205696233,1.217973369036045,1.0047140845199602,0.5618643135851998,0.1399461623880225
1.4157944483763423,5.426597763680583,1.0765591205696232,1.3687733690360453,0.9818260845199603,0.5481314135851998,0.20037016238802247
1.4157944483763423,5.351217763680582,1.1836761205696233,1.5551733690360479,1.0230240845199603,0.5343985135851999,0.20677916238802252
1.3800844483763424,5.200457763680582,1.1836761205696233,1.932073369036047,1.0166160845199603,0.4721426635851998,0.18663716238802247
1.4554644483763424,5.129047763680583,1.2233481205696233,2.158173369036046,1.0752090845199604,0.3338976135851998,0.22051216238802251
1.5268744483763423,5.315507763680582,1.2590541205696233,2.1978733690360457,1.1109150845199602,0.23685261358519982,0.28093716238802247
1.5625844483763422,5.692407763680582,1.3701381205696233,2.4200733690360465,1.2812030845199605,0.18832961358519978,0.20037016238802247
1.5268744483763423,6.029617763680582,1.4415491205696234,2.308973369036046,1.2702170845199605,0.23685261358519982,0.2543871623880225
1.6379644483763423,6.446187763680582,1.5883391205696233,2.2692733690360463,1.2583150845199604,0.3338976135851998,0.15367916238802248
1.6022544483763423,6.596947763680582,1.7351283205696233,2.0828733690360473,1.1576070845199604,0.3476306135851998,0.2269211623880225
1.7490444483763423,6.783407763680582,1.7708339205696233,1.856673369036045,1.0642230845199605,0.29910761358519977,0.20037016238802247
1.9315444483763424,6.934167763680582,1.7708339205696233,1.670273369036046,0.9635150845199604,0.2780506135851998,0.1802291623880225
1.7847544483763422,6.743737763680582,1.9176231205696233,1.479773369036046,0.9168230845199603,0.2917836135851998,0.22051216238802251
1.7847544483763422,6.596947763680582,1.9533291205696233,1.3290733690360454,0.9287250845199604,0.3750968135851998,0.27452816238802247
1.7093744483763422,6.668357763680582,2.0287071205696234,1.1782733690360452,1.0340110845199604,0.4025626135851998,0.15367916238802248
1.8204544483763425,6.446187763680582,1.8819181205696234,0.9521733690360463,1.1164080845199602,0.4236197135851998,0.20037016238802247
1.8561644483763424,6.446187763680582,1.9890341205696234,1.1425733690360467,1.1283100845199603,0.4721426635851998,0.1939621623880225
1.7490444483763423,6.331137763680582,2.175497120569623,1.4440733690360474,1.0871110845199605,0.5206656135851998,0.2406541623880225
1.8204544483763425,5.728107763680582,2.246908120569623,1.670273369036046,1.0752090845199604,0.4931998135851998,0.20677916238802252
1.8204544483763425,5.728107763680582,2.246908120569623,1.670273369036046,1.0752090845199604,0.4931998135851998,0.20677916238802252
2.0426244483763423,5.501977763680582,2.175497120569623,1.8209733690360466,1.1054220845199603,0.3961539135851998,0.24706216238802248
1.8958344483763425,5.728107763680582,2.4294031205696234,1.7059733690360481,1.2400040845199602,0.2295276135851998,0.1664961623880225
1.8561644483763424,5.9939177636805825,2.465109120569623,1.7813733690360465,1.2702170845199605,0.43735261358519983,0.2269211623880225
1.9672444483763423,6.255757763680583,2.3936981205696233,1.670273369036046,1.2464130845199604,0.5829216135851998,0.28093716238802247
2.1140344483763425,6.370807763680583,2.5047821205696232,1.5194733690360458,1.1814110845199604,0.5765126135851998,0.1738201623880225
2.002954448376342,6.295427763680582,2.6118981205696232,1.293373369036047,1.0871110845199605,0.4309439135851998,0.21410316238802252
2.0426244483763423,6.331137763680582,2.6872771205696235,1.1425733690360467,0.9818260845199603,0.2917836135851998,0.1939621623880225
2.078334448376342,6.406517763680583,2.6872771205696235,1.1782733690360452,1.0459130845199605,0.3476306135851998,0.24706216238802248
2.1497444483763424,6.557267763680582,2.722982120569623,1.3687733690360453,1.0990130845199604,0.4931998135851998,0.1939621623880225
2.1894144483763425,6.632647763680582,2.8697721205696234,1.4440733690360474,1.1878190845199603,0.5966546135851998,0.1802291623880225
2.1140344483763425,6.894487763680582,2.798362120569623,1.670273369036046,1.2226090845199602,0.5069327135851998,0.21410316238802252
2.1497444483763424,7.160297763680582,2.941182120569623,1.8209733690360466,1.2290180845199603,0.3888297135851998,0.15367916238802248
2.1894144483763425,7.235677763680583,2.9808521205696232,2.047173369036045,1.1759170845199605,0.3338976135851998,0.16008716238802245
2.1140344483763425,7.160297763680582,3.016562120569623,2.308973369036046,1.0871110845199605,0.3888297135851998,0.2543871623880225
2.2251244483763424,7.235677763680583,3.1276421205696234,2.384373369036048,1.0340110845199604,0.4025626135851998,0.1802291623880225
2.260824448376342,7.160297763680582,3.0522621205696234,2.2692733690360463,1.0697160845199605,0.2505846135851998,0.18663716238802247
2.3719044483763425,7.045247763680582,3.0879721205696233,2.1978733690360457,1.1521140845199604,0.049168613585199805,0.24706216238802248
2.260824448376342,7.045247763680582,3.0879721205696233,1.9717733690360468,1.3114150845199604,0.06381761358519983,0.1262131623880225
2.296534448376342,7.386437763680583,3.2347621205696235,1.5948733690360477,1.5055090845199603,0.4931998135851998,0.1939621623880225
2.296534448376342,7.497517763680582,3.274432120569623,1.479773369036046,1.4643090845199604,0.5554556135851998,0.20037016238802247
2.2251244483763424,7.537187763680582,3.3458421205696234,1.3687733690360453,1.3114150845199604,0.5069327135851998,0.18663716238802247
2.3719044483763425,7.461807763680582,3.492632120569623,1.1425733690360467,1.1988060845199604,0.4236197135851998,0.1802291623880225
2.4829944483763424,7.009537763680582,3.528342120569623,1.1028733690360468,1.0523210845199604,0.3961539135851998,0.26720416238802247
2.629784448376342,6.934167763680582,3.603722120569623,1.0671733690360448,1.0990130845199604,0.4172110135851998,0.2406541623880225
2.629784448376342,6.934167763680582,3.603722120569623,1.0671733690360448,1.0990130845199604,0.4172110135851998,0.2406541623880225
2.4076144483763424,7.386437763680583,3.7862121205696235,1.1425733690360467,1.2171160845199602,0.4309439135851998,0.1939621623880225
2.554404448376342,7.612567763680582,3.7862121205696235,1.253673369036047,1.2226090845199602,0.5133414135851998,0.2342451623880225
2.629784448376342,7.838707763680582,3.6394221205696233,1.4044733690360474,1.2519060845199603,0.5618643135851998,0.1738201623880225
2.5901144483763425,7.7990277636805825,3.7108321205696235,1.7813733690360465,1.2583150845199604,0.5133414135851998,0.26720416238802247
2.4829944483763424,7.648277763680582,3.9330021205696237,2.0828733690360473,1.2464130845199604,0.4172110135851998,0.18663716238802247
2.4433244483763423,7.723657763680582,3.9330021205696237,2.1224733690360473,1.2519060845199603,0.2780506135851998,0.1399461623880225
2.4076144483763424,7.838707763680582,3.8576221205696237,2.158173369036046,1.2931050845199603,0.11874861358519984,0.2406541623880225
2.4829944483763424,8.064837763680583,3.8576221205696237,2.0828733690360473,1.3343040845199603,0.1398066135851998,0.2269211623880225
2.3362044483763422,8.251302763680583,3.7505121205696232,2.0828733690360473,1.3169090845199602,0.3338976135851998,0.16008716238802245
2.3362044483763422,8.814656763680583,3.7505121205696232,1.9717733690360468,1.1164080845199602,0.4510855135851998,0.21410316238802252
2.296534448376342,9.005086763680582,3.8576221205696237,1.896373369036045,1.0697160845199605,0.4931998135851998,0.1939621623880225
2.4829944483763424,8.965413763680582,3.9687121205696236,1.670273369036046,1.0230240845199603,0.4510855135851998,0.21410316238802252
2.5901144483763425,8.663899763680583,4.040122120569623,1.670273369036046,1.1109150845199602,0.2917836135851998,0.20037016238802247
2.5186944483763423,8.513142763680582,4.226582120569623,1.8209733690360466,1.2400040845199602,0.23685261358519982,0.20037016238802247
2.5186944483763423,8.326680763680582,4.409082120569623,1.9717733690360468,1.3343040845199603,0.23685261358519982,0.20037016238802247
2.6654844483763425,8.287007763680583,4.333702120569623,2.0828733690360473,1.3635990845199601,0.3824210135851998,0.2406541623880225
2.7369044483763423,8.175923763680583,4.333702120569623,2.308973369036046,1.3874090845199603,0.4648184475851998,0.18663716238802247
2.7011944483763424,8.064837763680583,4.409082120569623,2.495473369036045,1.3938090845199604,0.5343985135851999,0.2269211623880225
2.6654844483763425,8.140217763680582,4.444782120569624,2.495473369036045,1.3407120845199603,0.5279898135851998,0.2269211623880225
2.847984448376342,7.989457763680583,4.5558721205696235,2.535073369036045,1.3114150845199604,0.44467681358519984,0.1664961623880225
2.8836844483763424,7.422137763680582,4.662982120569623,2.4597733690360464,1.2995140845199602,0.3128406135851998,0.22051216238802251
2.923364448376342,7.311057763680582,4.774072120569623,2.2335733690360478,1.3343040845199603,0.24326061358519982,0.20037016238802247
2.8836844483763424,7.612567763680582,4.845482120569623,2.047173369036045,1.3581090845199602,0.20938661358519983,0.21410316238802252
2.923364448376342,7.8744077636805825,4.885152120569623,1.896373369036045,1.4166990845199603,0.30551661358519977,0.2342451623880225
3.030474448376342,8.477437763680582,4.885152120569623,1.5948733690360477,1.3754990845199604,0.6177116135851998,0.20037016238802247
3.030474448376342,8.477437763680582,4.885152120569623,1.5948733690360477,1.3754990845199604,0.6177116135851998,0.20037016238802247
3.030474448376342,8.513142763680582,4.992272120569623,1.5948733690360477,1.2995140845199602,0.5829216135851998,0.27452816238802247
2.923364448376342,8.402059763680583,4.992272120569623,1.5551733690360479,1.2290180845199603,0.4510855135851998,0.2269211623880225
2.923364448376342,8.287007763680583,5.067652120569623,1.5948733690360477,1.2107070845199603,0.3476306135851998,0.2342451623880225
2.9947744483763423,8.326680763680582,5.067652120569623,1.4044733690360474,1.1988060845199604,0.3613636135851998,0.22051216238802251
3.105854448376342,8.437764763680581,4.992272120569623,1.5551733690360479,1.2052140845199604,0.3961539135851998,0.2406541623880225
3.0701544483763423,8.628194763680582,4.992272120569623,1.7813733690360465,1.2583150845199604,0.4996085135851998,0.2342451623880225
2.7765744483763424,8.929707763680582,5.067652120569623,1.856673369036045,1.3581090845199602,0.5279898135851998,0.20037016238802247
2.812274448376342,9.155843463680583,5.139062120569624,2.158173369036046,1.3635990845199601,0.4172110135851998,0.2342451623880225
2.923364448376342,9.342305763680582,5.103352120569624,2.1978733690360457,1.3526190845199602,0.1608636135851998,0.2269211623880225
2.8836844483763424,9.342305763680582,5.214442120569624,2.2692733690360463,1.3407120845199603,0.05649361358519983,0.11339516238802248
3.030474448376342,9.493062763680582,5.139062120569624,2.2335733690360478,1.3288100845199604,0.07022661358519983,0.2342451623880225
2.9947744483763423,9.306599763680582,5.178732120569624,2.158173369036046,1.3288100845199604,0.09128361358519982,0.2607951623880225
3.0701544483763423,9.306599763680582,5.178732120569624,1.9717733690360468,1.3526190845199602,0.1535396135851998,0.22051216238802251
2.847984448376342,9.457356763680583,5.139062120569624,1.670273369036046,1.3288100845199604,0.2716426135851998,0.1939621623880225
2.629784448376342,9.493062763680582,5.139062120569624,1.293373369036047,1.2702170845199605,0.5206656135851998,0.2269211623880225
2.7369044483763423,9.417683763680582,5.067652120569623,1.3290733690360454,1.2702170845199605,0.6177116135851998,0.20037016238802247
2.7369044483763423,9.457356763680583,5.103352120569624,1.4440733690360474,1.2226090845199602,0.6250356135851998,0.2269211623880225
2.812274448376342,9.155843463680583,5.178732120569624,1.4440733690360474,1.2226090845199602,0.4794669135851998,0.2543871623880225
2.847984448376342,8.552815763680583,5.250142120569623,1.5948733690360477,1.2171160845199602,0.2157946135851998,0.1399461623880225
2.7765744483763424,8.513142763680582,5.250142120569623,1.7813733690360465,1.2345110845199603,0.042760613585199836,0.27452816238802247
2.6654844483763425,8.588521763680582,5.361222120569623,1.9717733690360468,1.3407120845199603,0.06381761358519983,0.24706216238802248
2.7011944483763424,8.739278763680582,5.396932120569623,2.2335733690360478,1.4166990845199603,0.30551661358519977,0.1664961623880225
2.7011944483763424,8.739278763680582,5.396932120569623,2.2335733690360478,1.4166990845199603,0.30551661358519977,0.1664961623880225
2.7765744483763424,9.266927363680582,5.250142120569623,2.4200733690360465,1.4762090845199602,0.5206656135851998,0.18663716238802247
2.7011944483763424,9.381978763680582,5.396932120569623,2.4200733690360465,1.4643090845199604,0.3476306135851998,0.20037016238802247
2.7011944483763424,9.231221863680583,5.579432120569623,2.3446733690360446,1.4459990845199604,0.18832961358519978,0.24706216238802248
2.7765744483763424,9.191548963680582,5.6508421205696235,2.1978733690360457,1.3993090845199605,0.10501661358519981,0.18663716238802247
2.8836844483763424,9.306599763680582,5.579432120569623,2.0828733690360473,1.4112090845199603,0.10501661358519981,0.1802291623880225
2.9590644483763424,9.568440763680583,5.543722120569623,1.896373369036045,1.4112090845199603,0.18832961358519978,0.26720416238802247
2.7369044483763423,9.719197763680583,5.615132120569624,1.7059733690360481,1.4231090845199605,0.3128406135851998,0.14635416238802246
2.629784448376342,9.905660763680583,5.615132120569624,1.5948733690360477,1.4112090845199603,0.4025626135851998,0.22051216238802251
2.6654844483763425,10.171467763680582,5.615132120569624,1.5551733690360479,1.3407120845199603,0.3750968135851998,0.2342451623880225
2.7765744483763424,10.096089763680583,5.6508421205696235,1.4044733690360474,1.2995140845199602,0.4236197135851998,0.14635416238802246
2.847984448376342,9.945332763680582,5.579432120569623,1.3687733690360453,1.2171160845199602,0.44467681358519984,0.27452816238802247
2.923364448376342,9.830281763680583,5.6508421205696235,1.4044733690360474,1.1228170845199603,0.4931998135851998,0.3010781623880225
2.812274448376342,9.679524763680583,5.761922120569623,1.4044733690360474,1.2226090845199602,0.44467681358519984,0.16008716238802245
2.7765744483763424,9.532735763680583,5.908712120569623,1.479773369036046,1.3114150845199604,0.2569936135851998,0.2342451623880225
2.8836844483763424,9.457356763680583,5.873002120569623,1.479773369036046,1.3874090845199603,0.24326061358519982,0.16008716238802245
2.923364448376342,9.381978763680582,5.873002120569623,1.5948733690360477,1.5109990845199603,0.4721426635851998,0.1939621623880225
2.923364448376342,9.342305763680582,5.837302120569623,1.7813733690360465,1.5640990845199605,0.5902456135851998,0.26720416238802247
2.8836844483763424,9.342305763680582,5.908712120569623,1.932073369036047,1.5640990845199605,0.5279898135851998,0.1802291623880225
2.847984448376342,9.457356763680583,5.984092120569623,1.896373369036045,1.4816990845199602,0.4098868135851998,0.21410316238802252
2.8836844483763424,9.342305763680582,6.091212120569623,1.8209733690360466,1.3754990845199604,0.3750968135851998,0.21410316238802252
3.030474448376342,9.231221863680583,6.126912120569623,1.7455733690360447,1.3407120845199603,0.3686881135851998,0.15367916238802248
3.0701544483763423,8.890035763680583,6.126912120569623,1.6305733690360462,1.3288100845199604,0.4236197135851998,0.2269211623880225
3.030474448376342,9.005086763680582,6.238002120569623,1.5194733690360458,1.3700090845199604,0.4721426635851998,0.2406541623880225
2.9590644483763424,9.306599763680582,6.349082120569623,1.479773369036046,1.4697990845199604,0.5765126135851998,0.2269211623880225
3.105854448376342,9.532735763680583,6.384782120569623,1.3687733690360453,1.4697990845199604,0.6589106135851999,0.24706216238802248
3.2169444483763425,9.754903763680582,6.384782120569623,1.5194733690360458,1.3938090845199604,0.6662346135851998,0.11980416238802248
3.105854448376342,9.869954763680582,6.384782120569623,1.7455733690360447,1.3288100845199604,0.4794669135851998,0.2269211623880225
3.1415644483763425,9.608113763680583,6.495872120569623,1.9717733690360468,1.3114150845199604,0.2295276135851998,0.2406541623880225
3.1772644483763424,9.568440763680583,6.531572120569623,2.1978733690360457,1.3581090845199602,0.07755061358519982,0.2269211623880225
3.2883544483763423,9.417683763680582,6.495872120569623,2.4597733690360464,1.3938090845199604,0.06381761358519983,0.3074871623880225
3.0701544483763423,9.493062763680582,6.495872120569623,2.610473369036047,1.5055090845199603,0.1260736135851998,0.15367916238802248
2.923364448376342,9.608113763680583,6.460162120569623,2.7969733690360457,1.6290990845199604,0.2780506135851998,0.21410316238802252
2.923364448376342,9.869954763680582,6.460162120569623,2.947673369036046,1.6107890845199604,0.3338976135851998,0.28093716238802247
2.8836844483763424,10.096089763680583,6.384782120569623,2.947673369036046,1.6052990845199604,0.3476306135851998,0.1939621623880225
2.9590644483763424,10.131795763680582,6.495872120569623,2.8365733690360457,1.5814990845199604,0.3403066135851998,0.1939621623880225
2.9590644483763424,10.397607763680583,6.678362120569623,2.7215733690360473,1.4762090845199602,0.2295276135851998,0.2607951623880225
3.030474448376342,10.548357763680583,6.678362120569623,2.570773369036047,1.3635990845199601,0.042760613585199836,0.22051216238802251
3.105854448376342,10.623737763680582,6.714072120569623,2.3446733690360446,1.3819090845199602,0.026819386414800195,0.1738201623880225
3.0701544483763423,10.584067763680583,6.789452120569623,2.0074733690360453,1.3462090845199604,0.06381761358519983,0.3074871623880225
3.0701544483763423,10.699117763680583,6.749772120569623,1.7059733690360481,1.3819090845199602,0.2295276135851998,0.18663716238802247
2.9947744483763423,10.699117763680583,6.714072120569623,1.6305733690360462,1.3635990845199601,0.4236197135851998,0.20037016238802247
3.030474448376342,10.584067763680583,6.678362120569623,1.5551733690360479,1.3288100845199604,0.5417227135851999,0.3074871623880225
2.8836844483763424,10.433307763680583,6.714072120569623,1.479773369036046,1.3288100845199604,0.5902456135851998,0.27452816238802247
2.8836844483763424,10.171467763680582,6.714072120569623,1.4440733690360474,1.3343040845199603,0.5554556135851998,0.1738201623880225
3.030474448376342,10.096089763680583,6.749772120569623,1.3687733690360453,1.3050070845199604,0.4172110135851998,0.3010781623880225
3.030474448376342,10.020711763680582,6.860862120569623,1.4440733690360474,1.3874090845199603,0.3128406135851998,0.1664961623880225
3.0701544483763423,9.869954763680582,6.860862120569623,1.5948733690360477,1.4816990845199602,0.2716426135851998,0.21410316238802252
2.9947744483763423,9.643819763680582,6.896562120569623,1.7813733690360465,1.4350090845199603,0.1608636135851998,0.2946701623880225
2.9947744483763423,9.643819763680582,6.896562120569623,1.7813733690360465,1.4350090845199603,0.1608636135851998,0.2946701623880225
3.1415644483763425,9.754903763680582,6.971942120569623,1.932073369036047,1.4871990845199603,0.2231196135851998,0.1939621623880225
3.105854448376342,10.207177763680582,7.007652120569623,2.1978733690360457,1.6107890845199604,0.3476306135851998,0.2406541623880225
3.030474448376342,10.548357763680583,7.007652120569623,2.1978733690360457,1.5695990845199606,0.4309439135851998,0.26720416238802247
2.9947744483763423,10.774497763680582,7.079062120569623,2.158173369036046,1.5695990845199606,0.43735261358519983,0.1802291623880225
3.0701544483763423,10.885577763680583,7.079062120569623,2.1224733690360473,1.5467090845199603,0.2853746135851998,0.20677916238802252
3.2169444483763425,10.810197763680582,7.190142120569623,2.047173369036045,1.4405090845199604,0.11874861358519984,0.2873451623880225
3.2169444483763425,10.774497763680582,7.225852120569623,1.8209733690360466,1.4047990845199605,0.1398066135851998,0.24706216238802248
3.1772644483763424,10.849877763680583,7.372642120569623,1.6305733690360462,1.3462090845199604,0.24326061358519982,0.2607951623880225
3.030474448376342,11.076007763680582,7.190142120569623,1.6305733690360462,1.3114150845199604,0.30551661358519977,0.2543871623880225
2.9947744483763423,11.222797763680582,7.118732120569623,1.7059733690360481,1.3462090845199604,0.3613636135851998,0.27452816238802247
2.923364448376342,11.262467763680583,7.190142120569623,1.7059733690360481,1.3581090845199602,0.4794669135851998,0.1399461623880225
3.030474448376342,11.373557763680582,7.225852120569623,1.8209733690360466,1.3581090845199602,0.5765126135851998,0.2607951623880225
3.2169444483763425,11.337847763680582,7.190142120569623,2.047173369036045,1.4047990845199605,0.4931998135851998,0.3138961623880225
3.105854448376342,11.222797763680582,7.265522120569623,2.2335733690360478,1.4166990845199603,0.3540396135851998,0.1399461623880225
2.9590644483763424,11.111717763680582,7.448022120569623,2.2692733690360463,1.4871990845199603,0.1608636135851998,0.2946701623880225
3.030474448376342,10.960957763680582,7.448022120569623,2.2692733690360463,1.4578990845199602,0.14621461358519983,0.24706216238802248
3.1772644483763424,10.659447763680582,7.265522120569623,2.4200733690360465,1.5402990845199604,0.18100461358519981,0.1939621623880225
3.030474448376342,10.659447763680582,7.265522120569623,2.4200733690360465,1.5998090845199604,0.24326061358519982,0.2607951623880225
2.923364448376342,10.734827763680583,7.301232120569623,2.384373369036048,1.6757990845199604,0.3824210135851998,0.1939621623880225
2.812274448376342,10.774497763680582,7.372642120569623,2.2335733690360478,1.6583990845199605,0.4584097535851998,0.20037016238802247
2.9590644483763424,10.734827763680583,7.265522120569623,2.047173369036045,1.5695990845199606,0.4931998135851998,0.1738201623880225
2.923364448376342,10.960957763680582,7.448022120569623,1.7813733690360465,1.4350090845199603,0.4309439135851998,0.24706216238802248
2.923364448376342,10.960957763680582,7.448022120569623,1.7813733690360465,1.4350090845199603,0.4309439135851998,0.24706216238802248
3.030474448376342,10.810197763680582,7.594812120569623,1.6305733690360462,1.3874090845199603,0.3888297135851998,0.27452816238802247
3.0701544483763423,10.774497763680582,7.630512120569623,1.5551733690360479,1.3343040845199603,0.3403066135851998,0.2342451623880225
3.0701544483763423,10.774497763680582,7.630512120569623,1.5551733690360479,1.3343040845199603,0.3403066135851998,0.2342451623880225
3.2169444483763425,10.472977763680582,7.519432120569623,1.3687733690360453,1.3169090845199602,0.3201656135851998,0.24706216238802248
2.9947744483763423,10.810197763680582,7.630512120569623,1.3290733690360454,1.4643090845199604,0.4236197135851998,0.15367916238802248
2.8836844483763424,11.000627763680582,7.848712120569623,1.253673369036047,1.5055090845199603,0.5343985135851999,0.26720416238802247
3.1415644483763425,11.222797763680582,7.741602120569623,1.3687733690360453,1.5109990845199603,0.4858756135851998,0.22051216238802251
3.2883544483763423,11.337847763680582,7.701922120569623,1.3687733690360453,1.4643090845199604,0.3613636135851998,0.1335371623880225
3.2169444483763425,11.036337763680582,7.777302120569623,1.479773369036046,1.4459990845199604,0.2716426135851998,0.2543871623880225
3.105854448376342,10.885577763680583,7.848712120569623,1.5194733690360458,1.4231090845199605,0.2716426135851998,0.27452816238802247
3.105854448376342,10.849877763680583,7.777302120569623,1.670273369036046,1.4524090845199602,0.1947376135851998,0.21410316238802252
2.9947744483763423,10.960957763680582,7.701922120569623,1.7059733690360481,1.4990990845199605,0.09128361358519982,0.2543871623880225
2.847984448376342,10.925247763680582,7.777302120569623,1.8209733690360466,1.6052990845199604,0.16727161358519982,0.18663716238802247
2.8836844483763424,11.298177763680583,7.555132120569623,1.8209733690360466,1.6638890845199605,0.2643176135851998,0.16008716238802245
2.8836844483763424,11.298177763680583,7.555132120569623,1.8209733690360466,1.6290990845199604,0.2917836135851998,0.3074871623880225
2.847984448376342,11.599687763680581,7.701922120569623,1.896373369036045,1.6290990845199604,0.2231196135851998,0.1399461623880225
2.7765744483763424,11.750447763680583,7.813012120569623,1.896373369036045,1.4762090845199602,0.09769161358519979,0.21410316238802252
2.847984448376342,11.790117763680582,7.848712120569623,1.7455733690360447,1.2876120845199603,0.01529461358519979,0.3138961623880225
2.923364448376342,11.790117763680582,7.924092120569623,1.670273369036046,1.2400040845199602,0.07755061358519982,0.14635416238802246
2.847984448376342,11.675067763680582,7.777302120569623,1.7455733690360447,1.2519060845199603,0.2295276135851998,0.24706216238802248
2.847984448376342,11.675067763680582,7.777302120569623,1.7455733690360447,1.2519060845199603,0.2295276135851998,0.24706216238802248
2.8836844483763424,11.563987763680583,7.888392120569623,1.7059733690360481,1.2583150845199604,0.3201656135851998,0.2543871623880225
2.847984448376342,11.599687763680581,7.924092120569623,1.670273369036046,1.3526190845199602,0.3540396135851998,0.1939621623880225
2.6654844483763425,11.373557763680582,7.888392120569623,1.7059733690360481,1.4578990845199602,0.3613636135851998,0.22051216238802251
2.7369044483763423,11.222797763680582,7.888392120569623,1.7813733690360465,1.5402990845199604,0.3824210135851998,0.16008716238802245
2.923364448376342,11.000627763680582,7.848712120569623,2.0828733690360473,1.6464990845199603,0.3201656135851998,0.22051216238802251
2.9590644483763424,10.885577763680583,7.813012120569623,2.2335733690360478,1.6290990845199604,0.2020616135851998,0.24706216238802248
2.9590644483763424,10.734827763680583,7.995502120569623,2.4200733690360465,1.6052990845199604,0.09128361358519982,0.14635416238802246
2.8836844483763424,10.623737763680582,8.106592120569623,2.570773369036047,1.5586090845199605,0.007970613585199793,0.27452816238802247
2.9947744483763423,10.584067763680583,8.142292120569623,2.6858733690360452,1.5174090845199601,0.007970613585199793,0.20037016238802247
2.9947744483763423,10.508687763680582,8.070882120569623,2.8365733690360457,1.4990990845199605,0.13248161358519983,0.1664961623880225
2.8836844483763424,10.699117763680583,8.217672120569624,2.761273369036047,1.5640990845199605,0.2643176135851998,0.28093716238802247
2.847984448376342,11.076007763680582,8.253382120569624,2.761273369036047,1.6107890845199604,0.3750968135851998,0.1939621623880225
2.9947744483763423,11.413227763680583,8.178002120569623,2.610473369036047,1.5879090845199602,0.4858756135851998,0.2269211623880225
2.9947744483763423,11.413227763680583,8.178002120569623,2.610473369036047,1.5879090845199602,0.4858756135851998,0.2269211623880225
2.923364448376342,11.599687763680581,8.253382120569624,2.4597733690360464,1.4936090845199606,0.5279898135851998,0.2873451623880225
2.8836844483763424,11.675067763680582,8.217672120569624,2.3446733690360446,1.4643090845199604,0.3540396135851998,0.15367916238802248
2.8836844483763424,11.639367763680582,8.324792120569624,2.1978733690360457,1.3938090845199604,0.24326061358519982,0.1738201623880225
2.923364448376342,11.599687763680581,8.324792120569624,1.9717733690360468,1.3581090845199602,0.20938661358519983,0.3138961623880225
2.9590644483763424,11.675067763680582,8.253382120569624,1.856673369036045,1.3874090845199603,0.2569936135851998,0.2406541623880225
2.923364448376342,11.790117763680582,8.289082120569624,1.7059733690360481,1.4643090845199604,0.3686881135851998,0.22051216238802251
2.9590644483763424,11.940877763680582,8.253382120569624,1.7813733690360465,1.5348090845199605,0.5069327135851998,0.2269211623880225
3.0701544483763423,12.091637763680582,8.217672120569624,1.7059733690360481,1.5402990845199604,0.5902456135851998,0.22051216238802251
2.9590644483763424,12.051957763680582,8.217672120569624,1.5948733690360477,1.5467090845199603,0.5902456135851998,0.2342451623880225
2.923364448376342,12.091637763680582,8.253382120569624,1.479773369036046,1.4762090845199602,0.4025626135851998,0.26720416238802247
3.0701544483763423,12.051957763680582,8.435872120569623,1.4440733690360474,1.3581090845199602,0.24326061358519982,0.2607951623880225
3.1772644483763424,12.016257763680581,8.435872120569623,1.6305733690360462,1.3581090845199602,0.06381761358519983,0.2607951623880225
3.1415644483763425,11.976587763680582,8.471582120569623,1.479773369036046,1.3700090845199604,0.05649361358519983,0.27452816238802247
2.9947744483763423,12.091637763680582,8.364462120569623,1.4044733690360474,1.6464990845199603,0.2780506135851998,0.20037016238802247
2.923364448376342,12.091637763680582,8.471582120569623,1.3687733690360453,1.7114990845199602,0.4510855135851998,0.2406541623880225
2.8836844483763424,11.976587763680582,8.400172120569623,1.3687733690360453,1.7114990845199602,0.4996085135851998,0.20037016238802247
2.923364448376342,11.639367763680582,8.324792120569624,1.293373369036047,1.5695990845199606,0.3750968135851998,0.27452816238802247
2.9590644483763424,11.563987763680583,8.400172120569623,1.1028733690360468,1.4166990845199603,0.2643176135851998,0.20037016238802247
2.9947744483763423,11.448937763680583,8.471582120569623,1.1028733690360468,1.4047990845199605,0.1745966135851998,0.2543871623880225
3.030474448376342,11.448937763680583,8.507282120569624,1.1425733690360467,1.3114150845199604,0.18832961358519978,0.24706216238802248
2.8836844483763424,11.298177763680583,8.471582120569623,1.1782733690360452,1.3581090845199602,0.2780506135851998,0.22051216238802251
2.812274448376342,11.187097763680583,8.364462120569623,1.4440733690360474,1.4405090845199604,0.3403066135851998,0.20677916238802252
2.812274448376342,11.222797763680582,8.435872120569623,1.5194733690360458,1.4936090845199606,0.3338976135851998,0.2406541623880225
2.812274448376342,11.222797763680582,8.435872120569623,1.5194733690360458,1.4936090845199606,0.3338976135851998,0.2406541623880225
2.847984448376342,11.337847763680582,8.435872120569623,1.5948733690360477,1.6410090845199603,0.30551661358519977,0.20037016238802247
2.8836844483763424,11.413227763680583,8.507282120569624,1.8209733690360466,1.6931890845199602,0.2569936135851998,0.18663716238802247
2.923364448376342,11.488607763680582,8.693742120569624,2.047173369036045,1.6410090845199603,0.29910761358519977,0.28093716238802247
3.105854448376342,11.599687763680581,8.546962120569624,2.2335733690360478,1.5933990845199602,0.20938661358519983,0.2269211623880225
3.030474448376342,11.488607763680582,8.582662120569623,2.4200733690360465,1.5467090845199603,0.029027613585199785,0.18663716238802247
3.030474448376342,11.639367763680582,8.765162120569624,2.4200733690360465,1.4871990845199603,0.0015616135851997948,0.2873451623880225
3.0701544483763423,11.865497763680583,8.765162120569624,2.4597733690360464,1.5640990845199605,0.13248161358519983,0.1802291623880225
2.9947744483763423,12.167017763680583,8.876242120569623,2.4200733690360465,1.5640990845199605,0.29910761358519977,0.18663716238802247
3.1415644483763425,12.167017763680583,8.911952120569623,2.384373369036048,1.6107890845199604,0.3686881135851998,0.27452816238802247
3.105854448376342,12.317767763680582,8.983362120569623,2.4200733690360465,1.6290990845199604,0.3201656135851998,0.15367916238802248
3.1772644483763424,12.353477763680582,9.130152120569624,2.308973369036046,1.6107890845199604,0.20938661358519983,0.20037016238802247
3.3637344483763423,12.428857763680583,9.205522120569624,2.1224733690360473,1.5586090845199605,0.1260736135851998,0.27452816238802247
3.399434448376342,12.393147763680583,9.276942120569624,2.158173369036046,1.5174090845199601,0.07022661358519983,0.22051216238802251
3.324054448376342,12.393147763680583,9.316612120569623,1.896373369036045,1.5174090845199601,0.07022661358519983,0.1939621623880225
3.399434448376342,12.353477763680582,9.316612120569623,1.7813733690360465,1.4936090845199606,0.16727161358519982,0.22051216238802251
3.4351444483763425,12.393147763680583,9.388022120569623,1.7059733690360481,1.4762090845199602,0.4025626135851998,0.1939621623880225
3.5819344483763422,12.353477763680582,9.352312120569623,1.5948733690360477,1.5814990845199604,0.5206656135851998,0.2543871623880225
3.5462244483763423,12.317767763680582,9.459432120569623,1.3687733690360453,1.5174090845199601,0.5481314135851998,0.2543871623880225
3.5105244483763425,12.202717763680582,9.459432120569623,1.3290733690360454,1.5467090845199603,0.5133414135851998,0.22051216238802251
3.5105244483763425,12.202717763680582,9.459432120569623,1.3290733690360454,1.5467090845199603,0.5133414135851998,0.22051216238802251
3.5462244483763423,12.127337763680583,9.459432120569623,1.293373369036047,1.5759990845199603,0.5279898135851998,0.18663716238802247
3.8040944483763424,12.091637763680582,9.499102120569624,1.293373369036047,1.5521990845199602,0.4721426635851998,0.3074871623880225
3.7287244483763424,12.202717763680582,9.606222120569624,1.217973369036045,1.5695990845199606,0.43735261358519983,0.20677916238802252
3.6930144483763425,12.242387763680583,9.681602120569623,1.253673369036047,1.5283990845199602,0.3476306135851998,0.2342451623880225
3.8398044483763423,12.278097763680583,9.681602120569623,1.3687733690360453,1.5055090845199603,0.3128406135851998,0.20677916238802252
3.8040944483763424,12.242387763680583,9.717302120569624,1.4044733690360474,1.5283990845199602,0.43735261358519983,0.1802291623880225
3.7683944483763425,12.167017763680583,9.753012120569624,1.6305733690360462,1.5521990845199602,0.4648184475851998,0.2269211623880225
3.6216044483763423,12.393147763680583,9.792682120569625,1.670273369036046,1.5933990845199602,0.4236197135851998,0.2342451623880225
3.6930144483763425,12.916827763680583,9.828392120569625,1.5551733690360479,1.4285990845199605,0.23685261358519982,0.24706216238802248
3.6930144483763425,13.067587763680582,9.864092120569625,1.5551733690360479,1.4047990845199605,0.2716426135851998,0.2543871623880225
3.6930144483763425,13.142967763680582,9.864092120569625,1.5194733690360458,1.3700090845199604,0.2917836135851998,0.1939621623880225
3.6216044483763423,13.107257763680582,9.828392120569625,1.4044733690360474,1.4285990845199605,0.3128406135851998,0.27452816238802247
3.5462244483763423,13.031877763680583,9.864092120569625,1.4440733690360474,1.4285990845199605,0.30551661358519977,0.21410316238802252
3.5462244483763423,12.881127763680581,9.792682120569625,1.479773369036046,1.5055090845199603,0.16727161358519982,0.18663716238802247
3.6573144483763422,12.766077763680583,9.717302120569624,1.479773369036046,1.5348090845199605,0.18832961358519978,0.2406541623880225
3.5462244483763423,12.654987763680582,9.717302120569624,1.6305733690360462,1.5879090845199602,0.18832961358519978,0.28093716238802247
3.5819344483763422,12.730367763680583,9.681602120569623,1.7455733690360447,1.6638890845199605,0.2157946135851998,0.22051216238802251
3.4708444483763423,12.805747763680582,9.606222120569624,1.9717733690360468,1.6464990845199603,0.16727161358519982,0.2342451623880225
3.2883544483763423,12.992207763680582,9.717302120569624,2.0074733690360453,1.5933990845199602,0.049168613585199805,0.21410316238802252
3.3637344483763423,13.067587763680582,9.606222120569624,2.0074733690360453,1.6107890845199604,0.03322838641480019,0.1939621623880225
3.3637344483763423,13.142967763680582,9.645892120569624,2.1224733690360473,1.5402990845199604,0.007970613585199793,0.24706216238802248
3.324054448376342,13.182637763680582,9.534812120569624,2.1978733690360457,1.4816990845199602,0.05649361358519983,0.2543871623880225
3.1415644483763425,13.107257763680582,9.753012120569624,2.2335733690360478,1.4643090845199604,0.1745966135851998,0.20677916238802252
3.2883544483763423,13.031877763680583,9.828392120569625,2.1978733690360457,1.5055090845199603,0.2157946135851998,0.2342451623880225
3.3637344483763423,13.067587763680582,9.828392120569625,2.0828733690360473,1.4990990845199605,0.1535396135851998,0.2406541623880225
3.399434448376342,13.031877763680583,9.899802120569625,1.9717733690360468,1.5879090845199602,0.1947376135851998,0.1664961623880225
3.3637344483763423,13.107257763680582,10.046592120569624,1.932073369036047,1.6052990845199604,0.2643176135851998,0.16008716238802245
3.4351444483763425,13.031877763680583,10.082292120569624,1.932073369036047,1.6410090845199603,0.2643176135851998,0.2406541623880225
3.5819344483763422,13.031877763680583,10.082292120569624,1.896373369036045,1.6822090845199602,0.2295276135851998,0.21410316238802252
3.6216044483763423,12.916827763680583,10.193382120569623,1.932073369036047,1.6638890845199605,0.20938661358519983,0.21410316238802252
3.6216044483763423,12.805747763680582,10.304462120569625,1.8209733690360466,1.6107890845199604,0.18100461358519981,0.24706216238802248
3.7287244483763424,12.766077763680583,10.411582120569625,1.6305733690360462,1.5933990845199602,0.1947376135851998,0.1664961623880225
3.875514448376342,12.654987763680582,10.304462120569625,1.5948733690360477,1.5879090845199602,0.2853746135851998,0.1939621623880225
3.9508844483763426,12.579607763680581,10.340172120569624,1.5948733690360477,1.5814990845199604,0.3888297135851998,0.2543871623880225
3.7683944483763425,12.730367763680583,10.451252120569624,1.4440733690360474,1.6290990845199604,0.5829216135851998,0.18663716238802247
3.7287244483763424,12.916827763680583,10.522662120569624,1.253673369036047,1.6226990845199603,0.6314446135851999,0.18663716238802247
3.7287244483763424,13.031877763680583,10.486962120569624,1.1782733690360452,1.5521990845199602,0.4721426635851998,0.27452816238802247
3.7683944483763425,13.142967763680582,10.522662120569624,1.1028733690360468,1.5228990845199601,0.4025626135851998,0.22051216238802251
3.9865944483763425,13.182637763680582,10.558372120569624,0.9164733690360478,1.5174090845199601,0.4309439135851998,0.16008716238802245
3.9865944483763425,13.142967763680582,10.558372120569624,0.9918733690360462,1.4816990845199602,0.43735261358519983,0.27452816238802247
3.8398044483763423,13.258017763680582,10.598042120569623,0.9521733690360463,1.4871990845199603,0.4025626135851998,0.2873451623880225
3.8040944483763424,13.258017763680582,10.851952120569624,0.9918733690360462,1.5283990845199602,0.4996085135851998,0.1802291623880225
3.8398044483763423,13.142967763680582,10.780542120569624,1.0671733690360448,1.4643090845199604,0.4510855135851998,0.20037016238802247
3.9508844483763426,13.218347763680583,10.780542120569624,1.1782733690360452,1.4405090845199604,0.3888297135851998,0.2543871623880225
3.9151844483763423,13.333397763680583,10.816242120569624,1.4044733690360474,1.5228990845199601,0.3888297135851998,0.1939621623880225
3.8398044483763423,13.369097763680582,10.927332120569623,1.5194733690360458,1.5759990845199603,0.43735261358519983,0.2342451623880225
3.875514448376342,13.369097763680582,10.963032120569624,1.5194733690360458,1.5998090845199604,0.3824210135851998,0.2406541623880225
4.0619744483763425,13.559527763680581,10.963032120569624,1.4440733690360474,1.6290990845199604,0.18832961358519978,0.1939621623880225
4.0619744483763425,13.559527763680581,10.963032120569624,1.4440733690360474,1.6290990845199604,0.18832961358519978,0.1939621623880225
3.9508844483763426,13.484147763680582,10.963032120569624,1.217973369036045,1.6226990845199603,0.11874861358519984,0.1262131623880225
3.875514448376342,13.444477763680581,10.963032120569624,1.1425733690360467,1.5586090845199605,0.18100461358519981,0.24706216238802248
3.7683944483763425,13.369097763680582,10.851952120569624,1.0671733690360448,1.5174090845199601,0.2716426135851998,0.2543871623880225
3.6573144483763422,13.408777763680582,10.816242120569624,1.1782733690360452,1.5348090845199605,0.3403066135851998,0.15367916238802248
3.6930144483763425,13.293717763680583,10.816242120569624,1.0671733690360448,1.5228990845199601,0.3824210135851998,0.20037016238802247
3.6573144483763422,13.333397763680583,10.744832120569624,1.0275733690360447,1.5055090845199603,0.3540396135851998,0.2406541623880225
3.6216044483763423,13.484147763680582,10.669452120569623,1.1425733690360467,1.5879090845199602,0.2780506135851998,0.20677916238802252
3.6573144483763422,13.710287763680583,11.034442120569624,1.6305733690360462,1.5933990845199602,0.2569936135851998,0.27452816238802247
3.875514448376342,13.634907763680582,11.034442120569624,1.7059733690360481,1.5586090845199605,0.18100461358519981,0.11339516238802248
3.8040944483763424,13.484147763680582,11.256612120569624,2.0074733690360453,1.5695990845199606,0.1608636135851998,0.21410316238802252
3.8398044483763423,13.444477763680581,11.220912120569624,2.0074733690360453,1.6757990845199604,0.2853746135851998,0.1399461623880225
3.7683944483763425,13.519857763680582,11.220912120569624,2.1224733690360473,1.6876990845199602,0.3403066135851998,0.3276291623880225
3.8398044483763423,13.710287763680583,11.328022120569624,2.1224733690360473,1.7114990845199602,0.3338976135851998,0.21410316238802252
3.875514448376342,13.936417763680582,11.403402120569623,2.0828733690360473,1.6876990845199602,0.3338976135851998,0.22051216238802251
3.9508844483763426,14.011797763680583,11.403402120569623,2.047173369036045,1.5174090845199601,0.24326061358519982,0.2543871623880225
4.133384448376343,14.273637763680583,11.439112120569623,2.1224733690360473,1.5109990845199603,0.1608636135851998,0.2607951623880225
4.022304448376342,14.273637763680583,11.696982120569624,2.0828733690360473,1.4871990845199603,0.2917836135851998,0.21410316238802252
3.9865944483763425,14.233967763680582,11.657312120569625,1.896373369036045,1.5467090845199603,0.4794669135851998,0.20677916238802252
4.133384448376343,14.198267763680583,11.657312120569625,1.6305733690360462,1.5521990845199602,0.4584097535851998,0.2269211623880225
4.022304448376342,14.233967763680582,11.732722120569624,1.5551733690360479,1.6345990845199605,0.4584097535851998,0.2342451623880225
4.097674448376343,14.158587763680583,11.657312120569625,1.217973369036045,1.6583990845199605,0.4996085135851998,0.20677916238802252
4.097674448376343,14.122887763680582,11.696982120569624,1.0671733690360448,1.5998090845199604,0.5554556135851998,0.2607951623880225
4.169084448376342,13.972127763680582,11.732722120569624,0.9918733690360462,1.5521990845199602,0.6250356135851998,0.20037016238802247
4.097674448376343,14.011797763680583,11.657312120569625,0.8053733690360474,1.5695990845199606,0.5133414135851998,0.20677916238802252
4.097674448376343,14.122887763680582,11.696982120569624,0.4641733690360468,1.4697990845199604,0.3128406135851998,0.2342451623880225
4.133384448376343,14.233967763680582,11.657312120569625,0.5038733690360466,1.5228990845199601,0.4025626135851998,0.20677916238802252
4.133384448376343,14.233967763680582,11.657312120569625,0.5038733690360466,1.5640990845199605,0.4172110135851998,0.21410316238802252
4.097674448376343,14.158587763680583,11.657312120569625,0.4641733690360468,1.5933990845199602,0.3961539135851998,0.2342451623880225
4.097674448376343,14.158587763680583,11.657312120569625,0.4641733690360468,1.5933990845199602,0.3961539135851998,0.2342451623880225
3.9508844483763426,14.047507763680581,11.732722120569624,0.4284733690360447,1.5814990845199604,0.3961539135851998,0.22051216238802251
3.9508844483763426,14.083207763680583,11.657312120569625,0.5395733690360451,1.5695990845199606,0.4172110135851998,0.1738201623880225
3.8398044483763423,14.158587763680583,11.474812120569624,0.5395733690360451,1.5586090845199605,0.4510855135851998,0.2342451623880225
3.7683944483763425,14.158587763680583,11.474812120569624,0.6902733690360456,1.5109990845199603,0.4648184475851998,0.1939621623880225
3.5462244483763423,14.047507763680581,11.403402120569623,0.8053733690360474,1.5283990845199602,0.43735261358519983,0.20677916238802252
3.6216044483763423,14.122887763680582,11.363732120569624,0.9164733690360478,1.5933990845199602,0.20938661358519983,0.22051216238802251
3.6216044483763423,14.158587763680583,11.510522120569624,0.9918733690360462,1.6410090845199603,0.07022661358519983,0.21410316238802252
3.6930144483763425,14.047507763680581,11.657312120569625,0.9918733690360462,1.7526990845199601,0.07022661358519983,0.21410316238802252
3.9508844483763426,14.011797763680583,11.657312120569625,1.0671733690360448,1.7581890845199601,0.07755061358519982,0.15367916238802248
3.8398044483763423,14.011797763680583,11.839822120569623,1.217973369036045,1.6931890845199602,0.1608636135851998,0.22051216238802251
3.9151844483763423,14.309347763680583,11.839822120569623,1.0275733690360447,1.5055090845199603,0.4309439135851998,0.26720416238802247
3.8040944483763424,14.424397763680583,11.879522120569623,1.0275733690360447,1.4990990845199605,0.4510855135851998,0.2607951623880225
3.8398044483763423,14.384727763680583,11.879522120569623,0.9918733690360462,1.5640990845199605,0.3888297135851998,0.21410316238802252
3.8040944483763424,14.424397763680583,11.915222120569624,1.0275733690360447,1.5174090845199601,0.2853746135851998,0.2269211623880225
3.8398044483763423,14.309347763680583,11.950922120569624,1.1425733690360467,1.5521990845199602,0.18100461358519981,0.2406541623880225
3.875514448376342,14.198267763680583,11.879522120569623,1.217973369036045,1.6226990845199603,0.09128361358519982,0.24706216238802248
3.7683944483763425,14.083207763680583,11.804122120569623,1.4044733690360474,1.6107890845199604,0.10501661358519981,0.2543871623880225
3.7683944483763425,14.083207763680583,11.804122120569623,1.4044733690360474,1.6107890845199604,0.10501661358519981,0.2543871623880225
3.6930144483763425,14.083207763680583,11.732722120569624,1.4440733690360474,1.6931890845199602,0.23685261358519982,0.2342451623880225
3.5819344483763422,13.972127763680582,11.768422120569625,1.8209733690360466,1.6822090845199602,0.3888297135851998,0.24706216238802248
3.6216044483763423,14.011797763680583,11.732722120569624,1.856673369036045,1.6410090845199603,0.5279898135851998,0.26720416238802247
3.6216044483763423,14.011797763680583,11.732722120569624,1.856673369036045,1.6410090845199603,0.5279898135851998,0.26720416238802247
3.6216044483763423,13.936417763680582,11.768422120569625,2.0074733690360453,1.5695990845199606,0.3961539135851998,0.14635416238802246
3.5462244483763423,14.047507763680581,11.879522120569623,2.0828733690360473,1.5055090845199603,0.2716426135851998,0.27452816238802247
3.5819344483763422,14.122887763680582,11.915222120569624,2.0074733690360453,1.5759990845199603,0.20938661358519983,0.24706216238802248
3.5819344483763422,14.122887763680582,11.986622120569624,1.856673369036045,1.5933990845199602,0.2157946135851998,0.20677916238802252
3.6216044483763423,14.158587763680583,11.915222120569624,1.7813733690360465,1.6464990845199603,0.2917836135851998,0.2406541623880225
3.5462244483763423,14.384727763680583,11.879522120569623,1.670273369036046,1.6822090845199602,0.4025626135851998,0.1939621623880225
3.4351444483763425,14.384727763680583,11.915222120569624,1.5551733690360479,1.7114990845199602,0.4172110135851998,0.20037016238802247
3.324054448376342,14.273637763680583,11.879522120569623,1.3290733690360454,1.6052990845199604,0.3961539135851998,0.20677916238802252
3.2169444483763425,14.158587763680583,11.879522120569623,1.3290733690360454,1.4871990845199603,0.3201656135851998,0.27452816238802247
3.324054448376342,14.047507763680581,11.879522120569623,1.253673369036047,1.5283990845199602,0.2853746135851998,0.1939621623880225
3.3637344483763423,14.083207763680583,11.879522120569623,1.1782733690360452,1.5055090845199603,0.3201656135851998,0.2269211623880225
3.2883544483763423,13.972127763680582,11.879522120569623,1.0671733690360448,1.5109990845199603,0.3540396135851998,0.2946701623880225
3.2883544483763423,14.083207763680583,12.061922120569625,0.9521733690360463,1.6519890845199603,0.3201656135851998,0.21410316238802252
3.5105244483763425,14.122887763680582,12.173022120569623,0.7656733690360475,1.6822090845199602,0.1608636135851998,0.1738201623880225
3.7683944483763425,13.785667763680582,12.391222120569624,0.614973369036047,1.6052990845199604,0.3265736135851998,0.20677916238802252
3.7683944483763425,13.634907763680582,12.355522120569624,0.614973369036047,1.6464990845199603,0.4721426635851998,0.1738201623880225
3.8398044483763423,13.444477763680581,12.244422120569624,0.579273369036045,1.5814990845199604,0.4584097535851998,0.2406541623880225
3.8398044483763423,13.444477763680581,12.244422120569624,0.579273369036045,1.5814990845199604,0.4584097535851998,0.2406541623880225
3.5105244483763425,13.896747763680583,12.462622120569623,0.5038733690360466,1.7645990845199604,0.29910761358519977,0.2269211623880225
3.6573144483763422,14.083207763680583,12.502322120569623,0.4284733690360447,1.6638890845199605,0.18100461358519981,0.2269211623880225
3.6930144483763425,14.309347763680583,12.355522120569624,0.4641733690360468,1.5879090845199602,0.2716426135851998,0.20677916238802252
3.7287244483763424,14.349017763680582,12.315922120569624,0.6902733690360456,1.5109990845199603,0.3686881135851998,0.1939621623880225
3.5819344483763422,14.384727763680583,12.462622120569623,0.7299733690360455,1.4459990845199604,0.4309439135851998,0.2607951623880225
3.5105244483763425,14.575157763680583,12.426922120569625,0.7656733690360475,1.4990990845199605,0.4025626135851998,0.2269211623880225
3.5105244483763425,14.575157763680583,12.426922120569625,0.7656733690360475,1.4990990845199605,0.4025626135851998,0.2269211623880225
3.5105244483763425,14.535477763680582,12.280222120569624,0.8410733690360459,1.4990990845199605,0.3540396135851998,0.21410316238802252
3.5462244483763423,14.424397763680583,12.315922120569624,0.8410733690360459,1.5521990845199602,0.3265736135851998,0.3276291623880225
3.3637344483763423,14.158587763680583,12.280222120569624,1.0275733690360447,1.6995990845199604,0.2853746135851998,0.1802291623880225
3.2526444483763424,14.083207763680583,12.244422120569624,1.1782733690360452,1.7526990845199601,0.2569936135851998,0.20677916238802252
3.2883544483763423,13.936417763680582,12.061922120569625,1.4440733690360474,1.6995990845199604,0.3613636135851998,0.20677916238802252
3.2526444483763424,14.122887763680582,12.026222120569624,1.293373369036047,1.5521990845199602,0.44467681358519984,0.2342451623880225
3.1415644483763425,14.233967763680582,12.097722120569625,1.253673369036047,1.4578990845199602,0.4510855135851998,0.24706216238802248
3.1415644483763425,14.233967763680582,12.097722120569625,1.253673369036047,1.4578990845199602,0.4510855135851998,0.24706216238802248
2.9947744483763423,14.349017763680582,11.950922120569624,1.1425733690360467,1.5109990845199603,0.4025626135851998,0.2543871623880225
2.8836844483763424,14.309347763680583,12.026222120569624,1.1028733690360468,1.4936090845199606,0.4858756135851998,0.1802291623880225
2.923364448376342,14.233967763680582,12.097722120569625,0.8410733690360459,1.5402990845199604,0.5343985135851999,0.1939621623880225
3.0701544483763423,14.233967763680582,11.986622120569624,0.6545733690360471,1.5814990845199604,0.4721426635851998,0.28093716238802247
2.923364448376342,14.122887763680582,12.061922120569625,0.5395733690360451,1.6107890845199604,0.3686881135851998,0.1939621623880225
2.8836844483763424,14.309347763680583,12.173022120569623,0.4284733690360447,1.6226990845199603,0.3476306135851998,0.21410316238802252
2.9947744483763423,14.384727763680583,12.315922120569624,0.4641733690360468,1.6107890845199604,0.3888297135851998,0.3340371623880225
3.3637344483763423,14.460107763680583,12.315922120569624,0.5038733690360466,1.4936090845199606,0.4584097535851998,0.18663716238802247
3.6573144483763422,14.424397763680583,12.538022120569623,0.6545733690360471,1.4816990845199602,0.4858756135851998,0.2269211623880225
3.6216044483763423,14.535477763680582,12.538022120569623,0.6902733690360456,1.5467090845199603,0.3750968135851998,0.3010781623880225
3.5105244483763425,14.460107763680583,12.573722120569624,0.8410733690360459,1.5759990845199603,0.3201656135851998,0.20677916238802252
3.5105244483763425,14.460107763680583,12.573722120569624,0.8410733690360459,1.5759990845199603,0.3201656135851998,0.20677916238802252
3.5462244483763423,14.273637763680583,12.684822120569624,0.8053733690360474,1.6519890845199603,0.30551661358519977,0.2269211623880225
3.6573144483763422,14.122887763680582,12.649122120569624,0.9164733690360478,1.8167890845199604,0.2569936135851998,0.2406541623880225
3.6573144483763422,13.972127763680582,12.720522120569624,0.9521733690360463,1.7993890845199605,0.2569936135851998,0.1802291623880225
3.5462244483763423,13.896747763680583,12.720522120569624,0.9521733690360463,1.8167890845199604,0.1947376135851998,0.2269211623880225
3.6216044483763423,13.972127763680582,12.609422120569624,1.1028733690360468,1.7819990845199603,0.20938661358519983,0.2406541623880225
3.5462244483763423,14.083207763680583,12.903022120569624,1.1425733690360467,1.6822090845199602,0.2716426135851998,0.1738201623880225
3.5462244483763423,14.384727763680583,12.720522120569624,1.1028733690360468,1.6876990845199602,0.2295276135851998,0.16008716238802245
3.5105244483763425,14.610857763680581,12.791922120569623,1.1425733690360467,1.6702990845199603,0.16727161358519982,0.24706216238802248
3.4708444483763423,14.650537763680582,12.938722120569624,1.1425733690360467,1.6464990845199603,0.07755061358519982,0.2269211623880225
3.6216044483763423,14.650537763680582,12.867322120569623,1.0275733690360447,1.7169990845199603,0.14621461358519983,0.20677916238802252
3.5105244483763425,14.686237763680582,13.014122120569624,1.1028733690360468,1.6290990845199604,0.2505846135851998,0.27452816238802247
3.5105244483763425,14.499777763680584,13.125222120569624,1.0671733690360448,1.6464990845199603,0.3128406135851998,0.22051216238802251
3.4708444483763423,14.575157763680583,12.867322120569623,0.9918733690360462,1.6583990845199605,0.4172110135851998,0.21410316238802252
3.2883544483763423,14.273637763680583,13.014122120569624,1.0275733690360447,1.5402990845199604,0.4648184475851998,0.1664961623880225
3.324054448376342,14.158587763680583,12.756222120569625,0.9521733690360463,1.6107890845199604,0.3961539135851998,0.2406541623880225
3.2526444483763424,14.158587763680583,12.649122120569624,0.9918733690360462,1.6107890845199604,0.2716426135851998,0.26720416238802247
3.1415644483763425,14.198267763680583,12.720522120569624,0.8807733690360458,1.6107890845199604,0.3265736135851998,0.1802291623880225
3.0701544483763423,14.273637763680583,12.684822120569624,0.6545733690360471,1.7169990845199603,0.3476306135851998,0.20037016238802247
3.030474448376342,14.273637763680583,12.573722120569624,0.614973369036047,1.7114990845199602,0.2505846135851998,0.26720416238802247
3.0701544483763423,14.424397763680583,12.791922120569623,0.579273369036045,1.6757990845199604,0.29910761358519977,0.1738201623880225
3.2883544483763423,14.499777763680584,12.867322120569623,0.3134733690360463,1.5228990845199601,0.5279898135851998,0.3010781623880225
3.2169444483763425,14.499777763680584,13.049822120569624,0.277673369036048,1.5174090845199601,0.6103876135851998,0.1802291623880225
3.2169444483763425,14.499777763680584,13.049822120569624,0.277673369036048,1.5174090845199601,0.6103876135851998,0.1802291623880225
3.324054448376342,14.610857763680581,12.684822120569624,0.20237336903604586,1.5228990845199601,0.6250356135851998,0.2543871623880225
3.2526444483763424,14.499777763680584,12.867322120569623,0.20237336903604586,1.3581090845199602,0.6525016135851998,0.26720416238802247
3.2169444483763425,14.535477763680582,12.903022120569624,0.011873369036045744,1.5109990845199603,0.6872916135851999,0.21410316238802252
3.2526444483763424,14.535477763680582,12.831622120569625,0.05157336903604559,1.6583990845199605,0.4858756135851998,0.2607951623880225
3.2883544483763423,14.650537763680582,13.160922120569625,0.08727336903604765,1.5933990845199602,0.3403066135851998,0.22051216238802251
3.399434448376342,14.575157763680583,12.903022120569624,0.05157336903604559,1.7233990845199605,0.2780506135851998,0.1939621623880225
3.324054448376342,14.686237763680582,13.049822120569624,0.23807336903604792,1.6583990845199605,0.3265736135851998,0.24706216238802248
3.324054448376342,14.650537763680582,13.125222120569624,0.23807336903604792,1.5402990845199604,0.3824210135851998,0.2342451623880225
3.4351444483763425,14.575157763680583,12.756222120569625,0.3134733690360463,1.5586090845199605,0.4025626135851998,0.22051216238802251
3.4351444483763425,14.575157763680583,12.756222120569625,0.3134733690360463,1.5586090845199605,0.4025626135851998,0.22051216238802251
3.2169444483763425,14.309347763680583,12.978422120569624,0.4284733690360447,1.4936090845199606,0.3824210135851998,0.1939621623880225
3.105854448376342,14.273637763680583,12.867322120569623,0.35307336903604636,1.6226990845199603,0.3540396135851998,0.1939621623880225
3.030474448376342,14.273637763680583,12.791922120569623,0.23807336903604792,1.6822090845199602,0.3750968135851998,0.22051216238802251
2.9947744483763423,14.158587763680583,12.938722120569624,0.35307336903604636,1.6876990845199602,0.3128406135851998,0.20677916238802252
3.030474448376342,14.384727763680583,12.649122120569624,0.38877336903604487,1.8057990845199603,0.29910761358519977,0.2543871623880225
2.7011944483763424,14.535477763680582,12.720522120569624,0.4284733690360447,1.6226990845199603,0.2716426135851998,0.22051216238802251
2.5186944483763423,14.650537763680582,12.609422120569624,0.4284733690360447,1.5348090845199605,0.2231196135851998,0.20037016238802247
2.4829944483763424,14.836997763680582,12.315922120569624,0.4641733690360468,1.4578990845199602,0.05649361358519983,0.22051216238802251
2.3362044483763422,14.725907763680581,12.426922120569625,0.579273369036045,1.3114150845199604,0.06381761358519983,0.28093716238802247
2.260824448376342,14.801287763680582,12.208722120569623,0.5038733690360466,1.4990990845199605,0.2569936135851998,0.2543871623880225
2.1497444483763424,14.610857763680581,12.426922120569625,0.5395733690360451,1.5933990845199602,0.3476306135851998,0.1262131623880225
2.3362044483763422,14.575157763680583,12.684822120569624,0.4641733690360468,1.6702990845199603,0.3265736135851998,0.2946701623880225
2.5901144483763425,14.460107763680583,12.538022120569623,0.4641733690360468,1.7645990845199604,0.2917836135851998,0.18663716238802247
2.629784448376342,14.233967763680582,12.867322120569623,0.4641733690360468,1.6519890845199603,0.29910761358519977,0.11980416238802248
2.7369044483763423,14.309347763680583,12.791922120569623,0.5395733690360451,1.5879090845199602,0.24326061358519982,0.3074871623880225
2.7011944483763424,14.198267763680583,12.573722120569624,0.579273369036045,1.4762090845199602,0.3128406135851998,0.21410316238802252
2.554404448376342,14.273637763680583,12.684822120569624,0.579273369036045,1.4112090845199603,0.4309439135851998,0.1802291623880225
2.629784448376342,14.349017763680582,12.609422120569624,0.5038733690360466,1.5521990845199602,0.43735261358519983,0.28093716238802247
2.7011944483763424,14.460107763680583,12.791922120569623,0.277673369036048,1.5228990845199601,0.4996085135851998,0.16008716238802245
2.7011944483763424,14.460107763680583,12.791922120569623,0.277673369036048,1.5228990845199601,0.4996085135851998,0.16008716238802245
2.7369044483763423,14.424397763680583,12.978422120569624,0.20237336903604586,1.5348090845199605,0.5343985135851999,0.22051216238802251
2.7369044483763423,14.384727763680583,13.014122120569624,0.162673369036046,1.6519890845199603,0.5206656135851998,0.26720416238802247
2.7765744483763424,14.384727763680583,13.268022120569624,0.20237336903604586,1.5640990845199605,0.5829216135851998,0.1664961623880225
2.923364448376342,14.384727763680583,13.125222120569624,0.277673369036048,1.5467090845199603,0.5691886135851998,0.22051216238802251
2.9590644483763424,14.349017763680582,13.196622120569623,0.4284733690360447,1.5109990845199603,0.5554556135851998,0.2406541623880225
2.9590644483763424,14.499777763680584,13.307722120569624,0.4284733690360447,1.5228990845199601,0.5618643135851998,0.1939621623880225
3.030474448376342,14.575157763680583,13.232322120569624,0.38877336903604487,1.5814990845199604,0.4794669135851998,0.21410316238802252
3.0701544483763423,14.575157763680583,13.379122120569624,0.5038733690360466,1.6171990845199602,0.4025626135851998,0.2406541623880225
2.9590644483763424,14.535477763680582,13.454522120569624,0.5038733690360466,1.6931890845199602,0.3750968135851998,0.22051216238802251
3.0701544483763423,14.349017763680582,13.343422120569624,0.5395733690360451,1.6876990845199602,0.3476306135851998,0.21410316238802252
2.9947744483763423,14.198267763680583,13.307722120569624,0.6902733690360456,1.6226990845199603,0.3338976135851998,0.1802291623880225
2.847984448376342,14.011797763680583,13.307722120569624,0.7656733690360475,1.6290990845199604,0.2917836135851998,0.2269211623880225
2.8836844483763424,13.896747763680583,13.343422120569624,0.8053733690360474,1.6345990845199605,0.3265736135851998,0.22051216238802251
2.9590644483763424,13.785667763680582,13.307722120569624,0.8410733690360459,1.6345990845199605,0.3540396135851998,0.20677916238802252
3.0701544483763423,13.785667763680582,13.525922120569623,0.8053733690360474,1.7050890845199604,0.3338976135851998,0.16008716238802245
3.0701544483763423,13.896747763680583,13.672722120569624,0.8807733690360458,1.8057990845199603,0.3201656135851998,0.2269211623880225
3.2169444483763425,14.122887763680582,13.890922120569623,0.8807733690360458,1.7645990845199604,0.2853746135851998,0.21410316238802252
3.4351444483763425,14.575157763680583,13.601322120569623,0.9164733690360478,1.6464990845199603,0.2157946135851998,0.21410316238802252
3.030474448376342,14.575157763680583,13.855222120569623,0.9521733690360463,1.4524090845199602,0.1398066135851998,0.3138961623880225
2.923364448376342,14.610857763680581,13.855222120569623,0.7656733690360475,1.5998090845199604,0.2231196135851998,0.16008716238802245
2.9590644483763424,14.610857763680581,13.783822120569624,0.6902733690360456,1.6107890845199604,0.2505846135851998,0.20037016238802247
2.9947744483763423,14.575157763680583,13.890922120569623,0.614973369036047,1.5283990845199602,0.3750968135851998,0.3340371623880225
2.923364448376342,14.424397763680583,13.744122120569624,0.5038733690360466,1.6876990845199602,0.5829216135851998,0.14635416238802246
2.812274448376342,14.273637763680583,13.783822120569624,0.6545733690360471,1.6638890845199605,0.5765126135851998,0.2269211623880225
2.7765744483763424,14.198267763680583,13.601322120569623,0.614973369036047,1.5879090845199602,0.3201656135851998,0.2543871623880225
2.7011944483763424,14.122887763680582,13.525922120569623,0.579273369036045,1.6822090845199602,0.2643176135851998,0.1939621623880225
2.7011944483763424,14.122887763680582,13.525922120569623,0.579273369036045,1.6464990845199603,0.3540396135851998,0.20677916238802252
2.7369044483763423,14.198267763680583,13.268022120569624,0.5395733690360451,1.5814990845199604,0.4098868135851998,0.22051216238802251
2.6654844483763425,14.349017763680582,13.160922120569625,0.38877336903604487,1.5759990845199603,0.4996085135851998,0.1738201623880225
2.3719044483763425,14.460107763680583,13.049822120569624,0.3134733690360463,1.5109990845199603,0.5618643135851998,0.20677916238802252
2.3719044483763425,14.460107763680583,13.049822120569624,0.3134733690360463,1.5109990845199603,0.5618643135851998,0.20677916238802252
2.1894144483763425,14.535477763680582,13.125222120569624,0.011873369036045744,1.5109990845199603,0.5417227135851999,0.2543871623880225
2.078334448376342,14.424397763680583,12.938722120569624,0.13882663096395476,1.4524090845199602,0.5554556135851998,0.1939621623880225
1.8561644483763424,14.349017763680582,12.791922120569623,0.2142266309639531,1.4697990845199604,0.4510855135851998,0.2406541623880225
1.6736644483763423,14.349017763680582,12.831622120569625,0.3650266309639534,1.4990990845199605,0.4584097535851998,0.2543871623880225
1.7490444483763423,14.460107763680583,12.938722120569624,0.3650266309639534,1.5283990845199602,0.4931998135851998,0.20037016238802247
2.0426244483763423,14.610857763680581,12.831622120569625,0.3650266309639534,1.5467090845199603,0.3961539135851998,0.22051216238802251
2.1140344483763425,14.575157763680583,13.160922120569625,0.289626630963955,1.4459990845199604,0.3750968135851998,0.20677916238802252
2.1140344483763425,14.575157763680583,13.160922120569625,0.289626630963955,1.4459990845199604,0.3750968135851998,0.20677916238802252
2.078334448376342,14.535477763680582,13.125222120569624,0.17452663096395327,1.4231090845199605,0.3265736135851998,0.24706216238802248
2.078334448376342,14.460107763680583,13.049822120569624,0.023826630963952766,1.3635990845199601,0.4098868135851998,0.1939621623880225
1.9672444483763423,14.349017763680582,13.196622120569623,0.1269733690360475,1.3938090845199604,0.44467681358519984,0.22051216238802251
2.1140344483763425,14.198267763680583,13.232322120569624,0.1269733690360475,1.5521990845199602,0.3613636135851998,0.2406541623880225
2.260824448376342,13.936417763680582,13.379122120569624,0.08727336903604765,1.5467090845199603,0.23685261358519982,0.1802291623880225
2.4076144483763424,13.710287763680583,13.454522120569624,0.05157336903604559,1.5759990845199603,0.1745966135851998,0.21410316238802252
2.4829944483763424,13.595237763680583,13.561622120569623,0.1269733690360475,1.6822090845199602,0.2569936135851998,0.27452816238802247
2.4829944483763424,13.519857763680582,13.525922120569623,0.277673369036048,1.7233990845199605,0.4236197135851998,0.18663716238802247
2.4829944483763424,13.670617763680582,13.561622120569623,0.3134733690360463,1.6171990845199602,0.5343985135851999,0.1802291623880225
2.4829944483763424,13.670617763680582,13.490222120569625,0.277673369036048,1.5933990845199602,0.3338976135851998,0.3541791623880225
2.5186944483763423,13.821367763680582,13.561622120569623,0.3134733690360463,1.5283990845199602,0.2505846135851998,0.20677916238802252
2.5186944483763423,14.083207763680583,13.637022120569624,0.3134733690360463,1.5348090845199605,0.2505846135851998,0.1802291623880225
2.5186944483763423,14.384727763680583,13.490222120569625,0.3134733690360463,1.5228990845199601,0.3540396135851998,0.2543871623880225
2.3719044483763425,14.535477763680582,13.708422120569624,0.4284733690360447,1.4697990845199604,0.4996085135851998,0.18663716238802247
2.2251244483763424,14.499777763680584,13.637022120569624,0.38877336903604487,1.4936090845199606,0.4931998135851998,0.28093716238802247
2.1140344483763425,14.349017763680582,13.561622120569623,0.38877336903604487,1.4762090845199602,0.29910761358519977,0.20037016238802247
2.260824448376342,14.424397763680583,13.672722120569624,0.35307336903604636,1.4936090845199606,0.24326061358519982,0.1738201623880225
2.3362044483763422,14.384727763680583,13.783822120569624,0.3134733690360463,1.6226990845199603,0.3613636135851998,0.2342451623880225
2.5186944483763423,14.460107763680583,13.890922120569623,0.4284733690360447,1.6995990845199604,0.5618643135851998,0.1664961623880225
2.629784448376342,14.349017763680582,13.890922120569623,0.4641733690360468,1.6931890845199602,0.6314446135851999,0.15367916238802248
2.7369044483763423,14.198267763680583,13.930522120569623,0.4641733690360468,1.6171990845199602,0.7211656135851998,0.21410316238802252
2.7765744483763424,14.233967763680582,13.672722120569624,0.35307336903604636,1.4990990845199605,0.6451776135851999,0.1939621623880225
2.7011944483763424,14.047507763680581,14.037722120569624,0.3134733690360463,1.3224020845199602,0.6314446135851999,0.27452816238802247
2.5901144483763425,14.122887763680582,14.113022120569624,0.08727336903604765,1.4350090845199603,0.5133414135851998,0.20037016238802247
2.9590644483763424,14.198267763680583,14.366922120569624,0.13882663096395476,1.5695990845199606,0.4931998135851998,0.2873451623880225
2.9590644483763424,14.198267763680583,14.366922120569624,0.13882663096395476,1.5695990845199606,0.4931998135851998,0.2873451623880225
3.2526444483763424,14.309347763680583,14.295522120569624,0.2142266309639531,1.6757990845199604,0.7211656135851998,0.20677916238802252
3.0701544483763423,14.309347763680583,14.366922120569624,0.3650266309639534,1.6757990845199604,0.7843376135851998,0.18663716238802247
2.923364448376342,14.535477763680582,14.478022120569625,0.44032663096395197,1.5695990845199606,0.6103876135851998,0.2543871623880225
2.923364448376342,14.610857763680581,14.366922120569624,0.6625266309639528,1.4350090845199603,0.5069327135851998,0.18663716238802247
2.847984448376342,14.610857763680581,14.331222120569624,0.6268266309639543,1.4112090845199603,0.6525016135851998,0.1738201623880225
2.7765744483763424,14.650537763680582,14.002022120569624,0.6268266309639543,1.4936090845199606,0.6726436135851999,0.22051216238802251
2.4829944483763424,14.686237763680582,13.890922120569623,0.5117266309639525,1.4405090845199604,0.5765126135851998,0.2406541623880225
2.1894144483763425,14.650537763680582,13.637022120569624,0.6268266309639543,1.4643090845199604,0.3750968135851998,0.1664961623880225
2.1140344483763425,14.575157763680583,13.454522120569624,0.5871266309639545,1.4350090845199603,0.23685261358519982,0.28093716238802247
2.002954448376342,14.384727763680583,13.561622120569623,0.47602663096395403,1.4459990845199604,0.2020616135851998,0.2406541623880225
2.0426244483763423,14.349017763680582,13.343422120569624,0.24992663096395518,1.6519890845199603,0.1947376135851998,0.1399461623880225
2.0426244483763423,14.349017763680582,13.343422120569624,0.24992663096395518,1.6519890845199603,0.1947376135851998,0.1399461623880225
2.002954448376342,14.233967763680582,13.561622120569623,0.09912663096395491,1.7114990845199602,0.10501661358519981,0.2406541623880225
2.002954448376342,14.158587763680583,13.561622120569623,0.05157336903604559,1.7169990845199603,0.18100461358519981,0.21410316238802252
2.3362044483763422,14.198267763680583,13.454522120569624,0.20237336903604586,1.6757990845199604,0.3476306135851998,0.20677916238802252
2.2251244483763424,14.309347763680583,13.125222120569624,0.3134733690360463,1.4936090845199606,0.3824210135851998,0.22051216238802251
1.7093744483763422,14.198267763680583,13.232322120569624,0.35307336903604636,1.3874090845199603,0.43735261358519983,0.2607951623880225
1.3800844483763424,14.349017763680582,13.343422120569624,0.35307336903604636,1.4524090845199602,0.3686881135851998,0.24706216238802248
1.4911744483763423,14.349017763680582,13.414822120569625,0.23807336903604792,1.4697990845199604,0.20938661358519983,0.22051216238802251
1.8204544483763425,14.349017763680582,13.454522120569624,0.23807336903604792,1.4524090845199602,0.1608636135851998,0.26720416238802247
1.9315444483763424,14.384727763680583,13.490222120569625,0.20237336903604586,1.5283990845199602,0.2780506135851998,0.20037016238802247
1.7490444483763423,14.424397763680583,13.561622120569623,0.23807336903604792,1.6107890845199604,0.3824210135851998,0.20677916238802252
1.7847544483763422,14.460107763680583,13.672722120569624,0.277673369036048,1.5228990845199601,0.3888297135851998,0.3138961623880225
1.8958344483763425,14.460107763680583,13.744122120569624,0.23807336903604792,1.4762090845199602,0.5966546135851998,0.1939621623880225
2.0426244483763423,14.460107763680583,13.601322120569623,0.35307336903604636,1.4405090845199604,0.7211656135851998,0.1939621623880225
1.9315444483763424,14.233967763680582,13.783822120569624,0.23807336903604792,1.2931050845199603,0.7147576135851998,0.2946701623880225
1.9672444483763423,13.936417763680582,13.601322120569623,0.08727336903604765,1.3874090845199603,0.5133414135851998,0.2269211623880225
1.8958344483763425,13.634907763680582,13.525922120569623,0.08727336903604765,1.4871990845199603,0.4236197135851998,0.2269211623880225
1.9315444483763424,13.444477763680581,13.637022120569624,0.05157336903604559,1.5348090845199605,0.5279898135851998,0.1738201623880225
1.9315444483763424,13.408777763680582,13.637022120569624,0.06342663096395285,1.5814990845199604,0.5554556135851998,0.20037016238802247
1.9315444483763424,13.333397763680583,13.708422120569624,0.13882663096395476,1.6107890845199604,0.4931998135851998,0.26720416238802247
2.002954448376342,13.444477763680581,13.930522120569623,0.289626630963955,1.5695990845199606,0.3540396135851998,0.09966216238802249
2.3362044483763422,13.595237763680583,14.113022120569624,0.3650266309639534,1.5283990845199602,0.3613636135851998,0.2269211623880225
2.5901144483763425,13.670617763680582,14.331222120569624,0.3650266309639534,1.4990990845199605,0.5279898135851998,0.24706216238802248
2.5186944483763423,13.936417763680582,14.366922120569624,0.4007266309639519,1.5348090845199605,0.7074336135851998,0.03282906238802248
2.3719044483763425,13.936417763680582,14.220222120569623,0.44032663096395197,1.4524090845199602,0.6726436135851999,0.2607951623880225
2.2251244483763424,13.936417763680582,14.513722120569623,0.5117266309639525,1.4350090845199603,0.4996085135851998,0.3010781623880225
2.260824448376342,14.011797763680583,14.553422120569625,0.7022266309639544,1.6052990845199604,0.30551661358519977,0.07952116238802247
2.5186944483763423,14.122887763680582,14.589122120569623,0.737926630963953,1.5640990845199605,0.3128406135851998,0.2269211623880225
2.4076144483763424,14.158587763680583,14.660522120569624,0.737926630963953,1.5055090845199603,0.44467681358519984,0.1802291623880225
2.4076144483763424,14.158587763680583,14.660522120569624,0.737926630963953,1.5055090845199603,0.44467681358519984,0.1802291623880225
2.296534448376342,14.122887763680582,14.553422120569625,0.5871266309639545,1.6052990845199604,0.5691886135851998,0.20677916238802252
2.2251244483763424,14.158587763680583,14.553422120569625,0.3650266309639534,1.4816990845199602,0.4858756135851998,0.3138961623880225
2.3362044483763422,14.083207763680583,14.513722120569623,0.3650266309639534,1.3874090845199603,0.5343985135851999,0.20677916238802252
2.5186944483763423,13.972127763680582,14.331222120569624,0.44032663096395197,1.4578990845199602,0.5966546135851998,0.20037016238802247
2.296534448376342,14.083207763680583,14.259822120569623,0.3650266309639534,1.4459990845199604,0.5554556135851998,0.21410316238802252
1.9672444483763423,14.122887763680582,14.148722120569625,0.4007266309639519,1.5879090845199602,0.4858756135851998,0.1939621623880225
1.7490444483763423,14.011797763680583,13.890922120569623,0.5117266309639525,1.5998090845199604,0.4794669135851998,0.20037016238802247
1.5268744483763423,13.972127763680582,13.672722120569624,0.5117266309639525,1.5055090845199603,0.4584097535851998,0.1738201623880225
1.4554644483763424,13.896747763680583,13.525922120569623,0.5871266309639545,1.4285990845199605,0.4172110135851998,0.22051216238802251
1.3086744483763424,13.785667763680582,13.561622120569623,0.6625266309639528,1.4166990845199603,0.4098868135851998,0.22051216238802251
1.2690044483763423,13.896747763680583,13.637022120569624,0.7022266309639544,1.4231090845199605,0.3961539135851998,0.2543871623880225
1.3800844483763424,14.047507763680581,13.708422120569624,0.6268266309639543,1.4285990845199605,0.6039786135851998,0.1939621623880225
1.4911744483763423,14.273637763680583,13.783822120569624,0.737926630963953,1.4285990845199605,0.8118036135851998,0.20037016238802247
1.4554644483763424,14.460107763680583,13.637022120569624,0.737926630963953,1.3526190845199602,0.8392696135851998,0.20037016238802247
1.1975944483763423,14.535477763680582,13.601322120569623,0.8133266309639531,1.2464130845199604,0.7495476135851998,0.2607951623880225
1.0865044483763424,14.460107763680583,13.819522120569625,0.8529266309639532,1.2345110845199603,0.4858756135851998,0.1939621623880225
1.4554644483763424,14.233967763680582,13.819522120569625,0.7022266309639544,1.2638080845199604,0.4510855135851998,0.2269211623880225
1.6022544483763423,14.158587763680583,13.855222120569623,0.5117266309639525,1.3874090845199603,0.5618643135851998,0.18663716238802247
1.6022544483763423,14.158587763680583,13.855222120569623,0.5117266309639525,1.3874090845199603,0.5618643135851998,0.18663716238802247
1.5625844483763422,14.047507763680581,13.890922120569623,0.5514266309639524,1.4936090845199606,0.6177116135851998,0.3010781623880225
1.4554644483763424,13.896747763680583,13.966222120569624,0.6625266309639528,1.4578990845199602,0.5765126135851998,0.1664961623880225
1.8958344483763425,13.785667763680582,13.966222120569624,0.5871266309639545,1.4816990845199602,0.5069327135851998,0.1939621623880225
2.0426244483763423,13.484147763680582,13.930522120569623,0.4007266309639519,1.4350090845199603,0.4794669135851998,0.3276291623880225
2.1140344483763425,13.369097763680582,13.966222120569624,0.24992663096395518,1.3938090845199604,0.5206656135851998,0.1802291623880225
1.9672444483763423,13.258017763680582,13.783822120569624,0.24992663096395518,1.4578990845199602,0.5343985135851999,0.20037016238802247
1.8958344483763425,13.218347763680583,13.672722120569624,0.32532663096395353,1.4578990845199602,0.4858756135851998,0.2269211623880225
1.7490444483763423,13.258017763680582,13.819522120569625,0.3650266309639534,1.4871990845199603,0.4172110135851998,0.2269211623880225
1.7490444483763423,13.258017763680582,13.819522120569625,0.3650266309639534,1.4871990845199603,0.4172110135851998,0.2269211623880225
1.7847544483763422,13.444477763680581,14.037722120569624,0.5871266309639545,1.5814990845199604,0.30551661358519977,0.24706216238802248
1.9315444483763424,13.595237763680583,14.220222120569623,0.6625266309639528,1.5933990845199602,0.1745966135851998,0.28093716238802247
1.9672444483763423,13.745987763680581,14.624822120569624,0.6268266309639543,1.4990990845199605,0.1535396135851998,0.21410316238802252
2.1894144483763425,13.861047763680581,14.513722120569623,0.5117266309639525,1.5467090845199603,0.3613636135851998,0.22051216238802251
2.4433244483763423,13.936417763680582,14.553422120569625,0.289626630963955,1.4047990845199605,0.6872916135851999,0.2543871623880225
2.260824448376342,14.047507763680581,14.331222120569624,0.289626630963955,1.2583150845199604,0.7907466135851998,0.2342451623880225
1.8958344483763425,13.972127763680582,14.406622120569624,0.47602663096395403,1.3224020845199602,0.7074336135851998,0.1939621623880225
1.8204544483763425,13.936417763680582,14.660522120569624,0.5117266309639525,1.4459990845199604,0.43735261358519983,0.22051216238802251
2.1497444483763424,13.896747763680583,14.660522120569624,0.47602663096395403,1.4762090845199602,0.2780506135851998,0.21410316238802252
2.296534448376342,13.595237763680583,14.735922120569624,0.2142266309639531,1.5814990845199604,0.5902456135851998,0.2269211623880225
2.260824448376342,13.484147763680582,14.660522120569624,0.09912663096395491,1.5467090845199603,0.7010246135851999,0.1939621623880225
2.296534448376342,13.559527763680581,14.589122120569623,0.09912663096395491,1.4524090845199602,0.7495476135851998,0.1939621623880225
2.4433244483763423,13.519857763680582,14.259822120569623,0.24992663096395518,1.4350090845199603,0.8319446135851998,0.26720416238802247
2.296534448376342,13.369097763680582,14.220222120569623,0.32532663096395353,1.3050070845199604,0.8118036135851998,0.1738201623880225
1.8958344483763425,13.333397763680583,14.037722120569624,0.44032663096395197,1.3938090845199604,0.6662346135851998,0.26720416238802247
1.5268744483763423,13.142967763680582,13.855222120569623,0.47602663096395403,1.4936090845199606,0.5481314135851998,0.20037016238802247
1.2332944483763424,13.107257763680582,13.819522120569625,0.5871266309639545,1.5109990845199603,0.5765126135851998,0.14635416238802246
1.2332944483763424,13.107257763680582,13.819522120569625,0.5871266309639545,1.5109990845199603,0.5765126135851998,0.14635416238802246
1.1975944483763423,13.142967763680582,13.708422120569624,0.5871266309639545,1.5467090845199603,0.6250356135851998,0.28093716238802247
1.3086744483763424,13.293717763680583,13.601322120569623,0.6268266309639543,1.5109990845199603,0.4996085135851998,0.16008716238802245
1.1975944483763423,13.821367763680582,14.002022120569624,0.8529266309639532,1.3288100845199604,0.3201656135851998,0.3010781623880225
1.1579244483763422,14.122887763680582,14.002022120569624,0.737926630963953,1.2583150845199604,0.4794669135851998,0.1664961623880225
1.0865044483763424,14.384727763680583,13.708422120569624,0.6268266309639543,1.1283100845199603,0.7358146135851997,0.2269211623880225
1.0865044483763424,14.309347763680583,13.637022120569624,0.6625266309639528,1.1640160845199605,0.7284906135851998,0.1939621623880225
0.9040144483763424,14.122887763680582,13.855222120569623,0.6625266309639528,1.3526190845199602,0.4025626135851998,0.16008716238802245
1.0508044483763423,13.896747763680583,14.037722120569624,0.6625266309639528,1.4166990845199603,0.05649361358519983,0.2269211623880225
1.0508044483763423,13.896747763680583,14.037722120569624,0.6625266309639528,1.4166990845199603,0.05649361358519983,0.2269211623880225
1.1222144483763423,13.745987763680581,14.037722120569624,0.7022266309639544,1.4936090845199606,0.10501661358519981,0.21410316238802252
1.1222144483763423,13.519857763680582,13.966222120569624,0.6625266309639528,1.4871990845199603,0.3476306135851998,0.1939621623880225
1.2332944483763424,13.369097763680582,13.819522120569625,0.47602663096395403,1.4350090845199603,0.4648184475851998,0.24706216238802248
1.1222144483763423,13.067587763680582,13.890922120569623,0.3650266309639534,1.3700090845199604,0.3686881135851998,0.1939621623880225
1.2332944483763424,12.916827763680583,13.672722120569624,0.4007266309639519,1.3938090845199604,0.3128406135851998,0.20677916238802252
1.2690044483763423,12.766077763680583,13.601322120569623,0.3650266309639534,1.3993090845199605,0.4931998135851998,0.1802291623880225
1.3086744483763424,12.730367763680583,13.490222120569625,0.44032663096395197,1.3993090845199605,0.5765126135851998,0.1802291623880225
1.1975944483763423,12.690697763680582,13.343422120569624,0.5117266309639525,1.5174090845199601,0.5279898135851998,0.20677916238802252
0.9397144483763424,12.805747763680582,13.637022120569624,0.5871266309639545,1.5467090845199603,0.4025626135851998,0.20677916238802252
0.8643444483763423,12.841447763680582,14.077322120569624,0.8133266309639531,1.5586090845199605,0.30551661358519977,0.2406541623880225
1.3086744483763424,12.956497763680582,14.002022120569624,0.8133266309639531,1.5109990845199603,0.2917836135851998,0.1939621623880225
1.3443844483763423,13.107257763680582,14.442322120569624,0.8529266309639532,1.2757100845199605,0.4510855135851998,0.1939621623880225
1.4911744483763423,13.258017763680582,14.220222120569623,0.8886266309639534,1.2812030845199605,0.7495476135851998,0.2607951623880225
1.3086744483763424,13.369097763680582,14.113022120569624,0.737926630963953,1.1402120845199604,1.0681506135852,0.16008716238802245
0.9754244483763423,13.293717763680583,14.148722120569625,0.8529266309639532,1.0523210845199604,1.2137196135851998,0.2269211623880225
0.9754244483763423,13.369097763680582,14.366922120569624,1.0037266309639534,1.2290180845199603,0.9363146135851999,0.27452816238802247
1.3800844483763424,13.218347763680583,14.553422120569625,1.0394266309639537,1.3993090845199605,0.5417227135851999,0.1399461623880225
1.7093744483763422,13.031877763680583,14.807322120569625,1.0037266309639534,1.4762090845199602,0.3265736135851998,0.2607951623880225
1.8204544483763425,12.881127763680581,14.882722120569625,0.9283266309639533,1.5586090845199605,0.4098868135851998,0.20037016238802247
1.7490444483763423,12.881127763680581,14.882722120569625,0.777526630963953,1.6226990845199603,0.7074336135851998,0.1335371623880225
1.8204544483763425,12.916827763680583,14.843022120569623,0.6625266309639528,1.4405090845199604,0.9088496135851998,0.3138961623880225
1.7847544483763422,13.031877763680583,14.553422120569625,0.7022266309639544,1.2931050845199603,0.9436396135851999,0.18663716238802247
1.7847544483763422,13.031877763680583,14.366922120569624,0.777526630963953,1.1283100845199603,0.8182116135851998,0.1262131623880225
1.5625844483763422,12.841447763680582,14.113022120569624,0.9283266309639533,1.1164080845199602,0.6387686135851998,0.1939621623880225
1.2332944483763424,12.690697763680582,13.930522120569623,0.9283266309639533,1.3224020845199602,0.5902456135851998,0.2269211623880225
1.0111344483763423,12.543907763680583,13.819522120569625,0.8529266309639532,1.4816990845199602,0.5481314135851998,0.2406541623880225
0.8643444483763423,12.543907763680583,13.930522120569623,0.9283266309639533,1.6931890845199602,0.4931998135851998,0.2406541623880225
0.8643444483763423,12.579607763680581,13.890922120569623,1.1148266309639538,1.6931890845199602,0.2853746135851998,0.1939621623880225
0.8643444483763423,12.615317763680583,14.220222120569623,1.154426630963954,1.5109990845199603,0.2157946135851998,0.20677916238802252
0.8286344483763424,13.067587763680582,14.077322120569624,1.0394266309639537,1.4643090845199604,0.24326061358519982,0.21410316238802252
0.6461404483763422,13.369097763680582,13.819522120569625,0.9640266309639536,1.1878190845199603,0.4309439135851998,0.18663716238802247
0.3882664483763422,13.484147763680582,13.525922120569623,0.7022266309639544,0.9580220845199604,0.5765126135851998,0.1802291623880225
0.0946874483763423,13.559527763680581,13.490222120569625,0.5514266309639524,0.9937270845199604,0.6525016135851998,0.20677916238802252
0.20577144837634226,13.710287763680583,13.601322120569623,0.5871266309639545,1.1878190845199603,0.5481314135851998,0.1802291623880225
0.35256144837634223,13.595237763680583,13.744122120569624,0.5871266309639545,1.3224020845199602,0.2780506135851998,0.18663716238802247
0.4993504483763423,13.218347763680583,13.855222120569623,0.6268266309639543,1.4459990845199604,0.1745966135851998,0.1939621623880225
0.4993504483763423,13.218347763680583,13.855222120569623,0.6268266309639543,1.4459990845199604,0.1745966135851998,0.1939621623880225
0.5350564483763423,13.067587763680582,13.890922120569623,0.7022266309639544,1.5586090845199605,0.2157946135851998,0.20037016238802247
0.4993504483763423,13.031877763680583,14.037722120569624,0.5514266309639524,1.4047990845199605,0.3613636135851998,0.20037016238802247
0.6104344483763422,12.916827763680583,13.744122120569624,0.5514266309639524,1.3819090845199602,0.5069327135851998,0.1939621623880225
0.7175514483763423,12.766077763680583,13.414822120569625,0.47602663096395403,1.2171160845199602,0.6250356135851998,0.18663716238802247
0.6461404483763422,12.468527763680582,13.454522120569624,0.5514266309639524,1.0111220845199602,0.7907466135851998,0.27452816238802247
0.7572244483763422,12.278097763680583,13.160922120569625,0.737926630963953,1.1054220845199603,0.8603266135851998,0.15367916238802248
0.6818454483763423,12.127337763680583,13.343422120569624,0.7022266309639544,1.1878190845199603,0.8044786135851998,0.20677916238802252
0.6104344483763422,11.976587763680582,14.077322120569624,0.8529266309639532,1.3819090845199602,0.5618643135851998,0.2873451623880225
1.0865044483763424,11.976587763680582,14.037722120569624,1.1148266309639538,1.6757990845199604,0.3540396135851998,0.11980416238802248
1.4554644483763424,12.016257763680581,14.696222120569624,1.0791266309639536,1.5814990845199604,0.3824210135851998,0.24706216238802248
1.7093744483763422,12.242387763680583,14.696222120569624,1.0791266309639536,1.4871990845199603,0.6039786135851998,0.24706216238802248
1.7093744483763422,12.242387763680583,14.696222120569624,1.0791266309639536,1.4871990845199603,0.6039786135851998,0.24706216238802248
1.6022544483763423,12.579607763680581,14.331222120569624,0.8529266309639532,1.4112090845199603,0.8667346135851999,0.16008716238802245
1.2332944483763424,12.841447763680582,14.366922120569624,0.8133266309639531,1.0111220845199602,1.0470936135851998,0.21410316238802252
1.5625844483763422,12.841447763680582,14.589122120569623,1.229826630963954,1.1759170845199605,0.6872916135851999,0.22051216238802251
1.6379644483763423,12.615317763680583,15.065222120569624,1.229826630963954,1.2226090845199602,0.3824210135851998,0.2873451623880225
1.7847544483763422,12.579607763680581,15.283422120569623,1.229826630963954,1.4990990845199605,0.4648184475851998,0.15367916238802248
1.8204544483763425,12.615317763680583,15.100922120569624,1.1148266309639538,1.7407990845199603,0.6250356135851998,0.20037016238802247
1.6379644483763423,12.730367763680583,15.394522120569624,1.0037266309639534,1.4459990845199604,0.6937006135851997,0.24706216238802248
1.7490444483763423,12.805747763680582,14.807322120569625,0.9640266309639536,1.4047990845199605,0.6387686135851998,0.15367916238802248
1.6736644483763423,12.730367763680583,14.295522120569624,0.9283266309639533,1.1759170845199605,0.6387686135851998,0.1802291623880225
1.1975944483763423,12.579607763680581,14.184422120569623,0.9640266309639536,0.9342180845199604,0.6451776135851999,0.20677916238802252
0.8643444483763423,12.543907763680583,13.525922120569623,1.0791266309639536,1.1576070845199604,0.5133414135851998,0.1939621623880225
0.6461404483763422,12.393147763680583,13.601322120569623,0.9640266309639536,1.3581090845199602,0.3403066135851998,0.20677916238802252
0.4636454483763423,12.127337763680583,13.930522120569623,1.0394266309639537,1.5402990845199604,0.3613636135851998,0.14635416238802246
0.6461404483763422,11.901207763680581,13.672722120569624,1.1148266309639538,1.8112890845199603,0.3265736135851998,0.28093716238802247
0.42397244837634224,11.901207763680581,13.966222120569624,1.0037266309639534,1.5814990845199604,0.30551661358519977,0.26720416238802247
0.4636454483763423,12.051957763680582,13.672722120569624,1.0037266309639534,1.4285990845199605,0.3613636135851998,0.14635416238802246
0.20577144837634226,12.353477763680582,13.085522120569625,0.8529266309639532,1.1347190845199604,0.5618643135851998,0.2342451623880225
0.3456815516236577,12.468527763680582,13.196622120569623,0.7022266309639544,0.7227310845199604,0.7358146135851997,0.2269211623880225
0.4924705516236577,12.615317763680583,13.085522120569625,0.8133266309639531,0.9406270845199604,0.7358146135851997,0.1939621623880225
0.27030265162365774,12.579607763680581,13.160922120569625,0.737926630963953,1.1933120845199605,0.6314446135851999,0.18663716238802247
0.016396551623657718,12.504227763680582,13.601322120569623,0.8529266309639532,1.2107070845199603,0.5481314135851998,0.2342451623880225
0.31685544837634233,12.167017763680583,13.708422120569624,0.9283266309639533,1.4697990845199604,0.5829216135851998,0.2406541623880225
0.31685544837634233,12.167017763680583,13.708422120569624,0.9283266309639533,1.4697990845199604,0.5829216135851998,0.2406541623880225
0.24147744837634227,12.091637763680582,13.890922120569623,0.8529266309639532,1.4990990845199605,0.4584097535851998,0.20677916238802252
0.17006644837634227,12.278097763680583,14.259822120569623,0.8133266309639531,1.2400040845199602,0.4025626135851998,0.26720416238802247
0.5350564483763423,12.393147763680583,13.637022120569624,0.8529266309639532,1.1988060845199604,0.5343985135851999,0.2269211623880225
0.6104344483763422,12.353477763680582,13.672722120569624,0.8133266309639531,0.9754170845199603,0.7422236135851998,0.20037016238802247
0.31685544837634233,12.167017763680583,13.490222120569625,0.8529266309639532,0.9287250845199604,0.8392696135851998,0.1939621623880225
0.27718244837634226,12.127337763680583,13.232322120569624,1.0394266309639537,1.1466210845199605,0.8530016135851999,0.20677916238802252
0.20577144837634226,11.865497763680583,13.930522120569623,1.1148266309639538,1.2107070845199603,0.7211656135851998,0.16008716238802245
0.7175514483763423,11.639367763680582,14.077322120569624,1.2655266309639543,1.4816990845199602,0.4236197135851998,0.20677916238802252
1.1975944483763423,11.298177763680583,14.478022120569625,1.3806266309639543,1.5283990845199602,0.2917836135851998,0.2342451623880225
1.5268744483763423,11.187097763680583,14.660522120569624,1.3409266309639545,1.4405090845199604,0.4098868135851998,0.1939621623880225
1.5268744483763423,11.187097763680583,14.660522120569624,1.3409266309639545,1.4405090845199604,0.4098868135851998,0.1939621623880225
1.4911744483763423,11.298177763680583,14.406622120569624,1.2655266309639543,1.4405090845199604,0.6103876135851998,0.20677916238802252
0.9754244483763423,11.563987763680583,14.184422120569623,1.154426630963954,1.2107070845199603,0.8392696135851998,0.20037016238802247
0.6461404483763422,11.639367763680582,14.406622120569624,1.1901266309639542,1.0642230845199605,0.9225816135851999,0.16008716238802245
1.0111344483763423,11.790117763680582,14.184422120569623,1.3806266309639543,1.1521140845199604,0.7495476135851998,0.1664961623880225
1.1222144483763423,11.714737763680581,14.478022120569625,1.3806266309639543,1.0935200845199604,0.5829216135851998,0.1399461623880225
0.9754244483763423,11.750447763680583,14.807322120569625,1.3806266309639543,1.2638080845199604,0.3888297135851998,0.20037016238802247
0.8286344483763424,11.714737763680581,14.696222120569624,1.2655266309639543,1.5228990845199601,0.2505846135851998,0.2342451623880225
0.5707614483763424,11.675067763680582,14.882722120569625,1.1901266309639542,1.3938090845199604,0.3888297135851998,0.2269211623880225
0.6818454483763423,11.714737763680581,14.220222120569623,1.154426630963954,1.3462090845199604,0.6250356135851998,0.20037016238802247
0.6818454483763423,11.714737763680581,14.220222120569623,1.154426630963954,1.3462090845199604,0.6250356135851998,0.20037016238802247
0.31685544837634233,11.901207763680581,13.783822120569624,1.1148266309639538,1.1988060845199604,0.6872916135851999,0.1664961623880225
0.30997555162365775,11.940877763680582,13.561622120569623,1.1901266309639542,1.0111220845199602,0.6314446135851999,0.1939621623880225
0.7106715516236577,12.051957763680582,13.160922120569625,1.229826630963954,1.0523210845199604,0.5829216135851998,0.22051216238802251
0.6749655516236577,11.750447763680583,13.125222120569624,1.0394266309639537,1.1759170845199605,0.4931998135851998,0.26720416238802247
0.27030265162365774,11.599687763680581,13.268022120569624,0.9283266309639533,1.3050070845199604,0.3686881135851998,0.21410316238802252
0.38138655162365775,11.413227763680583,13.637022120569624,0.8529266309639532,1.3581090845199602,0.3824210135851998,0.18663716238802247
0.38138655162365775,11.448937763680583,13.343422120569624,0.8133266309639531,1.3635990845199601,0.44467681358519984,0.2607951623880225
0.5638815516236577,11.563987763680583,12.903022120569624,0.9283266309639533,1.0990130845199604,0.6726436135851999,0.15367916238802248
0.7860495516236576,11.563987763680583,12.978422120569624,1.0037266309639534,0.8399190845199603,0.7147576135851998,0.20677916238802252
0.6749655516236577,11.639367763680582,12.938722120569624,1.154426630963954,0.9699240845199604,0.6177116135851998,0.2406541623880225
0.5281765516236577,11.488607763680582,13.160922120569625,1.2655266309639543,1.0166160845199603,0.4584097535851998,0.1939621623880225
0.27030265162365774,11.262467763680583,13.561622120569623,1.2655266309639543,1.1402120845199604,0.4794669135851998,0.14635416238802246
0.17006644837634227,11.036337763680582,13.525922120569623,1.2655266309639543,1.4816990845199602,0.7422236135851998,0.2269211623880225
0.20577144837634226,10.810197763680582,14.037722120569624,1.2655266309639543,1.3938090845199604,0.7843376135851998,0.28093716238802247
0.24147744837634227,10.810197763680582,14.037722120569624,1.491726630963953,1.3462090845199604,0.5206656135851998,0.20677916238802252
0.17006644837634227,10.885577763680583,13.708422120569624,1.6067266309639532,1.2400040845199602,0.3128406135851998,0.20677916238802252
0.023276448376342268,11.000627763680582,13.819522120569625,1.7575266309639535,0.9342180845199604,0.4309439135851998,0.27452816238802247
0.08780755162365772,11.222797763680582,13.672722120569624,1.7932266309639537,1.1109150845199602,0.8182116135851998,0.1939621623880225
0.20577144837634226,11.036337763680582,14.113022120569624,1.8686266309639539,1.2464130845199604,0.6937006135851997,0.1802291623880225
0.7572244483763422,10.885577763680583,14.406622120569624,1.9439266309639542,1.3581090845199602,0.5279898135851998,0.2406541623880225
1.2332944483763424,10.849877763680583,14.624822120569624,1.8686266309639539,1.2345110845199603,0.6177116135851998,0.21410316238802252
0.9754244483763423,10.849877763680583,14.220222120569623,1.8686266309639539,1.1521140845199604,0.4510855135851998,0.2543871623880225
0.42397244837634224,11.076007763680582,14.442322120569624,1.7932266309639537,1.1402120845199604,0.4794669135851998,0.26720416238802247
0.42397244837634224,11.187097763680583,14.406622120569624,1.9439266309639542,1.2290180845199603,0.7211656135851998,0.15367916238802248
0.7175514483763423,11.222797763680582,14.148722120569625,1.8328266309639538,1.2519060845199603,0.8530016135851999,0.20677916238802252
0.5707614483763424,11.111717763680582,14.331222120569624,1.7575266309639535,1.0871110845199605,0.8182116135851998,0.1939621623880225
0.4636454483763423,10.810197763680582,14.037722120569624,1.6424266309639535,1.2226090845199602,0.6799676135851997,0.2543871623880225
0.31685544837634233,10.659447763680582,14.077322120569624,1.4163266309639528,1.1759170845199605,0.6314446135851999,0.22051216238802251
0.24147744837634227,10.508687763680582,13.966222120569624,1.4560266309639545,1.0340110845199604,0.6726436135851999,0.1939621623880225
0.0946874483763423,10.548357763680583,13.379122120569624,1.531326630963953,1.1988060845199604,0.6451776135851999,0.26720416238802247
0.5638815516236577,10.623737763680582,13.160922120569625,1.5670266309639533,1.1228170845199603,0.6799676135851997,0.15367916238802248
1.0796285516236577,10.885577763680583,12.867322120569623,1.6821266309639533,1.0871110845199605,0.6872916135851999,0.21410316238802252
1.1153345516236577,11.000627763680582,12.609422120569624,1.8328266309639538,1.1695090845199605,0.6589106135851999,0.1664961623880225
1.0042505516236577,11.036337763680582,12.938722120569624,1.7575266309639535,1.0578140845199604,0.5133414135851998,0.1262131623880225
0.7106715516236577,10.925247763680582,13.196622120569623,1.7178266309639536,1.0459130845199605,0.4584097535851998,0.20037016238802247
0.38138655162365775,10.925247763680582,13.014122120569624,1.6067266309639532,1.1576070845199604,0.43735261358519983,0.24706216238802248
0.4924705516236577,10.885577763680583,13.268022120569624,1.5670266309639533,0.9873190845199603,0.5481314135851998,0.1664961623880225
0.5281765516236577,11.036337763680582,12.791922120569623,1.6821266309639533,1.0642230845199605,0.7074336135851998,0.1664961623880225
0.6749655516236577,11.187097763680583,13.160922120569625,1.7575266309639535,1.0871110845199605,0.7907466135851998,0.2873451623880225
0.5281765516236577,11.337847763680582,13.414822120569625,2.055026630963953,1.1402120845199604,0.6314446135851999,0.1262131623880225
0.12351305162365772,11.222797763680582,13.379122120569624,2.205826630963953,1.1814110845199604,0.4025626135851998,0.1262131623880225
0.023276448376342268,11.111717763680582,13.744122120569624,2.205826630963953,1.0578140845199604,0.4172110135851998,0.24706216238802248
0.27718244837634226,11.111717763680582,13.708422120569624,2.130426630963953,1.0990130845199604,0.5554556135851998,0.20677916238802252
0.42397244837634224,11.076007763680582,13.601322120569623,2.0193266309639544,1.0990130845199604,0.7422236135851998,0.20677916238802252
0.27718244837634226,10.849877763680583,13.672722120569624,2.130426630963953,1.0340110845199604,0.7696886135851998,0.24706216238802248
0.0946874483763423,10.699117763680583,13.343422120569624,2.3962266309639535,1.1054220845199603,0.6314446135851999,0.20677916238802252
0.016396551623657718,10.508687763680582,13.160922120569625,2.582726630963954,1.1347190845199604,0.4996085135851998,0.1738201623880225
0.16318595162365773,10.357927763680582,13.454522120569624,2.808826630963953,1.1402120845199604,0.44467681358519984,0.1939621623880225
0.05210155162365773,10.508687763680582,13.525922120569623,2.884226630963953,1.3874090845199603,0.2853746135851998,0.2269211623880225
0.05210155162365773,10.508687763680582,13.525922120569623,2.884226630963953,1.3874090845199603,0.2853746135851998,0.2269211623880225
0.0946874483763423,10.397607763680583,13.708422120569624,2.6977266309639543,1.3938090845199604,0.23685261358519982,0.2342451623880225
0.6104344483763422,10.171467763680582,13.379122120569624,2.3565266309639537,1.1878190845199603,0.8118036135851998,0.21410316238802252
0.058982448376342256,10.171467763680582,13.490222120569625,2.2454266309639532,0.9113300845199603,0.8877916135851998,0.24706216238802248
0.45676555162365773,10.322227763680582,13.196622120569623,2.3565266309639537,0.8701310845199604,0.8118036135851998,0.2607951623880225
0.7106715516236577,10.397607763680583,13.454522120569624,2.5470266309639538,0.9873190845199603,0.6589106135851999,0.21410316238802252
0.4924705516236577,10.433307763680583,13.414822120569625,2.507326630963954,1.0285180845199604,0.5481314135851998,0.20677916238802252
0.30997555162365775,10.397607763680583,13.601322120569623,2.431926630963954,1.1054220845199603,0.5279898135851998,0.11980416238802248
0.5281765516236577,10.246847763680583,13.525922120569623,2.205826630963953,1.2290180845199603,0.5618643135851998,0.22051216238802251
0.5281765516236577,10.246847763680583,13.525922120569623,2.205826630963953,1.2290180845199603,0.5618643135851998,0.22051216238802251
0.7503445516236578,10.020711763680582,13.490222120569625,2.0193266309639544,1.1988060845199604,0.7495476135851998,0.27452816238802247
0.7106715516236577,9.905660763680583,13.085522120569625,1.8686266309639539,1.0166160845199603,0.8951166135851998,0.1802291623880225
0.7860495516236576,10.096089763680583,12.462622120569623,1.9439266309639542,0.8582290845199604,0.8877916135851998,0.3074871623880225
1.3017955516236577,10.322227763680582,12.355522120569624,2.130426630963953,0.7813250845199604,0.6103876135851998,0.2873451623880225
1.7421655516236576,10.322227763680582,12.280222120569624,2.205826630963953,0.8875260845199604,0.3201656135851998,0.1664961623880225
1.6667855516236576,10.357927763680582,12.391222120569624,2.3208266309639534,1.0816180845199603,0.2231196135851998,0.2269211623880225
1.1153345516236577,10.433307763680583,12.538022120569623,2.170126630963953,1.2107070845199603,0.4648184475851998,0.2342451623880225
0.7106715516236577,10.322227763680582,12.756222120569625,2.0193266309639544,1.2757100845199605,0.7211656135851998,0.1664961623880225
0.4924705516236577,10.246847763680583,12.831622120569625,2.055026630963953,1.2226090845199602,0.6451776135851999,0.1802291623880225
0.45676555162365773,10.056416763680582,12.903022120569624,2.0193266309639544,0.9937270845199604,0.4996085135851998,0.22051216238802251
0.3456815516236577,10.131795763680582,12.938722120569624,2.205826630963953,0.8463280845199603,0.5133414135851998,0.20037016238802247
0.3456815516236577,10.131795763680582,12.938722120569624,2.205826630963953,0.8463280845199603,0.5133414135851998,0.20037016238802247
0.08780755162365772,10.056416763680582,13.268022120569624,2.431926630963954,1.2638080845199604,0.5481314135851998,0.1802291623880225
0.08780755162365772,10.056416763680582,13.268022120569624,2.431926630963954,1.2638080845199604,0.5481314135851998,0.1802291623880225
0.08780755162365772,9.905660763680583,13.637022120569624,2.431926630963954,1.2464130845199604,0.6103876135851998,0.1262131623880225
0.3882664483763422,9.754903763680582,13.414822120569625,2.431926630963954,0.9406270845199604,0.6726436135851999,0.3212201623880225
0.35256144837634223,9.945332763680582,13.268022120569624,2.582726630963954,0.8930190845199604,0.4794669135851998,0.20677916238802252
0.35256144837634223,9.945332763680582,13.268022120569624,2.582726630963954,0.8930190845199604,0.4794669135851998,0.20677916238802252
0.016396551623657718,10.020711763680582,12.938722120569624,2.808826630963953,0.9992210845199604,0.3686881135851998,0.2342451623880225
0.38138655162365775,10.207177763680582,13.160922120569625,2.959626630963953,1.0340110845199604,0.4309439135851998,0.28093716238802247
0.27030265162365774,10.131795763680582,13.014122120569624,3.1103266309639537,1.2226090845199602,0.6250356135851998,0.18663716238802247
0.23459705162365774,10.131795763680582,13.125222120569624,3.185726630963954,1.2995140845199602,0.7147576135851998,0.1939621623880225
0.30997555162365775,10.056416763680582,13.525922120569623,3.1500266309639535,1.1695090845199605,0.6726436135851999,0.22051216238802251
0.12351305162365772,9.905660763680583,13.268022120569624,3.0349266309639535,1.0642230845199605,0.6314446135851999,0.21410316238802252
0.08780755162365772,9.754903763680582,13.085522120569625,2.7731266309639544,0.7694230845199603,0.7358146135851997,0.2543871623880225
0.27030265162365774,9.754903763680582,12.791922120569623,2.884226630963953,0.6110370845199604,0.8255366135851998,0.20677916238802252
0.6749655516236577,9.869954763680582,12.684822120569624,2.8485266309639528,0.8170310845199604,0.7843376135851998,0.2406541623880225
1.0042505516236577,10.020711763680582,13.125222120569624,2.923826630963953,1.0578140845199604,0.7284906135851998,0.1664961623880225
0.6749655516236577,10.096089763680583,12.867322120569623,2.923826630963953,1.2812030845199605,0.6525016135851998,0.2406541623880225
0.38138655162365775,9.905660763680583,13.049822120569624,2.8485266309639528,1.1695090845199605,0.6589106135851999,0.1262131623880225
0.4170925516236577,9.568440763680583,12.903022120569624,2.622326630963954,1.0871110845199605,0.5554556135851998,0.1939621623880225
0.4170925516236577,9.568440763680583,12.903022120569624,2.622326630963954,1.0871110845199605,0.5554556135851998,0.1939621623880225
0.45676555162365773,9.493062763680582,12.649122120569624,2.3962266309639535,0.9287250845199604,0.5343985135851999,0.2873451623880225
0.7503445516236578,9.532735763680583,12.573722120569624,2.2811266309639535,0.7053360845199603,0.6589106135851999,0.2269211623880225
0.7503445516236578,9.608113763680583,12.133422120569623,2.3962266309639535,0.7813250845199604,0.8044786135851998,0.20677916238802252
1.0439235516236578,9.679524763680583,11.950922120569624,2.5470266309639538,0.8756240845199603,0.8951166135851998,0.21410316238802252
1.4089155516236576,9.719197763680583,12.244422120569624,2.8485266309639528,1.0166160845199603,0.6726436135851999,0.24706216238802248
1.1510395516236578,9.719197763680583,12.315922120569624,2.923826630963953,1.3050070845199604,0.3613636135851998,0.1262131623880225
0.7106715516236577,9.719197763680583,12.867322120569623,2.7731266309639544,1.1988060845199604,0.2505846135851998,0.16008716238802245
0.4170925516236577,9.643819763680582,12.978422120569624,2.6977266309639543,1.0697160845199605,0.3201656135851998,0.28093716238802247
0.12351305162365772,9.719197763680583,12.502322120569623,2.507326630963954,0.9754170845199603,0.5343985135851999,0.21410316238802252
0.4170925516236577,9.679524763680583,12.502322120569623,2.4716266309639536,0.7520280845199603,0.7907466135851998,0.2269211623880225
0.6392605516236578,9.945332763680582,12.426922120569625,2.582726630963954,0.7758320845199604,0.8804676135851999,0.20037016238802247
0.7860495516236576,10.131795763680582,12.720522120569624,2.8485266309639528,0.9525290845199603,0.7358146135851997,0.15367916238802248
0.45676555162365773,10.171467763680582,12.938722120569624,2.9992266309639533,1.0111220845199602,0.43735261358519983,0.15367916238802248
0.19889152162365772,9.905660763680583,13.232322120569624,2.9992266309639533,1.0166160845199603,0.24326061358519982,0.1939621623880225
0.05210155162365773,9.719197763680583,13.125222120569624,2.808826630963953,1.1402120845199604,0.16727161358519982,0.21410316238802252
0.23459705162365774,9.754903763680582,13.085522120569625,2.582726630963954,1.0816180845199603,0.3888297135851998,0.1802291623880225
0.30997555162365775,9.754903763680582,12.573722120569624,2.4716266309639536,1.0459130845199605,0.6726436135851999,0.2406541623880225
0.5638815516236577,9.754903763680582,12.280222120569624,2.4716266309639536,0.9635150845199604,0.8255366135851998,0.2406541623880225
0.9328395516236576,9.679524763680583,11.986622120569624,2.6977266309639543,0.9168230845199603,0.6387686135851998,0.1399461623880225
0.9328395516236576,9.679524763680583,11.986622120569624,2.6977266309639543,0.9168230845199603,0.6387686135851998,0.1399461623880225
1.4089155516236576,9.643819763680582,12.097722120569625,2.884226630963953,0.9818260845199603,0.43735261358519983,0.21410316238802252
1.0042505516236577,9.493062763680582,12.502322120569623,2.6580266309639544,1.0230240845199603,0.3750968135851998,0.21410316238802252
0.6749655516236577,9.417683763680582,12.462622120569623,2.507326630963954,1.0047140845199602,0.4584097535851998,0.20677916238802252
0.8217555516236577,9.155843463680583,12.502322120569623,2.2454266309639532,0.9113300845199603,0.6662346135851998,0.2269211623880225
1.1153345516236577,9.191548963680582,12.173022120569623,2.0947266309639545,0.8811180845199603,0.8740596135851998,0.1802291623880225
1.4089155516236576,9.266927363680582,12.026222120569624,2.205826630963953,0.7987200845199603,0.9015246135851998,0.2342451623880225
1.3375055516236576,9.266927363680582,12.208722120569623,2.3565266309639537,0.8518210845199604,0.6662346135851998,0.20037016238802247
1.1510395516236578,9.231221863680583,12.244422120569624,2.3962266309639535,0.9873190845199603,0.2917836135851998,0.20037016238802247
1.2621255516236576,9.116170563680582,12.791922120569623,2.431926630963954,0.9461200845199603,0.24326061358519982,0.22051216238802251
1.0439235516236578,9.040791763680582,12.609422120569624,2.3208266309639534,1.0697160845199605,0.4510855135851998,0.2269211623880225
0.8574605516236578,9.040791763680582,12.502322120569623,2.130426630963953,1.0111220845199602,0.7495476135851998,0.18663716238802247
0.9328395516236576,8.929707763680582,12.426922120569625,2.170126630963953,0.8518210845199604,1.0058946135851998,0.22051216238802251
0.8971335516236578,8.965413763680582,12.026222120569624,2.4716266309639536,0.8051290845199603,0.8667346135851999,0.24706216238802248
1.1907125516236576,8.965413763680582,12.208722120569623,2.6977266309639543,0.7346330845199603,0.6387686135851998,0.15367916238802248
1.1907125516236576,8.965413763680582,12.208722120569623,2.6977266309639543,0.7346330845199603,0.6387686135851998,0.15367916238802248
1.0796285516236577,9.116170563680582,12.355522120569624,2.9992266309639533,0.8225240845199604,0.3338976135851998,0.1664961623880225
0.7860495516236576,9.080464963680582,12.649122120569624,3.2254266309639537,0.9818260845199603,0.20938661358519983,0.27452816238802247
0.6035545516236578,9.155843463680583,12.903022120569624,3.185726630963954,1.0697160845199605,0.4172110135851998,0.20037016238802247
0.4170925516236577,9.116170563680582,12.831622120569625,3.0746266309639534,1.1695090845199605,0.7010246135851999,0.1335371623880225
0.30997555162365775,9.116170563680582,12.831622120569625,2.959626630963953,1.0285180845199604,0.8603266135851998,0.24706216238802248
0.23459705162365774,9.191548963680582,12.502322120569623,2.923826630963953,0.8344260845199604,0.7980706135851998,0.1664961623880225
0.23459705162365774,9.191548963680582,12.609422120569624,3.1103266309639537,0.7758320845199604,0.7010246135851999,0.20677916238802252
0.23459705162365774,9.306599763680582,13.014122120569624,3.4118266309639544,0.8289330845199603,0.44467681358519984,0.2946701623880225
0.016396551623657718,9.457356763680583,12.978422120569624,3.487226630963953,1.0578140845199604,0.2505846135851998,0.1399461623880225
0.08780755162365772,9.306599763680582,13.343422120569624,3.522926630963953,1.0990130845199604,0.3888297135851998,0.20677916238802252
0.08780755162365772,9.306599763680582,13.343422120569624,3.522926630963953,1.0990130845199604,0.3888297135851998,0.20677916238802252
0.05210155162365773,9.155843463680583,13.049822120569624,3.447526630963953,1.1640160845199605,0.7010246135851999,0.27452816238802247
0.5638815516236577,8.778951763680583,12.355522120569624,3.261126630963954,0.7694230845199603,0.9848376135851997,0.20037016238802247
0.6392605516236578,8.628194763680582,11.839822120569623,3.261126630963954,0.7163230845199604,0.8182116135851998,0.2543871623880225
1.0042505516236577,8.588521763680582,11.839822120569623,3.3722266309639544,0.7227310845199604,0.5765126135851998,0.24706216238802248
1.2621255516236576,8.628194763680582,12.097722120569625,3.562626630963953,0.8637230845199604,0.4172110135851998,0.21410316238802252
1.2621255516236576,8.628194763680582,12.097722120569625,3.562626630963953,0.8637230845199604,0.4172110135851998,0.21410316238802252
1.1907125516236576,8.703572763680583,12.315922120569624,3.3364266309639543,1.1054220845199603,0.5554556135851998,0.20037016238802247
0.9328395516236576,8.703572763680583,12.133422120569623,2.9992266309639533,0.9818260845199603,0.8465936135851998,0.26720416238802247
1.1153345516236577,8.588521763680582,12.026222120569624,2.7334266309639528,0.8051290845199603,0.8877916135851998,0.1939621623880225
1.2264155516236577,8.628194763680582,11.696982120569624,2.582726630963954,0.5927270845199604,0.7422236135851998,0.2607951623880225
1.3017955516236577,8.628194763680582,11.879522120569623,2.6580266309639544,0.5579360845199604,0.6103876135851998,0.2607951623880225
1.1153345516236577,8.890035763680583,12.280222120569624,2.6580266309639544,0.7987200845199603,0.5691886135851998,0.1802291623880225
0.8574605516236578,9.040791763680582,12.391222120569624,2.582726630963954,1.0230240845199603,0.5206656135851998,0.2543871623880225
0.8574605516236578,8.890035763680583,12.903022120569624,2.622326630963954,1.0871110845199605,0.5618643135851998,0.20677916238802252
0.7106715516236577,8.588521763680582,12.720522120569624,2.431926630963954,1.1109150845199602,0.6726436135851999,0.18663716238802247
0.7106715516236577,8.628194763680582,12.538022120569623,2.205826630963953,0.8875260845199604,0.8182116135851998,0.2342451623880225
0.6392605516236578,8.588521763680582,12.208722120569623,2.170126630963953,0.5698380845199604,0.8740596135851998,0.3010781623880225
0.6392605516236578,8.663899763680583,11.915222120569624,2.170126630963953,0.5634300845199604,0.7284906135851998,0.1738201623880225
0.8217555516236577,8.663899763680583,12.173022120569623,2.205826630963953,0.6696310845199603,0.4858756135851998,0.11980416238802248
0.8971335516236578,8.929707763680582,12.280222120569624,2.3208266309639534,0.8756240845199603,0.3750968135851998,0.2406541623880225
0.7860495516236576,8.965413763680582,12.462622120569623,2.3208266309639534,1.1347190845199604,0.4648184475851998,0.20037016238802247
0.45676555162365773,8.965413763680582,12.538022120569623,2.205826630963953,1.1814110845199604,0.5966546135851998,0.1664961623880225
0.3456815516236577,8.778951763680583,12.538022120569623,2.0193266309639544,0.9937270845199604,0.5765126135851998,0.1939621623880225
0.45676555162365773,8.552815763680583,12.355522120569624,1.8686266309639539,0.8463280845199603,0.5343985135851999,0.20037016238802247
0.6749655516236577,8.402059763680583,11.915222120569624,1.7932266309639537,0.6934350845199604,0.4584097535851998,0.2269211623880225
0.8971335516236578,8.326680763680582,12.173022120569623,1.9043266309639542,0.5817400845199604,0.4721426635851998,0.2946701623880225
0.9685445516236577,8.402059763680583,11.950922120569624,2.055026630963953,0.9223160845199604,0.3686881135851998,0.20037016238802247
1.1510395516236578,8.326680763680582,12.133422120569623,2.170126630963953,0.9406270845199604,0.3540396135851998,0.16008716238802245
1.3732055516236576,8.100547763680582,12.173022120569623,2.170126630963953,0.9937270845199604,0.4584097535851998,0.2269211623880225
1.3732055516236576,7.9497877636805825,11.657312120569625,2.0193266309639544,1.0047140845199602,0.5618643135851998,0.1939621623880225
1.5199955516236576,7.763327763680582,11.621602120569625,1.9796266309639527,0.6934350845199604,0.7632806135851998,0.22051216238802251
1.7421655516236576,7.648277763680582,11.109822120569625,2.0947266309639545,0.6110370845199604,0.7147576135851998,0.2607951623880225
2.3293255516236577,7.723657763680582,11.074122120569625,2.3565266309639537,0.7108300845199604,0.29910761358519977,0.1664961623880225
2.142865551623658,7.838707763680582,11.145532120569625,2.582726630963954,0.9168230845199603,0.2917836135851998,0.1738201623880225
2.0714455516236576,7.8744077636805825,11.510522120569624,2.507326630963954,1.0111220845199602,0.4025626135851998,0.1802291623880225
1.8135755516236576,7.723657763680582,11.621602120569625,2.3565266309639537,0.9937270845199604,0.4510855135851998,0.2269211623880225
1.5199955516236576,7.723657763680582,11.403402120569623,2.2811266309639535,0.8811180845199603,0.5966546135851998,0.22051216238802251
1.3375055516236576,7.687947763680582,11.439112120569623,2.170126630963953,0.6696310845199603,0.6872916135851999,0.21410316238802252
1.0796285516236577,7.687947763680582,11.328022120569624,2.205826630963953,0.5634300845199604,0.6726436135851999,0.2269211623880225
1.2264155516236577,7.648277763680582,11.950922120569624,2.4716266309639536,0.6284320845199604,0.6589106135851999,0.2406541623880225
0.9685445516236577,7.838707763680582,12.061922120569625,2.582726630963954,0.9754170845199603,0.5279898135851998,0.1939621623880225
0.7503445516236578,7.9497877636805825,12.426922120569625,2.8485266309639528,0.9287250845199604,0.6726436135851999,0.2607951623880225
0.5281765516236577,7.7990277636805825,12.391222120569624,2.923826630963953,0.9342180845199604,0.8044786135851998,0.1738201623880225
0.38138655162365775,7.7990277636805825,12.208722120569623,2.923826630963953,0.8930190845199604,0.8044786135851998,0.20677916238802252
0.5281765516236577,7.572897763680582,12.026222120569624,2.959626630963953,0.5927270845199604,0.7074336135851998,0.3010781623880225
0.45676555162365773,7.497517763680582,11.550192120569625,3.0349266309639535,0.6751240845199604,0.6103876135851998,0.1335371623880225
0.45676555162365773,7.497517763680582,11.550192120569625,3.0349266309639535,0.6751240845199604,0.6103876135851998,0.1335371623880225
0.45676555162365773,7.386437763680583,11.657312120569625,3.1103266309639537,0.7758320845199604,0.6250356135851998,0.2406541623880225
0.6749655516236577,7.572897763680582,11.696982120569624,3.261126630963954,0.9699240845199604,0.6103876135851998,0.28093716238802247
0.8574605516236578,7.763327763680582,11.986622120569624,3.3364266309639543,1.1109150845199602,0.4721426635851998,0.21410316238802252
0.8574605516236578,7.687947763680582,11.915222120569624,3.2968266309639542,0.8701310845199604,0.5618643135851998,0.24706216238802248
0.8574605516236578,7.537187763680582,11.657312120569625,3.1500266309639535,0.6110370845199604,0.6039786135851998,0.16008716238802245
1.1510395516236578,7.497517763680582,11.109822120569625,2.923826630963953,0.46363708451996033,0.5829216135851998,0.3276291623880225
1.5199955516236576,7.386437763680583,11.292322120569624,2.923826630963953,0.4874410845199604,0.5343985135851999,0.20677916238802252
1.5199955516236576,7.386437763680583,11.292322120569624,2.923826630963953,0.4874410845199604,0.5343985135851999,0.20677916238802252
1.6310855516236578,7.422137763680582,11.328022120569624,2.959626630963953,0.8637230845199604,0.4858756135851998,0.1664961623880225
1.6667855516236576,7.422137763680582,11.328022120569624,2.884226630963953,1.0642230845199605,0.5069327135851998,0.2269211623880225
1.8492855516236577,7.461807763680582,11.474812120569624,2.923826630963953,1.0285180845199604,0.4858756135851998,0.1802291623880225
1.8889555516236576,7.461807763680582,10.998742120569624,2.7731266309639544,0.9937270845199604,0.4648184475851998,0.22051216238802251
1.9603655516236578,7.311057763680582,10.780542120569624,2.431926630963954,0.6458270845199603,0.4996085135851998,0.2873451623880225
2.142865551623658,7.160297763680582,10.486962120569624,2.2811266309639535,0.39314168451996034,0.5279898135851998,0.21410316238802252
2.218235551623658,7.045247763680582,10.193382120569623,2.2811266309639535,0.47553908451996035,0.5618643135851998,0.20037016238802247
2.107155551623658,6.934167763680582,10.598042120569623,2.2811266309639535,0.6110370845199604,0.5554556135851998,0.3138961623880225
1.9603655516236578,6.934167763680582,10.780542120569624,2.2811266309639535,0.8994280845199604,0.4996085135851998,0.21410316238802252
1.5199955516236576,6.969867763680583,11.220912120569624,2.3565266309639537,1.0871110845199605,0.43735261358519983,0.2269211623880225
1.2621255516236576,7.120627763680583,11.403402120569623,2.2454266309639532,0.9873190845199603,0.43735261358519983,0.18663716238802247
1.0439235516236578,7.196007763680583,11.220912120569624,2.0947266309639545,0.7520280845199603,0.5279898135851998,0.2342451623880225
0.8971335516236578,7.196007763680583,11.109822120569625,2.055026630963953,0.5872330845199604,0.6451776135851999,0.21410316238802252
0.8971335516236578,7.271387763680583,10.927332120569623,1.9796266309639527,0.3638447845199604,0.7843376135851998,0.2342451623880225
1.0042505516236577,7.271387763680583,11.292322120569624,2.170126630963953,0.45814408451996036,0.7980706135851998,0.28093716238802247
0.7860495516236576,7.386437763680583,11.550192120569625,2.507326630963954,0.8875260845199604,0.7358146135851997,0.1399461623880225
0.6749655516236577,7.346757763680582,12.026222120569624,2.6580266309639544,0.8756240845199603,0.6589106135851999,0.1939621623880225
0.45676555162365773,7.311057763680582,11.915222120569624,2.923826630963953,0.9223160845199604,0.5618643135851998,0.2543871623880225
0.38138655162365775,7.235677763680583,11.696982120569624,3.0746266309639534,0.8637230845199604,0.5618643135851998,0.16008716238802245
0.7106715516236577,7.120627763680583,11.363732120569624,3.2254266309639537,0.5698380845199604,0.6387686135851998,0.2543871623880225
0.9328395516236576,7.160297763680582,10.851952120569624,3.2968266309639542,0.5460350845199604,0.6937006135851997,0.24706216238802248
1.2264155516236577,7.045247763680582,10.633752120569625,3.4118266309639544,0.6403340845199603,0.8182116135851998,0.16008716238802245
1.4485855516236577,7.045247763680582,10.486962120569624,3.562626630963953,0.7465350845199603,0.7010246135851999,0.24706216238802248
1.3732055516236576,6.934167763680582,10.705162120569623,3.562626630963953,0.8811180845199603,0.4794669135851998,0.20677916238802252
1.4485855516236577,6.934167763680582,10.669452120569623,3.598326630963953,0.9342180845199604,0.2716426135851998,0.1664961623880225
1.6310855516236578,6.858787763680582,10.705162120569623,3.2968266309639542,0.7987200845199603,0.1535396135851998,0.24706216238802248
1.5199955516236576,6.708027763680582,10.451252120569624,3.1103266309639537,0.7053360845199603,0.18100461358519981,0.26720416238802247
1.7024955516236577,6.783407763680582,9.899802120569625,2.923826630963953,0.6403340845199603,0.4025626135851998,0.18663716238802247
2.218235551623658,7.271387763680583,9.975182120569624,2.6580266309639544,0.7053360845199603,0.5417227135851999,0.2406541623880225
1.9246655516236577,7.346757763680582,9.864092120569625,2.507326630963954,0.7987200845199603,0.44467681358519984,0.21410316238802252
1.9960755516236577,7.311057763680582,10.121972120569623,2.431926630963954,0.6046280845199603,0.3338976135851998,0.20037016238802247
1.8492855516236577,7.196007763680583,9.792682120569625,2.205826630963953,0.6458270845199603,0.3403066135851998,0.20037016238802247
1.8492855516236577,7.196007763680583,9.792682120569625,2.205826630963953,0.6458270845199603,0.3403066135851998,0.20037016238802247
1.9603655516236578,7.160297763680582,9.645892120569624,1.9439266309639542,0.5698380845199604,0.3750968135851998,0.20037016238802247
2.0714455516236576,7.160297763680582,9.570512120569623,1.9043266309639542,0.45814408451996036,0.3888297135851998,0.2543871623880225
1.9603655516236578,7.045247763680582,9.352312120569623,1.8328266309639538,0.6815330845199603,0.4025626135851998,0.1802291623880225
1.9960755516236577,7.084917763680583,9.828392120569625,1.8686266309639539,0.7346330845199603,0.4172110135851998,0.20037016238802247
1.7421655516236576,7.120627763680583,10.010882120569624,1.9043266309639542,0.8051290845199603,0.3403066135851998,0.2873451623880225
1.3732055516236576,7.045247763680582,10.268762120569624,1.8686266309639539,0.8463280845199603,0.3338976135851998,0.18663716238802247
1.0796285516236577,7.045247763680582,10.340172120569624,1.7575266309639535,0.6339250845199604,0.3961539135851998,0.20037016238802247
1.0042505516236577,6.934167763680582,10.486962120569624,1.7178266309639536,0.46913008451996036,0.5279898135851998,0.3010781623880225
0.8971335516236578,6.858787763680582,10.451252120569624,1.6821266309639533,0.5103290845199604,0.6799676135851997,0.1738201623880225
0.7860495516236576,6.783407763680582,10.375872120569625,1.7932266309639537,0.47553908451996035,0.7907466135851998,0.21410316238802252
0.8574605516236578,6.632647763680582,10.851952120569624,1.9796266309639527,0.5579360845199604,0.7358146135851997,0.2873451623880225
0.6392605516236578,6.708027763680582,10.998742120569624,2.2811266309639535,0.9937270845199604,0.5966546135851998,0.15367916238802248
0.5281765516236577,6.708027763680582,11.403402120569623,2.2811266309639535,0.8289330845199603,0.5279898135851998,0.2269211623880225
0.4924705516236577,6.521567763680583,11.181232120569623,2.4716266309639536,0.7282250845199604,0.5481314135851998,0.2543871623880225
0.7106715516236577,6.370807763680583,10.744832120569624,2.431926630963954,0.6339250845199604,0.5902456135851998,0.1664961623880225
0.7106715516236577,6.370807763680583,10.744832120569624,2.431926630963954,0.6339250845199604,0.5902456135851998,0.1664961623880225
1.2621255516236576,6.1446777636805825,10.598042120569623,2.4716266309639536,0.28694048451996035,0.6726436135851999,0.26720416238802247
1.3732055516236576,6.0692977636805825,10.082292120569624,2.582726630963954,0.4343403845199604,0.6937006135851997,0.27452816238802247
1.6667855516236576,5.954247763680582,9.975182120569624,2.808826630963953,0.6110370845199604,0.6662346135851998,0.1262131623880225
1.7421655516236576,5.9185377636805825,10.193382120569623,2.9992266309639533,0.7227310845199604,0.4584097535851998,0.2342451623880225
1.7778755516236577,5.803487763680582,10.340172120569624,3.1103266309639537,0.9406270845199604,0.2853746135851998,0.1738201623880225
1.8492855516236577,5.728107763680582,10.157672120569623,2.9992266309639533,0.8756240845199603,0.16727161358519982,0.1939621623880225
1.7421655516236576,5.728107763680582,10.082292120569624,2.884226630963953,0.5341330845199603,0.2716426135851998,0.3212201623880225
1.7024955516236577,5.7677777636805825,9.828392120569625,2.923826630963953,0.5405410845199603,0.4025626135851998,0.2342451623880225
1.7778755516236577,5.803487763680582,9.316612120569623,2.7731266309639544,0.42793168451996033,0.4931998135851998,0.14635416238802246
2.107155551623658,6.029617763680582,9.606222120569624,2.923826630963953,0.4105366845199604,0.4648184475851998,0.28093716238802247
2.107155551623658,6.029617763680582,9.606222120569624,2.923826630963953,0.4105366845199604,0.4648184475851998,0.28093716238802247
1.6310855516236578,6.1446777636805825,9.570512120569623,2.959626630963953,0.7401260845199604,0.4931998135851998,0.14635416238802246
1.3017955516236577,5.9939177636805825,9.792682120569625,2.884226630963953,0.8106220845199603,0.4721426635851998,0.15367916238802248
1.3017955516236577,5.9185377636805825,10.082292120569624,2.8485266309639528,0.7108300845199604,0.4098868135851998,0.2269211623880225
1.2264155516236577,5.728107763680582,9.570512120569623,2.6977266309639543,0.7401260845199604,0.4584097535851998,0.2607951623880225
1.3375055516236576,5.878867763680582,9.094442120569623,2.507326630963954,0.35743608451996034,0.7074336135851998,0.1939621623880225
1.4842955516236576,6.220047763680583,9.023032120569624,2.622326630963954,0.4874410845199604,0.7358146135851997,0.27452816238802247
1.4842955516236576,6.220047763680583,9.023032120569624,2.622326630963954,0.4874410845199604,0.7358146135851997,0.27452816238802247
1.5557055516236578,6.446187763680582,9.316612120569623,2.582726630963954,0.5753310845199604,0.4309439135851998,0.22051216238802251
1.3375055516236576,6.481897763680582,9.717302120569624,2.622326630963954,0.7282250845199604,0.2643176135851998,0.18663716238802247
1.0439235516236578,6.521567763680583,9.753012120569624,2.5470266309639538,0.8170310845199604,0.3128406135851998,0.2342451623880225
0.8971335516236578,6.481897763680582,9.864092120569625,2.2811266309639535,0.6403340845199603,0.5417227135851999,0.2269211623880225
0.9328395516236576,6.331137763680582,9.753012120569624,2.2811266309639535,0.5460350845199604,0.5966546135851998,0.2406541623880225
1.1153345516236577,6.255757763680583,9.606222120569624,2.170126630963953,0.5341330845199603,0.6589106135851999,0.2342451623880225
1.4089155516236576,6.1446777636805825,9.423732120569623,2.3208266309639534,0.34553422051996036,0.7495476135851998,0.2406541623880225
1.7421655516236576,6.220047763680583,9.681602120569623,2.7334266309639528,0.43983358451996035,0.6662346135851998,0.1738201623880225
1.5953755516236576,6.1446777636805825,9.645892120569624,2.923826630963953,0.7163230845199604,0.5279898135851998,0.2342451623880225
1.6667855516236576,5.9939177636805825,10.010882120569624,2.9992266309639533,0.5048360845199604,0.4172110135851998,0.2406541623880225
1.7421655516236576,5.878867763680582,9.606222120569624,3.1103266309639537,0.5817400845199604,0.3613636135851998,0.2269211623880225
2.035745551623658,5.577347763680582,9.241232120569624,3.1103266309639537,0.5460350845199604,0.4648184475851998,0.2406541623880225
2.3293255516236577,5.390887763680582,8.983362120569623,3.185726630963954,0.35743608451996034,0.5618643135851998,0.2543871623880225
2.5832255516236575,5.466267763680582,8.693742120569624,3.3722266309639544,0.6110370845199604,0.3961539135851998,0.2543871623880225
2.6586055516236575,5.501977763680582,8.840532120569623,3.4118266309639544,0.6522360845199604,0.2295276135851998,0.2269211623880225
2.4007355516236575,5.652727763680582,9.023032120569624,3.3364266309639543,0.7520280845199603,0.18100461358519981,0.15367916238802248
2.2539455516236577,5.652727763680582,8.983362120569623,3.0746266309639534,0.5579360845199604,0.1535396135851998,0.22051216238802251
2.0714455516236576,5.692407763680582,9.130152120569624,2.923826630963953,0.3812397845199604,0.1947376135851998,0.3138961623880225
1.7421655516236576,5.7677777636805825,8.911952120569623,2.6580266309639544,0.49934308451996035,0.2780506135851998,0.15367916238802248
1.6667855516236576,5.878867763680582,8.618372120569623,2.4716266309639536,0.40504348451996036,0.4236197135851998,0.21410316238802252
1.6310855516236578,5.8431577636805825,8.983362120569623,2.3208266309639534,0.4874410845199604,0.44467681358519984,0.27452816238802247
1.3017955516236577,5.9939177636805825,9.094442120569623,2.2454266309639532,0.8289330845199603,0.3476306135851998,0.15367916238802248
0.9685445516236577,6.180377763680582,9.316612120569623,2.0193266309639544,0.7108300845199604,0.3265736135851998,0.20677916238802252
0.8971335516236578,6.180377763680582,9.352312120569623,1.9439266309639542,0.5460350845199604,0.3403066135851998,0.24706216238802248
0.7106715516236577,6.0692977636805825,8.911952120569623,1.7932266309639537,0.49293408451996035,0.4721426635851998,0.16008716238802245
1.0042505516236577,6.029617763680582,8.911952120569623,1.7575266309639535,0.23384008451996036,0.6039786135851998,0.20037016238802247
0.9328395516236576,6.029617763680582,8.654072120569623,1.6821266309639533,0.31623738451996036,0.6387686135851998,0.2607951623880225
0.8217555516236577,6.029617763680582,8.582662120569623,1.7178266309639536,0.45814408451996036,0.6177116135851998,0.22051216238802251
0.7860495516236576,5.9939177636805825,8.947652120569623,1.7932266309639537,0.5753310845199604,0.4510855135851998,0.21410316238802252
0.7503445516236578,6.029617763680582,9.241232120569624,1.9439266309639542,0.8051290845199603,0.23685261358519982,0.18663716238802247
0.8971335516236578,5.9185377636805825,9.169822120569624,1.9043266309639542,0.7575210845199604,0.2569936135851998,0.1802291623880225
0.9328395516236576,5.954247763680582,9.205522120569624,1.9043266309639542,0.49293408451996035,0.4648184475851998,0.1939621623880225
1.0042505516236577,5.692407763680582,8.876242120569623,1.9796266309639527,0.40504348451996036,0.6387686135851998,0.20677916238802252
1.1510395516236578,5.7677777636805825,8.693742120569624,1.9796266309639527,0.23384008451996036,0.6872916135851999,0.27452816238802247
1.5953755516236576,5.7677777636805825,8.654072120569623,2.055026630963953,0.15144208451996036,0.6589106135851999,0.1939621623880225
1.9246655516236577,5.692407763680582,8.947652120569623,2.2454266309639532,0.4343403845199604,0.5206656135851998,0.2269211623880225
1.6310855516236578,5.692407763680582,9.094442120569623,2.3208266309639534,0.6165300845199604,0.3750968135851998,0.2342451623880225
1.7421655516236576,5.541647763680582,9.276942120569624,2.3962266309639535,0.5634300845199604,0.3750968135851998,0.2406541623880225
1.8889555516236576,5.275837763680583,8.876242120569623,2.4716266309639536,0.5927270845199604,0.3613636135851998,0.2269211623880225
2.107155551623658,5.129047763680583,8.618372120569623,2.622326630963954,0.4105366845199604,0.3750968135851998,0.2543871623880225
2.218235551623658,4.938617763680583,8.217672120569624,2.6977266309639543,0.24574178451996037,0.43735261358519983,0.18663716238802247
2.218235551623658,4.938617763680583,8.217672120569624,2.6977266309639543,0.24574178451996037,0.43735261358519983,0.18663716238802247
1.9960755516236577,4.863237763680583,8.070882120569623,2.7731266309639544,0.37574658451996035,0.3750968135851998,0.2269211623880225
1.6667855516236576,4.938617763680583,8.435872120569623,2.8485266309639528,0.5515280845199604,0.2853746135851998,0.18663716238802247
1.3017955516236577,5.129047763680583,8.693742120569624,2.7731266309639544,0.7401260845199604,0.1947376135851998,0.20677916238802252
1.3017955516236577,5.240137763680583,8.693742120569624,2.6977266309639543,0.6284320845199604,0.1947376135851998,0.24706216238802248
1.0796285516236577,5.390887763680582,8.654072120569623,2.6580266309639544,0.5341330845199603,0.3686881135851998,0.20037016238802247
0.7860495516236576,5.501977763680582,8.507282120569624,2.582726630963954,0.4462420845199604,0.5417227135851999,0.20037016238802247
0.7860495516236576,5.501977763680582,8.507282120569624,2.582726630963954,0.4462420845199604,0.5417227135851999,0.20037016238802247
0.7860495516236576,5.803487763680582,8.142292120569623,2.507326630963954,0.24574178451996037,0.5829216135851998,0.2607951623880225
1.0042505516236577,5.8431577636805825,8.471582120569623,2.5470266309639538,0.2814472845199604,0.4172110135851998,0.1939621623880225
0.8971335516236578,5.7677777636805825,8.546962120569624,2.507326630963954,0.49293408451996035,0.2231196135851998,0.20037016238802247
0.7106715516236577,5.8431577636805825,8.507282120569624,2.431926630963954,0.5460350845199604,0.2853746135851998,0.2607951623880225
0.7503445516236578,5.803487763680582,8.435872120569623,2.431926630963954,0.5048360845199604,0.4794669135851998,0.14635416238802246
1.0796285516236577,5.954247763680582,8.031212120569624,2.2811266309639535,0.5460350845199604,0.5069327135851998,0.2342451623880225
1.5199955516236576,6.0692977636805825,7.848712120569623,2.431926630963954,0.32264608451996035,0.4996085135851998,0.3010781623880225
1.5953755516236576,6.104997763680583,7.555132120569623,2.507326630963954,0.26954548451996035,0.5069327135851998,0.15367916238802248
1.7024955516236577,6.1446777636805825,7.555132120569623,2.582726630963954,0.29884228451996037,0.4996085135851998,0.2543871623880225
1.6310855516236578,6.029617763680582,7.701922120569623,2.7731266309639544,0.31074418451996033,0.3128406135851998,0.2607951623880225
1.7421655516236576,5.954247763680582,7.813012120569623,2.959626630963953,0.4343403845199604,0.09769161358519979,0.1802291623880225
1.8889555516236576,5.9185377636805825,7.777302120569623,3.0746266309639534,0.5167380845199604,0.11874861358519984,0.2269211623880225
1.8889555516236576,5.692407763680582,7.813012120569623,3.185726630963954,0.4105366845199604,0.3686881135851998,0.2873451623880225
1.8492855516236577,5.577347763680582,7.412312120569623,3.2968266309639542,0.3986347845199604,0.5691886135851998,0.1664961623880225
2.182535551623658,5.617027763680582,7.301232120569623,3.3364266309639543,0.32264608451996035,0.5618643135851998,0.2406541623880225
2.4761155516236575,5.541647763680582,7.448022120569623,3.447526630963953,0.18714808451996037,0.3540396135851998,0.2269211623880225
2.4364355516236578,5.466267763680582,7.630512120569623,3.562626630963953,0.28694048451996035,0.2569936135851998,0.1802291623880225
2.0714455516236576,5.501977763680582,7.666222120569623,3.4118266309639544,0.37574658451996035,0.2569936135851998,0.27452816238802247
2.035745551623658,5.426597763680583,7.959802120569623,3.3722266309639544,0.30433548451996034,0.2505846135851998,0.22051216238802251
1.9960755516236577,5.240137763680583,7.594812120569623,3.2254266309639537,0.31074418451996033,0.3476306135851998,0.1335371623880225
1.9960755516236577,5.240137763680583,7.555132120569623,2.959626630963953,0.25215038451996036,0.4648184475851998,0.2543871623880225
1.7421655516236576,5.164757763680583,7.336932120569623,2.808826630963953,0.17524608451996035,0.5765126135851998,0.1939621623880225
1.4485855516236577,5.275837763680583,7.412312120569623,2.582726630963954,0.24024808451996038,0.4931998135851998,0.2406541623880225
1.2264155516236577,5.466267763680582,7.777302120569623,2.3962266309639535,0.24024808451996038,0.3201656135851998,0.21410316238802252
1.0042505516236577,5.501977763680582,7.959802120569623,2.3565266309639537,0.36933788451996036,0.1260736135851998,0.20677916238802252
0.8971335516236578,5.692407763680582,7.959802120569623,2.0193266309639544,0.38673298451996035,0.16727161358519982,0.2873451623880225
0.7860495516236576,5.8431577636805825,8.106592120569623,1.7932266309639537,0.21644508451996036,0.3265736135851998,0.18663716238802247
0.6749655516236577,5.7677777636805825,8.031212120569624,1.8328266309639538,0.16975308451996035,0.4996085135851998,0.20037016238802247
0.6035545516236578,5.7677777636805825,8.106592120569623,1.6067266309639532,0.11024408451996037,0.6314446135851999,0.2269211623880225
0.45676555162365773,5.728107763680582,7.666222120569623,1.6067266309639532,0.006943915480039642,0.4858756135851998,0.2406541623880225
0.45676555162365773,5.652727763680582,8.106592120569623,1.6067266309639532,0.06355208451996036,0.3613636135851998,0.2342451623880225
0.38138655162365775,5.728107763680582,8.031212120569624,1.6821266309639533,0.35743608451996034,0.09128361358519982,0.18663716238802247
0.30997555162365775,5.692407763680582,8.031212120569624,1.7932266309639537,0.2933491845199604,0.042760613585199836,0.22051216238802251
0.30997555162365775,5.692407763680582,8.031212120569624,1.7932266309639537,0.2933491845199604,0.042760613585199836,0.22051216238802251
0.7106715516236577,5.652727763680582,7.813012120569623,1.8328266309639538,0.2750385845199604,0.2716426135851998,0.20037016238802247
0.9685445516236577,5.577347763680582,7.154442120569623,1.6821266309639533,0.23384008451996036,0.5417227135851999,0.15367916238802248
1.3375055516236576,5.617027763680582,6.971942120569623,1.7932266309639537,0.025253915480039635,0.6451776135851999,0.20677916238802252
1.6667855516236576,5.315507763680582,6.789452120569623,1.9439266309639542,0.004958084519960382,0.5279898135851998,0.2406541623880225
1.8135755516236576,5.275837763680583,6.642662120569623,2.170126630963953,0.022353084519960376,0.3338976135851998,0.1939621623880225
1.7778755516236577,5.164757763680583,7.043352120569623,2.507326630963954,0.034255084519960344,0.2020616135851998,0.20677916238802252
1.8135755516236576,5.129047763680583,7.079062120569623,2.6977266309639543,0.22834708451996036,0.09128361358519982,0.28093716238802247
2.035745551623658,5.053667763680583,7.118732120569623,2.6977266309639543,0.16334408451996035,0.07022661358519983,0.20677916238802252
1.9960755516236577,5.013997763680583,7.007652120569623,2.7334266309639528,0.08735508451996038,0.16727161358519982,0.1664961623880225
1.7778755516236577,4.978287763680583,6.860862120569623,2.6977266309639543,0.10475008451996037,0.3961539135851998,0.28093716238802247
1.7024955516236577,4.978287763680583,6.749772120569623,2.7334266309639528,0.08934091548003964,0.5481314135851998,0.1802291623880225
1.8889555516236576,5.013997763680583,6.749772120569623,2.7731266309639544,0.10765191548003966,0.4236197135851998,0.21410316238802252
1.6310855516236578,5.089377763680583,7.154442120569623,2.7731266309639544,0.10475008451996037,0.2917836135851998,0.3010781623880225
1.0042505516236577,5.240137763680583,7.265522120569623,2.7334266309639528,0.15785108451996036,0.1947376135851998,0.16008716238802245
0.8971335516236578,5.240137763680583,7.519432120569623,2.808826630963953,0.13404708451996036,0.3128406135851998,0.21410316238802252
0.8971335516236578,5.164757763680583,7.154442120569623,2.6977266309639543,0.18073908451996037,0.3824210135851998,0.28093716238802247
1.1510395516236578,5.129047763680583,7.079062120569623,2.582726630963954,0.010451084519960352,0.4510855135851998,0.1399461623880225
1.0796285516236577,5.089377763680583,6.789452120569623,2.507326630963954,0.08934091548003964,0.6314446135851999,0.2269211623880225
0.8971335516236578,5.240137763680583,6.678362120569623,2.4716266309639536,0.06645291548003962,0.6387686135851998,0.22051216238802251
0.8574605516236578,5.200457763680582,6.936242120569623,2.5470266309639538,0.16624591548003964,0.4510855135851998,0.2406541623880225
1.0042505516236577,5.240137763680583,7.118732120569623,2.622326630963954,0.06904508451996039,0.1535396135851998,0.3074871623880225
0.7860495516236576,5.466267763680582,7.079062120569623,2.6977266309639543,0.10475008451996037,0.1398066135851998,0.1738201623880225
0.7860495516236576,5.466267763680582,7.079062120569623,2.6977266309639543,0.10475008451996037,0.1398066135851998,0.1738201623880225
0.7106715516236577,5.617027763680582,7.079062120569623,2.7731266309639544,0.01335291548003964,0.2917836135851998,0.2543871623880225
0.7503445516236578,5.577347763680582,6.789452120569623,2.7334266309639528,0.09284908451996038,0.4309439135851998,0.2406541623880225
0.8971335516236578,5.652727763680582,6.825152120569623,2.923826630963953,0.006943915480039642,0.4236197135851998,0.21410316238802252
1.1510395516236578,5.7677777636805825,6.238002120569623,2.923826630963953,0.14244191548003965,0.3961539135851998,0.27452816238802247
1.2621255516236576,5.7677777636805825,6.460162120569623,3.0746266309639534,0.14244191548003965,0.3824210135851998,0.1399461623880225
1.2264155516236577,5.728107763680582,6.420492120569623,3.261126630963954,0.030747915480039634,0.2716426135851998,0.27452816238802247
1.3375055516236576,5.728107763680582,6.202292120569623,3.1103266309639537,0.07743891548003962,0.16727161358519982,0.28093716238802247
1.9960755516236577,5.617027763680582,5.6508421205696235,3.1103266309639537,0.06355208451996036,0.042760613585199836,0.2406541623880225
2.2539455516236577,5.466267763680582,5.543722120569623,3.0746266309639534,0.15434391548003967,0.13248161358519983,0.3010781623880225
2.4761155516236575,5.129047763680583,5.432642120569623,3.0349266309639535,0.11314491548003963,0.2643176135851998,0.11980416238802248
2.4761155516236575,5.089377763680583,5.214442120569624,2.808826630963953,0.07194591548003965,0.2780506135851998,0.21410316238802252
2.4761155516236575,5.089377763680583,5.214442120569624,2.808826630963953,0.07194591548003965,0.2780506135851998,0.21410316238802252
2.5832255516236575,5.013997763680583,5.690512120569624,2.6977266309639543,0.23674091548003962,0.1535396135851998,0.3138961623880225
2.2896555516236576,4.978287763680583,5.615132120569624,2.5470266309639538,0.13053991548003963,0.06381761358519983,0.16008716238802245
2.182535551623658,5.013997763680583,5.761922120569623,2.2811266309639535,0.24864291548003958,0.18100461358519981,0.20037016238802247
1.8135755516236576,5.164757763680583,5.873002120569623,2.2454266309639532,0.33104091548003967,0.2643176135851998,0.20677916238802252
1.4842955516236576,5.275837763680583,5.797632120569623,2.0947266309639545,0.16624591548003964,0.2780506135851998,0.2543871623880225
1.3375055516236576,5.275837763680583,6.126912120569623,1.9439266309639542,0.25413591548003966,0.24326061358519982,0.1939621623880225
1.0796285516236577,5.275837763680583,6.019792120569623,1.9439266309639542,0.22483891548003965,0.11874861358519984,0.2342451623880225
0.9685445516236577,5.390887763680582,6.460162120569623,1.9796266309639527,0.10124291548003966,0.2643176135851998,0.26720416238802247
0.6035545516236578,5.275837763680583,6.495872120569623,2.0193266309639544,0.06004391548003962,0.3613636135851998,0.11980416238802248
0.6392605516236578,5.390887763680582,6.642662120569623,2.0193266309639544,0.19554291548003966,0.4309439135851998,0.22051216238802251
0.6035545516236578,5.275837763680583,6.349082120569623,1.9043266309639542,0.24223391548003959,0.3613636135851998,0.27452816238802247
0.6749655516236577,5.200457763680582,6.313372120569623,2.055026630963953,0.3841409154800396,0.3128406135851998,0.16008716238802245
0.8217555516236577,5.164757763680583,6.166582120569623,2.2811266309639535,0.43724191548003966,0.3961539135851998,0.21410316238802252
0.8217555516236577,5.164757763680583,6.166582120569623,2.2811266309639535,0.43724191548003966,0.3961539135851998,0.21410316238802252
0.8217555516236577,5.164757763680583,6.166582120569623,2.2811266309639535,0.43724191548003966,0.3961539135851998,0.21410316238802252
0.8217555516236577,5.164757763680583,6.166582120569623,2.2811266309639535,0.43724191548003966,0.3961539135851998,0.21410316238802252
0.4924705516236577,5.053667763680583,6.238002120569623,2.6977266309639543,0.12504691548003966,0.3403066135851998,0.2873451623880225
0.4170925516236577,5.053667763680583,6.202292120569623,2.7334266309639528,0.14244191548003965,0.3750968135851998,0.1399461623880225
0.6749655516236577,5.013997763680583,6.126912120569623,2.808826630963953,0.26603791548003963,0.4309439135851998,0.1802291623880225
0.6392605516236578,4.978287763680583,5.797632120569623,2.923826630963953,0.26603791548003963,0.4309439135851998,0.24706216238802248
0.8574605516236578,4.902917763680582,5.873002120569623,2.959626630963953,0.36033691548003965,0.3403066135851998,0.1738201623880225
1.1153345516236577,4.938617763680583,5.396932120569623,2.923826630963953,0.4070289154800396,0.2157946135851998,0.2543871623880225
1.5557055516236578,4.902917763680582,5.615132120569624,2.9992266309639533,0.38963391548003967,0.1608636135851998,0.2269211623880225
1.5953755516236576,4.863237763680583,5.615132120569624,3.0746266309639534,0.32463191548003967,0.23685261358519982,0.1939621623880225
1.8135755516236576,4.827537763680582,5.468342120569623,2.8485266309639528,0.4839339154800396,0.23685261358519982,0.20677916238802252
1.7778755516236577,4.938617763680583,4.738362120569623,2.622326630963954,0.3777319154800396,0.042760613585199836,0.18663716238802247
1.8492855516236577,5.053667763680583,4.702662120569623,2.6580266309639544,0.5013289154800397,0.007970613585199793,0.2607951623880225
1.7024955516236577,5.053667763680583,4.702662120569623,2.622326630963954,0.43724191548003966,0.042760613585199836,0.20037016238802247
1.6667855516236576,5.200457763680582,4.5558721205696235,2.622326630963954,0.23674091548003962,0.046961386414800244,0.22051216238802251
1.4842955516236576,5.275837763680583,4.9565621205696235,2.6977266309639543,0.3548439154800397,0.046961386414800244,0.26720416238802247
1.0796285516236577,5.390887763680582,4.809772120569623,2.7731266309639544,0.2129379154800396,0.049168613585199805,0.18663716238802247
1.0042505516236577,5.315507763680582,5.0319421205696235,2.7731266309639544,0.36583091548003965,0.3201656135851998,0.2873451623880225
1.0042505516236577,5.315507763680582,5.103352120569624,2.7334266309639528,0.5370339154800396,0.4236197135851998,0.20037016238802247
0.8217555516236577,5.426597763680583,4.992272120569623,2.7334266309639528,0.4894269154800397,0.4794669135851998,0.15367916238802248
0.8217555516236577,5.617027763680582,5.214442120569624,2.808826630963953,0.6075299154800397,0.4648184475851998,0.26720416238802247
0.6392605516236578,5.728107763680582,4.885152120569623,2.8485266309639528,0.5837259154800396,0.3128406135851998,0.2406541623880225
0.7860495516236576,5.8431577636805825,5.285852120569623,2.923826630963953,0.4958359154800397,0.1745966135851998,0.15367916238802248
0.7860495516236576,5.9185377636805825,5.579432120569623,2.7731266309639544,0.27244691548003963,0.005762386414800202,0.2269211623880225
0.4924705516236577,6.0692977636805825,5.321552120569623,2.582726630963954,0.2834329154800397,0.03322838641480019,0.2607951623880225
0.5638815516236577,6.029617763680582,5.285852120569623,2.431926630963954,0.4482279154800396,0.2716426135851998,0.20677916238802252
0.6035545516236578,5.9185377636805825,4.885152120569623,2.3565266309639537,0.38963391548003967,0.4648184475851998,0.1262131623880225
1.0042505516236577,5.954247763680582,4.774072120569623,2.3208266309639534,0.5901349154800396,0.4025626135851998,0.3074871623880225
1.3017955516236577,5.9185377636805825,4.774072120569623,2.205826630963953,0.5956279154800397,0.2917836135851998,0.2406541623880225
1.2264155516236577,5.9185377636805825,4.369402120569624,2.2454266309639532,0.4958359154800397,0.2231196135851998,0.1738201623880225
1.3732055516236576,5.803487763680582,4.845482120569623,2.2811266309639535,0.6194319154800396,0.10501661358519981,0.24706216238802248
1.4842955516236576,5.652727763680582,4.4804921205696235,2.3565266309639537,0.4601299154800397,0.05428538641480024,0.20677916238802252
1.8889555516236576,5.426597763680583,4.591572120569623,2.2811266309639535,0.5196389154800396,0.0130863864148002,0.2406541623880225
1.9246655516236577,5.240137763680583,4.444782120569624,2.170126630963953,0.5663309154800397,0.1608636135851998,0.1664961623880225
1.7778755516236577,5.129047763680583,4.151202120569623,2.205826630963953,0.5013289154800397,0.3961539135851998,0.2269211623880225
1.6667855516236576,4.978287763680583,4.262292120569623,2.170126630963953,0.7073209154800396,0.4025626135851998,0.1802291623880225
1.8135755516236576,4.978287763680583,3.8576221205696237,2.130426630963953,0.6313339154800396,0.13248161358519983,0.1802291623880225
2.035745551623658,4.938617763680583,4.151202120569623,2.2454266309639532,0.6661209154800397,0.03322838641480019,0.26720416238802247
1.7024955516236577,5.013997763680583,4.115502120569623,2.3208266309639534,0.5489359154800396,0.10280838641480022,0.1802291623880225
1.5953755516236576,4.902917763680582,4.004412120569623,2.3565266309639537,0.5718239154800396,0.046961386414800244,0.20677916238802252
1.8492855516236577,4.827537763680582,4.004412120569623,2.4716266309639536,0.5837259154800396,0.01529461358519979,0.20037016238802247
1.7421655516236576,4.712487763680582,3.603722120569623,2.4716266309639536,0.5077369154800396,0.042760613585199836,0.2342451623880225
1.5953755516236576,4.676777763680582,3.6394221205696233,2.4716266309639536,0.6194319154800396,0.18100461358519981,0.2543871623880225
1.5953755516236576,4.676777763680582,3.6394221205696233,2.4716266309639536,0.6194319154800396,0.18100461358519981,0.2543871623880225
1.3017955516236577,4.712487763680582,3.8933321205696236,2.6977266309639543,0.5306259154800397,0.2295276135851998,0.2269211623880225
1.0042505516236577,4.676777763680582,3.7108321205696235,2.7731266309639544,0.5077369154800396,0.049168613585199805,0.22051216238802251
1.0042505516236577,4.712487763680582,4.297992120569623,2.808826630963953,0.5196389154800396,0.06801838641480024,0.2406541623880225
0.6392605516236578,4.752157763680582,4.226582120569623,2.8485266309639528,0.39604291548003967,0.06160938641480024,0.2406541623880225
0.6392605516236578,4.863237763680583,4.409082120569623,2.884226630963953,0.5425269154800396,0.10501661358519981,0.2543871623880225
0.3456815516236577,4.978287763680583,4.369402120569624,2.7334266309639528,0.5425269154800396,0.2716426135851998,0.27452816238802247
0.16318595162365773,4.978287763680583,4.444782120569624,2.6977266309639543,0.5425269154800396,0.2917836135851998,0.28093716238802247
0.16318595162365773,5.089377763680583,4.591572120569623,2.6580266309639544,0.6487289154800396,0.3476306135851998,0.2342451623880225
0.016396551623657718,5.129047763680583,4.079792120569623,2.5470266309639538,0.5013289154800397,0.3540396135851998,0.20037016238802247
0.23459705162365774,5.200457763680582,4.5558721205696235,2.7731266309639544,0.5956279154800397,0.43735261358519983,0.2946701623880225
0.16318595162365773,5.351217763680582,4.444782120569624,2.923826630963953,0.4070289154800396,0.2643176135851998,0.1399461623880225
0.30997555162365775,5.275837763680583,4.409082120569623,2.959626630963953,0.5077369154800396,0.2020616135851998,0.2543871623880225
0.6749655516236577,5.164757763680583,4.226582120569623,3.185726630963954,0.6075299154800397,0.1745966135851998,0.2543871623880225
0.7860495516236576,5.164757763680583,3.7108321205696235,3.261126630963954,0.5663309154800397,0.1745966135851998,0.11980416238802248
1.1153345516236577,5.053667763680583,3.7108321205696235,3.185726630963954,0.7549309154800395,0.18832961358519978,0.28093716238802247
1.2264155516236577,5.164757763680583,3.7108321205696235,3.185726630963954,0.6075299154800397,0.1260736135851998,0.26720416238802247
1.4842955516236576,5.275837763680583,3.417262120569623,3.1103266309639537,0.5489359154800396,0.09769161358519979,0.16008716238802245
1.5953755516236576,5.466267763680582,3.7505121205696232,3.0349266309639535,0.5782329154800396,0.11874861358519984,0.3074871623880225
1.5953755516236576,5.466267763680582,3.7505121205696232,3.0349266309639535,0.5782329154800396,0.11874861358519984,0.3074871623880225
1.8135755516236576,5.8431577636805825,3.492632120569623,2.7731266309639544,0.6954209154800396,0.08395861358519979,0.20677916238802252
1.6310855516236578,5.9939177636805825,3.2347621205696235,2.507326630963954,0.6487289154800396,0.005762386414800202,0.26720416238802247
1.6310855516236578,5.9939177636805825,3.2347621205696235,2.507326630963954,0.6487289154800396,0.005762386414800202,0.26720416238802247
1.5557055516236578,5.9185377636805825,3.199052120569623,2.3962266309639535,0.7192209154800396,0.05649361358519983,0.22051216238802251
1.4485855516236577,5.9939177636805825,3.417262120569623,2.170126630963953,0.8135209154800397,0.16727161358519982,0.18663716238802247
1.5557055516236578,6.104997763680583,3.3101421205696235,2.0947266309639545,0.7485209154800397,0.07022661358519983,0.2269211623880225
1.2264155516236577,6.1446777636805825,3.1633521205696233,2.0947266309639545,0.4958359154800397,0.11234061358519981,0.22051216238802251
0.8217555516236577,6.104997763680583,3.0522621205696234,2.0947266309639545,0.6487289154800396,0.2020616135851998,0.2269211623880225
0.8217555516236577,6.104997763680583,3.0522621205696234,2.0947266309639545,0.6487289154800396,0.2020616135851998,0.2269211623880225
0.8217555516236577,6.0692977636805825,3.1633521205696233,2.170126630963953,0.7430309154800397,0.14621461358519983,0.18663716238802247
0.8574605516236578,5.954247763680582,2.941182120569623,2.3565266309639537,0.7668309154800396,0.03543661358519978,0.20677916238802252
0.8574605516236578,5.954247763680582,2.941182120569623,2.3565266309639537,0.7668309154800396,0.03543661358519978,0.20677916238802252
0.6035545516236578,5.9185377636805825,2.9808521205696232,2.431926630963954,0.5608379154800396,0.1260736135851998,0.18663716238802247
0.5281765516236577,5.8431577636805825,2.6515711205696233,2.3208266309639534,0.5370339154800396,0.1608636135851998,0.18663716238802247
0.5281765516236577,5.652727763680582,3.3458421205696234,2.507326630963954,0.6661209154800397,0.11234061358519981,0.2342451623880225
0.27030265162365774,5.466267763680582,2.941182120569623,2.5470266309639538,0.4601299154800397,0.07534238641480023,0.1399461623880225
0.6392605516236578,5.466267763680582,3.492632120569623,2.6977266309639543,0.7311309154800397,0.06381761358519983,0.2607951623880225
0.30997555162365775,5.541647763680582,3.199052120569623,2.808826630963953,0.6606309154800397,0.18100461358519981,0.1802291623880225
0.23459705162365774,5.466267763680582,3.1633521205696233,3.0349266309639535,0.6130229154800396,0.18832961358519978,0.2269211623880225
0.5281765516236577,5.426597763680583,3.5640421205696233,3.0746266309639534,0.7485209154800397,0.1398066135851998,0.21410316238802252
0.6035545516236578,5.466267763680582,2.9054821205696233,3.185726630963954,0.4839339154800396,0.05428538641480024,0.1802291623880225
0.9328395516236576,5.426597763680583,3.274432120569623,3.2254266309639537,0.6899309154800396,0.08395861358519979,0.26720416238802247
1.1153345516236577,5.466267763680582,2.834062120569623,3.4118266309639544,0.5425269154800396,0.09128361358519982,0.27452816238802247
1.6310855516236578,5.426597763680583,2.9808521205696232,3.447526630963953,0.7018309154800396,0.09128361358519982,0.2342451623880225
1.6310855516236578,5.426597763680583,2.9808521205696232,3.447526630963953,0.7018309154800396,0.09128361358519982,0.2342451623880225
1.7421655516236576,5.315507763680582,2.3936981205696233,3.3722266309639544,0.5489359154800396,0.05649361358519983,0.18663716238802247
1.7421655516236576,5.315507763680582,2.3936981205696233,3.3722266309639544,0.5489359154800396,0.05649361358519983,0.18663716238802247
1.7421655516236576,5.315507763680582,2.3936981205696233,3.3722266309639544,0.5489359154800396,0.05649361358519983,0.18663716238802247
1.8889555516236576,5.466267763680582,2.722982120569623,3.2254266309639537,0.8785209154800396,0.1440073864148002,0.24706216238802248
1.5953755516236576,5.577347763680582,2.0287071205696234,3.1103266309639537,0.5663309154800397,0.29690038641480015,0.1738201623880225
1.5199955516236576,5.541647763680582,2.357992120569623,3.0349266309639535,0.7842309154800396,0.05428538641480024,0.2946701623880225
1.3017955516236577,5.617027763680582,2.2112021205696233,3.1103266309639537,0.6487289154800396,0.10501661358519981,0.1939621623880225
1.1510395516236578,5.7677777636805825,2.0644131205696232,2.959626630963953,0.5370339154800396,0.10501661358519981,0.2342451623880225
1.2621255516236576,5.878867763680582,2.3936981205696233,2.9992266309639533,0.7485209154800397,0.03543661358519978,0.2342451623880225
0.6749655516236577,5.9185377636805825,1.8462121205696234,2.808826630963953,0.5544289154800396,0.019495386414800198,0.1738201623880225
0.6749655516236577,5.9185377636805825,1.8462121205696234,2.808826630963953,0.5544289154800396,0.019495386414800198,0.1738201623880225
0.6749655516236577,6.220047763680583,2.135824120569623,2.7731266309639544,0.7018309154800396,0.029027613585199785,0.20037016238802247
0.4924705516236577,6.446187763680582,1.8065395205696233,2.4716266309639536,0.5901349154800396,0.005762386414800202,0.2269211623880225
0.7106715516236577,6.481897763680582,2.246908120569623,2.431926630963954,0.8080309154800397,0.05649361358519983,0.2269211623880225
0.7106715516236577,6.481897763680582,2.246908120569623,2.431926630963954,0.8080309154800397,0.05649361358519983,0.2269211623880225
0.4170925516236577,6.446187763680582,1.7351283205696233,2.2811266309639535,0.6313339154800396,0.11234061358519981,0.21410316238802252
0.4924705516236577,6.557267763680582,1.8462121205696234,2.205826630963953,0.7961309154800397,0.1398066135851998,0.1802291623880225
0.6392605516236578,6.481897763680582,2.0287071205696234,2.130426630963953,0.8135209154800397,0.18100461358519981,0.1802291623880225
0.3456815516236577,6.668357763680582,1.6597499205696233,2.130426630963953,0.6487289154800396,0.11234061358519981,0.2406541623880225
0.4924705516236577,6.668357763680582,2.3222861205696232,2.055026630963953,0.9426109154800396,0.14621461358519983,0.20677916238802252
0.12351305162365772,6.632647763680582,1.8462121205696234,2.205826630963953,0.6542219154800396,0.07755061358519982,0.16008716238802245
0.23459705162365774,6.521567763680583,2.175497120569623,2.2811266309639535,0.8135209154800397,0.08395861358519979,0.2607951623880225
0.45676555162365773,6.521567763680583,2.357992120569623,2.3208266309639534,0.7778209154800396,0.019495386414800198,0.1802291623880225
0.30997555162365775,6.331137763680582,2.1001181205696233,2.2811266309639535,0.5782329154800396,0.046961386414800244,0.20037016238802247
0.4924705516236577,6.370807763680583,2.5047821205696232,2.3208266309639534,0.8080309154800397,0.1260736135851998,0.20677916238802252
0.4924705516236577,6.1446777636805825,2.135824120569623,2.2454266309639532,0.6542219154800396,0.1398066135851998,0.1664961623880225
0.8217555516236577,5.9185377636805825,1.9176231205696233,2.3962266309639535,0.7723209154800396,0.049168613585199805,0.2269211623880225
1.2264155516236577,5.8431577636805825,2.2826141205696233,2.507326630963954,0.8785209154800396,0.040552386414800135,0.20037016238802247
1.1907125516236576,5.803487763680582,1.8819181205696234,2.6580266309639544,0.6075299154800397,0.1513313864148002,0.1802291623880225
1.2264155516236577,5.803487763680582,2.0644131205696232,2.8485266309639528,0.9014109154800397,0.07534238641480023,0.26720416238802247
1.2264155516236577,5.803487763680582,1.7351283205696233,2.8485266309639528,0.7897209154800396,0.06801838641480024,0.1399461623880225
1.3732055516236576,5.8431577636805825,1.4415491205696234,2.959626630963953,0.7366209154800397,0.06801838641480024,0.26720416238802247
1.4842955516236576,5.7677777636805825,1.6597499205696233,2.923826630963953,0.8840209154800397,0.11013238641480022,0.1802291623880225
1.0796285516236577,5.803487763680582,1.2590541205696233,2.923826630963953,0.5489359154800396,0.07534238641480023,0.1738201623880225
0.9328395516236576,5.878867763680582,1.3701381205696233,3.0349266309639535,0.7961309154800397,0.11234061358519981,0.2543871623880225
0.9328395516236576,5.878867763680582,1.3701381205696233,3.0349266309639535,0.7961309154800397,0.11234061358519981,0.2543871623880225
0.7106715516236577,6.104997763680583,1.0368861205696231,2.959626630963953,0.5663309154800397,0.040552386414800135,0.20677916238802252
1.0042505516236577,6.104997763680583,1.5526331205696233,2.9992266309639533,0.8373309154800396,0.005762386414800202,0.2607951623880225
1.0042505516236577,6.104997763680583,1.5526331205696233,2.9992266309639533,0.8373309154800396,0.005762386414800202,0.2607951623880225
0.45676555162365773,6.104997763680583,1.3304651205696234,3.0746266309639534,0.8080309154800397,0.1398066135851998,0.2607951623880225
0.38138655162365775,5.954247763680582,1.4058441205696233,3.0746266309639534,0.8016209154800397,0.03322838641480019,0.20037016238802247
0.4924705516236577,5.954247763680582,1.0765591205696232,3.261126630963954,0.6020369154800397,0.1586553864148002,0.22051216238802251
0.6035545516236578,6.029617763680582,1.1836761205696233,3.1500266309639535,0.8492309154800396,0.029027613585199785,0.2543871623880225
0.5638815516236577,5.9939177636805825,0.8940641205696233,3.2968266309639542,0.5782329154800396,0.09769161358519979,0.1939621623880225
0.4924705516236577,6.029617763680582,0.9297691205696232,3.261126630963954,0.6368269154800397,0.042760613585199836,0.2543871623880225
0.6392605516236578,6.180377763680582,0.8940641205696233,3.185726630963954,0.7604209154800395,0.09548438641480023,0.2342451623880225
0.5638815516236577,6.180377763680582,0.4894021205696233,3.0349266309639535,0.6725309154800397,0.11013238641480022,0.22051216238802251
0.7106715516236577,6.370807763680583,0.5251021205696234,2.9992266309639533,0.8254209154800397,0.042760613585199836,0.2543871623880225
0.8217555516236577,6.481897763680582,0.4179921205696233,2.7334266309639528,0.6487289154800396,0.03543661358519978,0.21410316238802252
0.9328395516236576,6.481897763680582,0.8543911205696233,2.431926630963954,0.8492309154800396,0.019495386414800198,0.21410316238802252
0.9328395516236576,6.521567763680583,0.6718921205696233,2.3962266309639535,0.6487289154800396,0.10280838641480022,0.2342451623880225
1.1153345516236577,6.406517763680583,0.8543911205696233,2.431926630963954,0.8135209154800397,0.12386538641480022,0.2342451623880225
1.3017955516236577,6.521567763680583,1.0368861205696231,2.3208266309639534,0.8785209154800396,0.09548438641480023,0.1802291623880225
1.1510395516236578,6.521567763680583,0.7829801205696233,2.2454266309639532,0.8080309154800397,0.029027613585199785,0.22051216238802251
1.2621255516236576,6.557267763680582,1.1122641205696233,2.3208266309639534,1.0781109154800395,0.07755061358519982,0.24706216238802248
1.1907125516236576,6.632647763680582,0.8186851205696233,2.2811266309639535,0.9316309154800396,0.042760613585199836,0.20677916238802252
1.3732055516236576,6.557267763680582,0.6718921205696233,2.2811266309639535,0.9371209154800396,0.042760613585199836,0.26720416238802247
1.3732055516236576,6.521567763680583,0.7076021205696232,2.3208266309639534,0.9609209154800397,0.0130863864148002,0.22051216238802251
1.2264155516236577,6.446187763680582,0.6004821205696234,2.3565266309639537,0.6606309154800397,0.1723883864148002,0.20677916238802252
1.1153345516236577,6.521567763680583,0.7076021205696232,2.170126630963953,0.7192209154800396,0.25478638641480017,0.2607951623880225
1.1510395516236578,6.557267763680582,0.6361921205696233,2.130426630963953,0.7073209154800396,0.27584338641480016,0.20677916238802252
1.3017955516236577,6.331137763680582,0.4894021205696233,2.2811266309639535,0.6899309154800396,0.1513313864148002,0.2406541623880225
1.3375055516236576,6.406517763680583,0.3783121205696234,2.3208266309639534,0.9078209154800397,0.08907538641480023,0.22051216238802251
1.1907125516236576,6.446187763680582,0.4536921205696234,2.4716266309639536,0.8904309154800397,0.08907538641480023,0.18663716238802247
1.1153345516236577,6.521567763680583,0.19582212056962334,2.622326630963954,0.9133109154800397,0.1440073864148002,0.24706216238802248
1.0796285516236577,6.596947763680582,0.4179921205696233,2.622326630963954,0.9490209154800396,0.26943438641480016,0.1939621623880225
0.7503445516236578,6.819107763680583,0.3069021205696232,2.884226630963953,0.7073209154800396,0.24837738641480017,0.1802291623880225
0.5281765516236577,6.858787763680582,0.3426121205696233,2.9992266309639533,0.7549309154800395,0.11013238641480022,0.2873451623880225
0.3456815516236577,6.969867763680583,0.3783121205696234,3.0746266309639534,0.6725309154800397,0.11013238641480022,0.16008716238802245
0.23459705162365774,6.934167763680582,0.19582212056962334,3.0746266309639534,0.5782329154800396,0.13027438641480021,0.2342451623880225
0.19889152162365772,6.934167763680582,0.3426121205696233,3.1500266309639535,0.7842309154800396,0.08907538641480023,0.21410316238802252
0.05210155162365773,7.084917763680583,0.12441212056962336,3.1103266309639537,0.7073209154800396,0.10501661358519981,0.15367916238802248
0.08780755162365772,7.084917763680583,0.13346787943037675,3.2254266309639537,0.8840209154800397,0.2295276135851998,0.2406541623880225
0.38138655162365775,7.009537763680582,0.1691678794303768,3.2968266309639542,0.9902209154800395,0.16727161358519982,0.14635416238802246
0.4924705516236577,6.858787763680582,0.1691678794303768,3.2968266309639542,0.7668309154800396,0.019495386414800198,0.1939621623880225
0.3456815516236577,6.858787763680582,0.09775787943037662,3.3722266309639544,0.8190209154800397,0.11013238641480022,0.27452816238802247
0.3456815516236577,6.858787763680582,0.09775787943037662,3.3722266309639544,0.8190209154800397,0.11013238641480022,0.27452816238802247
0.45676555162365773,6.783407763680582,0.3159578794303768,3.3722266309639544,0.7778209154800396,0.040552386414800135,0.16008716238802245
0.7503445516236578,6.783407763680582,0.3913378794303768,3.3364266309639543,0.8373309154800396,0.26943438641480016,0.18663716238802247
0.7503445516236578,6.783407763680582,0.3913378794303768,3.3364266309639543,0.8373309154800396,0.26943438641480016,0.18663716238802247
0.8217555516236577,6.969867763680583,0.28024787943037666,3.3364266309639543,0.7897209154800396,0.26943438641480016,0.1939621623880225
0.8217555516236577,6.969867763680583,0.28024787943037666,3.3364266309639543,0.7897209154800396,0.26943438641480016,0.1939621623880225
0.8217555516236577,6.969867763680583,0.28024787943037666,3.3364266309639543,0.7897209154800396,0.26943438641480016,0.1939621623880225
0.8574605516236578,6.934167763680582,0.42703787943037663,2.923826630963953,0.7961309154800397,0.05428538641480024,0.20677916238802252
0.9685445516236577,6.934167763680582,0.28024787943037666,2.6580266309639544,0.9133109154800397,0.1723883864148002,0.2406541623880225
0.9328395516236576,6.894487763680582,0.09775787943037662,2.507326630963954,0.9545109154800396,0.1861213864148002,0.2269211623880225
0.6392605516236578,6.934167763680582,0.28024787943037666,2.2811266309639535,0.8492309154800396,0.10280838641480022,0.2269211623880225
0.6749655516236577,7.084917763680583,0.022377879430376613,2.2811266309639535,0.9252209154800396,0.05428538641480024,0.2543871623880225
0.6035545516236578,7.084917763680583,0.28024787943037666,2.130426630963953,0.8721209154800397,0.1375983864148002,0.16008716238802245
0.6392605516236578,7.120627763680583,0.5341578794303767,2.130426630963953,0.9252209154800396,0.11654138641480022,0.26720416238802247
0.6035545516236578,7.160297763680582,0.6452378794303766,1.9796266309639527,1.0076109154800394,0.08907538641480023,0.22051216238802251
0.7860495516236576,7.196007763680583,0.8674078794303768,2.0193266309639544,0.8547209154800396,0.06160938641480024,0.24706216238802248
0.7860495516236576,7.196007763680583,0.8277378794303767,1.9439266309639542,0.8547209154800396,0.05428538641480024,0.2406541623880225
0.7106715516236577,7.235677763680583,0.9388178794303765,1.9043266309639542,0.8190209154800397,0.05428538641480024,0.1802291623880225
0.9685445516236577,7.311057763680582,0.8674078794303768,1.8686266309639539,0.8080309154800397,0.09548438641480023,0.28093716238802247
1.0796285516236577,7.235677763680583,0.7206178794303766,1.9043266309639542,0.9133109154800397,0.1723883864148002,0.20037016238802247
0.7106715516236577,7.160297763680582,1.0856078794303767,2.0193266309639544,0.9316309154800396,0.1650643864148002,0.2406541623880225
0.6749655516236577,7.196007763680583,1.0856078794303767,2.130426630963953,1.1312109154800396,0.1925303864148002,0.2342451623880225
0.7106715516236577,7.160297763680582,0.9745278794303769,2.3208266309639534,1.0021209154800395,0.27584338641480016,0.18663716238802247
0.7106715516236577,7.120627763680583,1.1213178794303766,2.431926630963954,0.9133109154800397,0.1998543864148002,0.2607951623880225
0.6392605516236578,7.235677763680583,0.8674078794303768,2.507326630963954,0.9133109154800397,0.019495386414800198,0.18663716238802247
0.45676555162365773,7.346757763680582,1.0102378794303768,2.6977266309639543,0.6606309154800397,0.019495386414800198,0.2269211623880225
0.38138655162365775,7.346757763680582,0.7206178794303766,2.8485266309639528,0.7604209154800395,0.1723883864148002,0.2406541623880225
0.4170925516236577,7.271387763680583,0.8674078794303768,3.0349266309639535,0.6899309154800396,0.33809938641480014,0.21410316238802252
0.5281765516236577,7.196007763680583,1.049907879430377,3.0349266309639535,0.7549309154800395,0.26943438641480016,0.2269211623880225
0.8971335516236578,7.196007763680583,1.4863078794303768,3.2968266309639542,0.8959209154800397,0.005762386414800202,0.21410316238802252
0.8971335516236578,7.196007763680583,1.4863078794303768,3.2968266309639542,0.8959209154800397,0.005762386414800202,0.21410316238802252
1.1153345516236577,7.271387763680583,1.4148978794303766,3.3722266309639544,0.8840209154800397,0.08175138641480023,0.2342451623880225
1.0439235516236578,7.235677763680583,1.4863078794303768,3.4118266309639544,0.9133109154800397,0.26211038641480017,0.2269211623880225
1.0796285516236577,7.346757763680582,1.3791878794303767,3.447526630963953,0.9014109154800397,0.27584338641480016,0.2269211623880225
1.1907125516236576,7.271387763680583,1.3038078794303767,3.4118266309639544,0.8373309154800396,0.28316738641480016,0.2607951623880225
1.3017955516236577,7.235677763680583,1.3791878794303767,3.4118266309639544,0.7668309154800396,0.24105338641480017,0.1802291623880225
1.3017955516236577,7.386437763680583,1.3434878794303768,3.3722266309639544,0.7549309154800395,0.1650643864148002,0.2269211623880225
1.1510395516236578,7.497517763680582,1.6727678794303766,3.2254266309639537,0.8721209154800397,0.046961386414800244,0.21410316238802252
1.3375055516236576,7.612567763680582,1.6330978794303765,3.261126630963954,1.0021209154800395,0.0130863864148002,0.22051216238802251
1.3017955516236577,7.723657763680582,1.7084778794303765,3.0746266309639534,0.9316309154800396,0.1440073864148002,0.22051216238802251
1.1510395516236578,7.8744077636805825,1.6330978794303765,2.923826630963953,1.0195209154800398,0.21358738641480018,0.1738201623880225
1.0796285516236577,8.025167763680582,1.3791878794303767,2.7334266309639528,0.9783209154800397,0.21358738641480018,0.2342451623880225
0.7860495516236576,7.838707763680582,1.4863078794303768,2.622326630963954,0.8904309154800397,0.25478638641480017,0.1802291623880225
0.7860495516236576,7.648277763680582,1.157017879430377,2.431926630963954,0.8785209154800396,0.21358738641480018,0.22051216238802251
0.7860495516236576,7.648277763680582,1.157017879430377,2.431926630963954,0.8785209154800396,0.21358738641480018,0.22051216238802251
0.7106715516236577,7.723657763680582,1.232397879430377,2.3565266309639537,0.7366209154800397,0.2062633864148002,0.20037016238802247
0.8574605516236578,7.612567763680582,1.4148978794303766,2.3962266309639535,0.8721209154800397,0.1787973864148002,0.2406541623880225
0.8217555516236577,7.648277763680582,1.8552678794303767,2.3565266309639537,1.0021209154800395,0.22091138641480018,0.1664961623880225
0.7860495516236576,7.723657763680582,1.9266778794303765,2.3962266309639535,0.9609209154800397,0.1787973864148002,0.22051216238802251
0.6749655516236577,7.8744077636805825,1.9623778794303768,2.3962266309639535,1.0021209154800395,0.1723883864148002,0.1802291623880225
0.6749655516236577,7.989457763680583,2.0377578794303766,2.2454266309639532,0.9664209154800397,0.1925303864148002,0.21410316238802252
0.7503445516236578,7.989457763680583,1.9266778794303765,2.2454266309639532,0.8959209154800397,0.1787973864148002,0.2543871623880225
0.7503445516236578,7.9497877636805825,2.1845478794303768,2.130426630963953,0.8190209154800397,0.2062633864148002,0.20677916238802252
0.6392605516236578,7.9497877636805825,1.9266778794303765,2.0193266309639544,0.8135209154800397,0.1375983864148002,0.24706216238802248
0.45676555162365773,7.9497877636805825,2.1845478794303768,2.0193266309639544,0.8016209154800397,0.1650643864148002,0.21410316238802252
0.45676555162365773,8.025167763680582,2.0734678794303765,2.055026630963953,0.9957109154800395,0.26211038641480017,0.22051216238802251
0.5638815516236577,8.140217763680582,2.2202578794303767,2.205826630963953,1.0250109154800398,0.28957638641480016,0.22051216238802251
0.5638815516236577,8.140217763680582,2.1845478794303768,2.2811266309639535,1.0195209154800398,0.22732038641480018,0.2342451623880225
0.6035545516236578,8.175923763680583,2.1845478794303768,2.3962266309639535,1.0964209154800395,0.05428538641480024,0.18663716238802247
0.4924705516236577,8.140217763680582,2.1488478794303765,2.4716266309639536,0.9838109154800397,0.01529461358519979,0.2269211623880225
0.4170925516236577,8.100547763680582,2.0020578794303763,2.622326630963954,0.9902209154800395,0.046961386414800244,0.21410316238802252
0.5281765516236577,7.9497877636805825,1.8195578794303768,2.8485266309639528,0.8309209154800395,0.1925303864148002,0.24706216238802248
0.38138655162365775,7.914087763680582,1.9623778794303768,2.9992266309639533,0.8016209154800397,0.24837738641480017,0.1802291623880225
0.5281765516236577,8.025167763680582,2.1488478794303765,3.1103266309639537,0.8904309154800397,0.21358738641480018,0.2342451623880225
0.5638815516236577,7.989457763680583,2.5852478794303773,3.261126630963954,0.9133109154800397,0.2062633864148002,0.2607951623880225
0.7860495516236576,7.989457763680583,2.367047879430377,3.3364266309639543,0.9371209154800396,0.24837738641480017,0.16008716238802245
0.6392605516236578,8.025167763680582,2.513837879430377,3.261126630963954,0.9371209154800396,0.28316738641480016,0.2342451623880225
0.6392605516236578,8.100547763680582,2.478127879430377,3.261126630963954,0.9728209154800397,0.2062633864148002,0.28093716238802247
0.7860495516236576,8.064837763680583,2.367047879430377,3.261126630963954,0.9133109154800397,0.1650643864148002,0.18663716238802247
0.7860495516236576,8.025167763680582,2.5852478794303773,3.3364266309639543,0.8135209154800397,0.22732038641480018,0.27452816238802247
0.8574605516236578,8.100547763680582,2.2956378794303767,3.2968266309639542,0.8840209154800397,0.23464438641480018,0.21410316238802252
0.6749655516236577,8.211629763680582,2.5495378794303774,3.2968266309639542,0.7961309154800397,0.30330938641480015,0.20037016238802247
0.5638815516236577,8.211629763680582,2.6249178794303774,3.185726630963954,0.9728209154800397,0.3655643864148002,0.2607951623880225
0.7106715516236577,8.326680763680582,2.8074178794303766,3.2968266309639542,0.9371209154800396,0.33169038641480014,0.2269211623880225
0.7503445516236578,8.287007763680583,2.843117879430377,3.0349266309639535,0.8959209154800397,0.24105338641480017,0.16008716238802245
0.7106715516236577,8.402059763680583,2.914527879430377,2.884226630963953,0.9783209154800397,0.1513313864148002,0.27452816238802247
0.7860495516236576,8.477437763680582,2.7717078794303767,2.6977266309639543,0.8721209154800397,0.1586553864148002,0.18663716238802247
0.8217555516236577,8.326680763680582,2.5495378794303774,2.507326630963954,0.8428209154800396,0.1925303864148002,0.22051216238802251
0.7106715516236577,8.251302763680583,2.438457879430377,2.4716266309639536,0.9197209154800395,0.31795738641480015,0.2342451623880225
0.8971335516236578,8.175923763680583,2.5852478794303773,2.3962266309639535,0.9078209154800397,0.31063338641480015,0.18663716238802247
0.9685445516236577,8.175923763680583,2.6606278794303773,2.431926630963954,1.0488109154800398,0.22732038641480018,0.2607951623880225
0.9685445516236577,8.175923763680583,2.6606278794303773,2.431926630963954,1.0488109154800398,0.22732038641480018,0.2607951623880225
0.9685445516236577,8.175923763680583,2.6606278794303773,2.431926630963954,1.0488109154800398,0.22732038641480018,0.2607951623880225
0.9685445516236577,8.175923763680583,2.6606278794303773,2.431926630963954,1.0488109154800398,0.22732038641480018,0.2607951623880225
0.9328395516236576,8.362386763680583,3.2477778794303767,2.0947266309639545,0.9783209154800397,0.34542338641480014,0.2269211623880225
0.9685445516236577,8.513142763680582,3.0613178794303773,2.0193266309639544,0.9252209154800396,0.37288938641480024,0.18663716238802247
0.8217555516236577,8.588521763680582,3.0613178794303773,2.055026630963953,0.7897209154800396,0.4287363864148002,0.2543871623880225
0.8217555516236577,8.588521763680582,3.0613178794303773,2.055026630963953,0.7897209154800396,0.4287363864148002,0.2543871623880225
0.7503445516236578,8.477437763680582,2.843117879430377,1.9796266309639527,0.8785209154800396,0.37288938641480024,0.20677916238802252
0.7106715516236577,8.437764763680581,2.989907879430377,1.8328266309639538,0.8547209154800396,0.32436638641480015,0.21410316238802252
0.5638815516236577,8.287007763680583,3.172407879430377,1.7932266309639537,1.0900109154800397,0.31795738641480015,0.22051216238802251
0.7106715516236577,8.362386763680583,3.1009878794303773,1.7932266309639537,1.1843109154800397,0.28957638641480016,0.21410316238802252
0.5281765516236577,8.362386763680583,3.2477778794303767,1.8686266309639539,1.1312109154800396,0.31795738641480015,0.18663716238802247
0.6749655516236577,8.402059763680583,3.1366978794303773,2.0193266309639544,1.1724109154800395,0.29690038641480015,0.21410316238802252
0.7106715516236577,8.588521763680582,2.954197879430377,2.170126630963953,0.8840209154800397,0.25478638641480017,0.20677916238802252
0.6392605516236578,8.552815763680583,2.989907879430377,2.3565266309639537,0.8492309154800396,0.25478638641480017,0.21410316238802252
0.6749655516236577,8.628194763680582,3.025617879430377,2.582726630963954,0.7778209154800396,0.29690038641480015,0.20677916238802252
0.5281765516236577,8.628194763680582,3.2477778794303767,2.6580266309639544,0.9252209154800396,0.26943438641480016,0.22051216238802251
0.6392605516236578,8.513142763680582,3.648477879430377,2.884226630963953,0.9609209154800397,0.32436638641480015,0.20677916238802252
0.8971335516236578,8.513142763680582,3.8309678794303768,2.959626630963953,1.1074109154800396,0.28957638641480016,0.22051216238802251
1.1510395516236578,8.402059763680583,3.723857879430377,2.9992266309639533,1.0433209154800398,0.27584338641480016,0.1939621623880225
0.8971335516236578,8.552815763680583,3.8309678794303768,2.959626630963953,0.9728209154800397,0.1723883864148002,0.20037016238802247
1.1907125516236576,8.663899763680583,3.684187879430377,3.0349266309639535,0.9609209154800397,0.1586553864148002,0.2342451623880225
1.1907125516236576,8.663899763680583,3.684187879430377,3.0349266309639535,0.9609209154800397,0.1586553864148002,0.2342451623880225
1.3017955516236577,8.778951763680583,3.723857879430377,3.0349266309639535,0.9078209154800397,0.22091138641480018,0.20677916238802252
1.1907125516236576,8.854329763680582,3.648477879430377,3.1103266309639537,1.0433209154800398,0.32436638641480015,0.18663716238802247
0.9685445516236577,9.080464963680582,3.9063478794303768,3.2254266309639537,1.0369109154800396,0.28316738641480016,0.20677916238802252
1.0042505516236577,9.116170563680582,4.088847879430377,3.1500266309639535,1.1962109154800395,0.26211038641480017,0.22051216238802251
1.0042505516236577,9.231221863680583,4.235637879430377,2.959626630963953,1.0021209154800395,0.28316738641480016,0.16008716238802245
0.9328395516236576,9.191548963680582,4.124547879430377,2.7731266309639544,0.9252209154800396,0.33169038641480014,0.24706216238802248
0.7860495516236576,9.266927363680582,4.088847879430377,2.6977266309639543,0.8721209154800397,0.34542338641480014,0.2342451623880225
0.7106715516236577,9.306599763680582,4.013467879430377,2.582726630963954,0.7723209154800396,0.38021338641480024,0.1939621623880225
0.7860495516236576,9.417683763680582,3.723857879430377,2.507326630963954,0.8080309154800397,0.4214123864148002,0.26720416238802247
0.5638815516236577,9.417683763680582,3.8666778794303767,2.3565266309639537,0.8309209154800395,0.39394638641480023,0.24706216238802248
0.9328395516236576,9.493062763680582,3.684187879430377,2.4716266309639536,0.9490209154800396,0.29690038641480015,0.1738201623880225
0.9685445516236577,9.342305763680582,3.977757879430377,2.4716266309639536,1.0488109154800398,0.26211038641480017,0.20037016238802247
1.1153345516236577,9.231221863680583,4.271337879430377,2.4716266309639536,1.1486109154800395,0.31063338641480015,0.22051216238802251
1.1153345516236577,9.231221863680583,4.271337879430377,2.4716266309639536,1.1486109154800395,0.31063338641480015,0.22051216238802251
1.2264155516236577,9.116170563680582,4.600627879430377,2.6580266309639544,1.1788209154800398,0.35915638641480024,0.20037016238802247
1.2264155516236577,9.116170563680582,4.418127879430377,2.582726630963954,1.0845209154800397,0.4699353864148002,0.22051216238802251
1.2264155516236577,9.266927363680582,4.382427879430377,2.5470266309639538,0.9902209154800395,0.4626103864148002,0.2342451623880225
1.3017955516236577,9.306599763680582,4.271337879430377,2.3208266309639534,0.8547209154800396,0.35915638641480024,0.2269211623880225
1.3017955516236577,9.342305763680582,4.160257879430377,2.3565266309639537,0.8373309154800396,0.35183238641480014,0.1802291623880225
1.1907125516236576,9.342305763680582,4.195957879430377,2.0947266309639545,0.8602109154800396,0.38021338641480024,0.24706216238802248
1.0439235516236578,9.417683763680582,4.088847879430377,2.055026630963953,0.9609209154800397,0.33169038641480014,0.20037016238802247
0.7860495516236576,9.381978763680582,4.418127879430377,2.205826630963953,1.2905109154800396,0.35915638641480024,0.2269211623880225
0.8217555516236577,9.417683763680582,4.453837879430377,2.3208266309639534,1.2374109154800395,0.33809938641480014,0.1335371623880225
0.8574605516236578,9.306599763680582,4.418127879430377,2.3565266309639537,1.1019109154800395,0.24837738641480017,0.2607951623880225
0.8971335516236578,9.381978763680582,4.195957879430377,2.431926630963954,0.9902209154800395,0.1723883864148002,0.2543871623880225
0.7860495516236576,9.381978763680582,4.124547879430377,2.5470266309639538,0.8190209154800397,0.1998543864148002,0.1738201623880225
0.7503445516236578,9.417683763680582,3.8309678794303768,2.6977266309639543,0.8373309154800396,0.31795738641480015,0.2607951623880225
0.6035545516236578,9.457356763680583,3.9063478794303768,2.884226630963953,0.8492309154800396,0.4626103864148002,0.18663716238802247
0.6035545516236578,9.493062763680582,3.9063478794303768,3.0746266309639534,0.9902209154800395,0.4836683864148002,0.1939621623880225
0.5638815516236577,9.568440763680583,4.160257879430377,3.185726630963954,1.0964209154800395,0.35183238641480014,0.2543871623880225
0.5638815516236577,9.568440763680583,4.160257879430377,3.185726630963954,1.0964209154800395,0.35183238641480014,0.2543871623880225
0.5638815516236577,9.417683763680582,4.564917879430377,3.2968266309639542,1.1486109154800395,0.1998543864148002,0.15367916238802248
0.7503445516236578,9.381978763680582,4.711707879430377,3.3364266309639543,1.1669209154800395,0.12386538641480022,0.22051216238802251
0.8217555516236577,9.417683763680582,4.672037879430377,3.2254266309639537,1.0140209154800397,0.1925303864148002,0.20677916238802252
0.7860495516236576,9.457356763680583,4.672037879430377,3.2254266309639537,0.8785209154800396,0.35183238641480014,0.21410316238802252
0.5638815516236577,9.493062763680582,4.600627879430377,3.0746266309639534,0.7485209154800397,0.4772593864148002,0.27452816238802247
0.8217555516236577,9.643819763680582,4.489537879430377,3.1103266309639537,0.6780209154800397,0.5047253864148002,0.22051216238802251
0.8971335516236578,9.719197763680583,4.672037879430377,3.0349266309639535,0.7192209154800396,0.4772593864148002,0.1802291623880225
1.0439235516236578,9.719197763680583,4.747417879430377,3.0746266309639534,0.8666209154800396,0.3655643864148002,0.24706216238802248
0.9328395516236576,9.679524763680583,4.818827879430377,2.923826630963953,1.0314209154800396,0.1998543864148002,0.1664961623880225
0.8217555516236577,9.754903763680582,5.223487879430377,2.8485266309639528,1.1962109154800395,0.1998543864148002,0.1939621623880225
0.8971335516236578,9.754903763680582,5.223487879430377,2.7334266309639528,1.2786109154800398,0.28316738641480016,0.22051216238802251
0.9685445516236577,9.794576763680583,5.259197879430377,2.6580266309639544,1.1193109154800398,0.38662238641480023,0.1664961623880225
0.9685445516236577,9.794576763680583,5.259197879430377,2.6580266309639544,1.1193109154800398,0.38662238641480023,0.1664961623880225
0.9685445516236577,9.981038763680582,5.148107879430377,2.3962266309639535,1.0076109154800394,0.40035538641480023,0.2406541623880225
0.9328395516236576,10.020711763680582,5.076697879430377,2.3208266309639534,0.8254209154800397,0.35183238641480014,0.2342451623880225
1.1153345516236577,9.981038763680582,4.858497879430377,2.130426630963953,0.7897209154800396,0.32436638641480015,0.16008716238802245
1.2264155516236577,10.056416763680582,4.711707879430377,2.2811266309639535,0.8721209154800397,0.4351453864148002,0.21410316238802252
1.0439235516236578,9.905660763680583,4.965617879430377,2.205826630963953,1.0140209154800397,0.4140873864148002,0.21410316238802252
1.0042505516236577,9.794576763680583,4.894207879430377,2.2454266309639532,1.2667109154800396,0.31063338641480015,0.1802291623880225
0.8971335516236578,9.643819763680582,5.259197879430377,2.2811266309639535,1.3079109154800395,0.27584338641480016,0.20677916238802252
0.8971335516236578,9.643819763680582,5.259197879430377,2.2811266309639535,1.3079109154800395,0.27584338641480016,0.20677916238802252
1.3375055516236576,9.754903763680582,5.481367879430377,2.170126630963953,1.1074109154800396,0.31063338641480015,0.16008716238802245
1.3732055516236576,9.905660763680583,5.441687879430377,2.055026630963953,0.9316309154800396,0.39394638641480023,0.1738201623880225
1.2264155516236577,10.056416763680582,5.259197879430377,1.9796266309639527,0.8492309154800396,0.49740038641480017,0.2607951623880225
1.0796285516236577,10.020711763680582,5.148107879430377,1.7178266309639536,0.7604209154800395,0.6219143864148002,0.1802291623880225
1.0796285516236577,10.020711763680582,5.148107879430377,1.7178266309639536,0.7604209154800395,0.6219143864148002,0.1802291623880225
1.1510395516236578,9.945332763680582,4.965617879430377,1.6821266309639533,0.8547209154800396,0.6017743864148002,0.22051216238802251
1.1907125516236576,9.905660763680583,5.112407879430377,1.5670266309639533,0.9902209154800395,0.5459243864148002,0.2342451623880225
1.0439235516236578,9.830281763680583,5.223487879430377,1.7178266309639536,1.1605109154800397,0.4076793864148002,0.15367916238802248
0.9685445516236577,9.830281763680583,5.294897879430377,1.8328266309639538,1.2200209154800397,0.31795738641480015,0.1939621623880225
0.8217555516236577,9.869954763680582,5.481367879430377,2.0193266309639544,1.2905109154800396,0.37288938641480024,0.18663716238802247
0.8217555516236577,9.905660763680583,5.441687879430377,2.130426630963953,1.2722009154800396,0.4076793864148002,0.18663716238802247
0.7106715516236577,9.981038763680582,5.405987879430377,2.205826630963953,1.0488109154800398,0.4488773864148002,0.20677916238802252
0.7106715516236577,9.981038763680582,5.405987879430377,2.205826630963953,1.0488109154800398,0.4488773864148002,0.20677916238802252
0.7106715516236577,9.981038763680582,5.405987879430377,2.205826630963953,1.0488109154800398,0.4488773864148002,0.20677916238802252
0.6749655516236577,9.905660763680583,5.187787879430377,2.7334266309639528,0.6487289154800396,0.4699353864148002,0.21410316238802252
0.8217555516236577,9.794576763680583,5.148107879430377,2.8485266309639528,0.8135209154800397,0.5395143864148002,0.18663716238802247
0.8217555516236577,9.794576763680583,5.148107879430377,2.8485266309639528,0.8135209154800397,0.5395143864148002,0.18663716238802247
0.8217555516236577,9.794576763680583,5.148107879430377,2.8485266309639528,0.8135209154800397,0.5395143864148002,0.18663716238802247
0.6749655516236577,9.643819763680582,5.663857879430377,3.1103266309639537,1.2905109154800396,0.33809938641480014,0.1738201623880225
0.8971335516236578,9.719197763680583,5.810647879430377,2.9992266309639533,1.3024109154800398,0.31795738641480015,0.24706216238802248
1.0439235516236578,9.794576763680583,5.846357879430377,2.9992266309639533,1.1669209154800395,0.31795738641480015,0.1664961623880225
0.9685445516236577,9.981038763680582,6.100257879430377,2.884226630963953,0.8840209154800397,0.35915638641480024,0.24706216238802248
1.1907125516236576,10.096089763680583,5.699567879430377,2.808826630963953,0.7668309154800396,0.4488773864148002,0.2607951623880225
1.1153345516236577,10.207177763680582,5.882057879430377,2.6580266309639544,0.6130229154800396,0.5733943864148001,0.16008716238802245
1.1153345516236577,10.322227763680582,5.917767879430377,2.622326630963954,0.7430309154800397,0.5733943864148001,0.2543871623880225
1.1907125516236576,10.207177763680582,5.993147879430377,2.582726630963954,0.8959209154800397,0.5184583864148002,0.20037016238802247
1.1907125516236576,10.096089763680583,6.211347879430377,2.4716266309639536,1.0552209154800396,0.4076793864148002,0.1802291623880225
1.2621255516236576,10.171467763680582,6.100257879430377,2.4716266309639536,1.2667109154800396,0.28316738641480016,0.2342451623880225
1.1153345516236577,10.131795763680582,6.247047879430377,2.3565266309639537,1.2612209154800396,0.29690038641480015,0.1738201623880225
1.1907125516236576,10.207177763680582,6.286717879430378,2.3208266309639534,1.3253009154800397,0.4287363864148002,0.2607951623880225
1.1907125516236576,10.207177763680582,6.286717879430378,2.3208266309639534,1.3253009154800397,0.4287363864148002,0.2607951623880225
1.2264155516236577,10.282547763680583,6.286717879430378,2.170126630963953,1.1376209154800399,0.5111333864148002,0.1802291623880225
1.1907125516236576,10.322227763680582,6.211347879430377,2.205826630963953,0.9490209154800396,0.5807143864148001,0.22051216238802251
1.3375055516236576,10.322227763680582,6.064557879430377,2.2454266309639532,0.8785209154800396,0.6155043864148002,0.2607951623880225
1.3732055516236576,10.322227763680582,6.064557879430377,2.2454266309639532,0.7778209154800396,0.6155043864148002,0.14635416238802246
1.3375055516236576,10.171467763680582,6.064557879430377,2.3565266309639537,0.9545109154800396,0.5459243864148002,0.2342451623880225
1.3375055516236576,10.096089763680583,6.064557879430377,2.3565266309639537,1.0552209154800396,0.4909923864148002,0.20037016238802247
1.4089155516236576,10.131795763680582,6.064557879430377,2.431926630963954,1.2136109154800399,0.4424693864148002,0.18663716238802247
1.3017955516236577,10.096089763680583,5.993147879430377,2.3962266309639535,1.2960109154800397,0.4140873864148002,0.21410316238802252
1.2621255516236576,10.246847763680583,6.211347879430377,2.2811266309639535,1.2722009154800396,0.4351453864148002,0.20677916238802252
1.3375055516236576,10.282547763680583,6.247047879430377,2.130426630963953,1.2081109154800398,0.4909923864148002,0.1939621623880225
1.4485855516236577,10.357927763680582,6.504917879430377,1.9439266309639542,1.0250109154800398,0.5111333864148002,0.20677916238802252
1.4842955516236576,10.357927763680582,6.504917879430377,1.6424266309639535,0.9014109154800397,0.5395143864148002,0.2269211623880225
1.4842955516236576,10.357927763680582,6.504917879430377,1.6424266309639535,0.9014109154800397,0.5395143864148002,0.2269211623880225
1.5199955516236576,10.282547763680583,6.322427879430378,1.5670266309639533,0.8547209154800396,0.5733943864148001,0.2342451623880225
1.4485855516236577,10.433307763680583,6.393837879430376,1.7178266309639536,0.9133109154800397,0.6017743864148002,0.22051216238802251
1.5199955516236576,10.322227763680582,6.393837879430376,1.8686266309639539,1.1019109154800395,0.6219143864148002,0.22051216238802251
1.5557055516236578,10.207177763680582,6.504917879430377,2.0193266309639544,1.2493109154800397,0.5880343864148001,0.2342451623880225
1.5557055516236578,10.171467763680582,6.393837879430376,2.055026630963953,1.3253009154800397,0.4562023864148002,0.20677916238802252
1.4485855516236577,10.282547763680583,6.393837879430376,2.2811266309639535,1.2786109154800398,0.3655643864148002,0.2406541623880225
1.2621255516236576,10.282547763680583,6.433507879430377,2.4716266309639536,1.2017109154800396,0.3655643864148002,0.20037016238802247
1.1510395516236578,10.433307763680583,6.504917879430377,2.582726630963954,1.1193109154800398,0.4699353864148002,0.2406541623880225
1.1510395516236578,10.433307763680583,6.504917879430377,2.582726630963954,1.1193109154800398,0.4699353864148002,0.2406541623880225
1.1153345516236577,10.548357763680583,6.504917879430377,2.6977266309639543,1.0076109154800394,0.5459243864148002,0.26720416238802247
1.0796285516236577,10.699117763680583,6.576337879430377,2.884226630963953,0.8666209154800396,0.49740038641480017,0.22051216238802251
1.1153345516236577,10.734827763680583,6.504917879430377,2.923826630963953,0.8721209154800397,0.40035538641480023,0.2873451623880225
1.0042505516236577,10.774497763680582,6.469217879430377,2.923826630963953,0.8428209154800396,0.34542338641480014,0.1939621623880225
0.9328395516236576,10.774497763680582,6.358137879430378,2.959626630963953,1.0021209154800395,0.4140873864148002,0.18663716238802247
0.8574605516236578,10.810197763680582,6.393837879430376,2.9992266309639533,1.1257209154800396,0.4488773864148002,0.24706216238802248
0.7860495516236576,10.774497763680582,6.247047879430377,2.923826630963953,1.2374109154800395,0.4351453864148002,0.20037016238802247
0.8574605516236578,10.849877763680583,6.358137879430378,2.8485266309639528,1.2960109154800397,0.4076793864148002,0.21410316238802252
0.8574605516236578,10.810197763680582,6.358137879430378,2.7731266309639544,1.2200209154800397,0.38662238641480023,0.2269211623880225
0.8574605516236578,10.810197763680582,6.358137879430378,2.7731266309639544,1.2200209154800397,0.38662238641480023,0.2269211623880225
0.7860495516236576,11.000627763680582,6.576337879430377,2.6580266309639544,1.1431109154800398,0.4140873864148002,0.20677916238802252
0.8971335516236578,11.036337763680582,6.723127879430376,2.431926630963954,1.0314209154800396,0.4699353864148002,0.24706216238802248
0.9328395516236576,11.222797763680582,6.8342078794303776,2.3208266309639534,0.9316309154800396,0.5395143864148002,0.20037016238802247
0.9328395516236576,11.147417763680583,7.016697879430377,2.205826630963953,0.8492309154800396,0.5807143864148001,0.1939621623880225
0.9685445516236577,11.222797763680582,7.016697879430377,2.170126630963953,0.9078209154800397,0.6155043864148002,0.22051216238802251
0.9328395516236576,11.262467763680583,7.052407879430377,2.130426630963953,0.9316309154800396,0.6429743864148001,0.20037016238802247
0.8971335516236578,11.262467763680583,7.052407879430377,2.0193266309639544,1.0781109154800395,0.5807143864148001,0.20677916238802252
1.0042505516236577,11.187097763680583,7.052407879430377,1.9796266309639527,1.1724109154800395,0.4699353864148002,0.2269211623880225
1.1907125516236576,11.111717763680582,6.945287879430377,2.0193266309639544,1.2905109154800396,0.49740038641480017,0.24706216238802248
1.0439235516236578,11.187097763680583,6.945287879430377,2.055026630963953,1.2548109154800398,0.5321903864148001,0.1802291623880225
0.9328395516236576,11.298177763680583,7.092077879430376,2.055026630963953,1.1898009154800397,0.5880343864148001,0.20677916238802252
1.1907125516236576,11.187097763680583,7.092077879430376,2.055026630963953,1.0845209154800397,0.6017743864148002,0.2406541623880225
1.3732055516236576,11.337847763680582,7.199197879430376,1.9439266309639542,0.9838109154800397,0.5459243864148002,0.22051216238802251
1.2264155516236577,11.448937763680583,7.199197879430376,1.9796266309639527,0.9838109154800397,0.4214123864148002,0.18663716238802247
1.1510395516236578,11.373557763680582,7.092077879430376,1.9043266309639542,1.0314209154800396,0.4626103864148002,0.20677916238802252
1.2264155516236577,11.448937763680583,7.016697879430377,1.7932266309639537,1.1312109154800396,0.5321903864148001,0.2543871623880225
1.2621255516236576,11.413227763680583,6.8699178794303775,1.6821266309639533,1.1431109154800398,0.5733943864148001,0.1738201623880225
1.1510395516236578,11.222797763680582,6.798497879430378,1.5670266309639533,1.2081109154800398,0.5321903864148001,0.2342451623880225
1.0796285516236577,11.187097763680583,6.980997879430377,1.6424266309639535,1.2310009154800396,0.5047253864148002,0.1939621623880225
1.2621255516236576,11.076007763680582,6.980997879430377,1.6424266309639535,1.2200209154800397,0.5596543864148,0.14635416238802246
1.3732055516236576,11.036337763680582,7.238867879430377,1.6067266309639532,1.2136109154800399,0.5733943864148001,0.2406541623880225
1.5557055516236578,11.036337763680582,7.421367879430377,1.7932266309639537,1.1788209154800398,0.5184583864148002,0.21410316238802252
1.6667855516236576,10.960957763680582,7.457067879430377,1.8686266309639539,1.0900109154800397,0.5047253864148002,0.21410316238802252
1.5557055516236578,10.925247763680582,7.603857879430376,2.055026630963953,1.0433209154800398,0.5532443864148002,0.22051216238802251
1.7024955516236577,10.849877763680583,7.3459878794303775,2.2811266309639535,0.9902209154800395,0.6017743864148002,0.2342451623880225
1.6667855516236576,10.885577763680583,7.457067879430377,2.3962266309639535,0.9838109154800397,0.6567043864148001,0.22051216238802251
1.7421655516236576,10.810197763680582,7.385657879430377,2.6580266309639544,1.0369109154800396,0.6777643864148002,0.2269211623880225
1.7024955516236577,10.774497763680582,7.3459878794303775,2.7731266309639544,1.1138209154800398,0.6292343864148002,0.2406541623880225
1.6667855516236576,10.849877763680583,7.385657879430377,2.923826630963953,1.1962109154800395,0.5532443864148002,0.20677916238802252
1.4842955516236576,10.810197763680582,7.3102778794303775,2.8485266309639528,1.2374109154800395,0.5532443864148002,0.20677916238802252
1.5199955516236576,10.960957763680582,7.3459878794303775,2.884226630963953,1.1550109154800396,0.5459243864148002,0.24706216238802248
1.5953755516236576,11.147417763680583,7.457067879430377,2.808826630963953,1.1193109154800398,0.5047253864148002,0.18663716238802247
1.6667855516236576,11.147417763680583,7.603857879430376,2.8485266309639528,0.9902209154800395,0.4772593864148002,0.27452816238802247
1.6667855516236576,11.337847763680582,7.492777879430377,2.7334266309639528,0.9197209154800395,0.5395143864148002,0.2406541623880225
1.6310855516236578,11.563987763680583,7.492777879430377,2.6580266309639544,0.8602109154800396,0.6640243864148001,0.1939621623880225
1.5557055516236578,11.563987763680583,7.457067879430377,2.582726630963954,0.9078209154800397,0.6988143864148002,0.2543871623880225
1.5557055516236578,11.563987763680583,7.457067879430377,2.582726630963954,0.9078209154800397,0.6988143864148002,0.2543871623880225
1.5199955516236576,11.599687763680581,7.3102778794303775,2.5470266309639538,1.0140209154800397,0.6502943864148001,0.20677916238802252
1.3375055516236576,11.524307763680582,7.421367879430377,2.507326630963954,1.1431109154800398,0.5047253864148002,0.20037016238802247
1.4485855516236577,11.448937763680583,7.492777879430377,2.3962266309639535,1.2493109154800397,0.4214123864148002,0.2342451623880225
1.4485855516236577,11.448937763680583,7.492777879430377,2.3962266309639535,1.2493109154800397,0.4214123864148002,0.2342451623880225
1.2621255516236576,11.488607763680582,7.714947879430377,2.170126630963953,1.3079109154800395,0.4562023864148002,0.2607951623880225
1.1907125516236576,11.675067763680582,7.861737879430376,2.0193266309639544,1.1669209154800395,0.5733943864148001,0.1939621623880225
1.1907125516236576,11.675067763680582,7.861737879430376,2.0193266309639544,1.1669209154800395,0.5733943864148001,0.1939621623880225
1.3017955516236577,11.750447763680583,8.004557879430376,1.9796266309639527,1.0726209154800395,0.6429743864148001,0.2946701623880225
1.3732055516236576,11.825827763680582,8.004557879430376,1.9043266309639542,1.0021209154800395,0.6640243864148001,0.1939621623880225
1.3732055516236576,11.675067763680582,8.115637879430375,2.055026630963953,0.9728209154800397,0.6155043864148002,0.20037016238802247
1.3017955516236577,11.714737763680581,8.151347879430377,2.0193266309639544,1.0488109154800398,0.5459243864148002,0.2269211623880225
1.2621255516236576,11.750447763680583,8.151347879430377,2.055026630963953,1.1376209154800399,0.49740038641480017,0.2406541623880225
1.3375055516236576,11.750447763680583,8.151347879430377,2.0947266309639545,1.2136109154800399,0.5257823864148001,0.24706216238802248
1.3732055516236576,11.675067763680582,8.191017879430376,2.170126630963953,1.2722009154800396,0.5111333864148002,0.22051216238802251
1.3017955516236577,11.825827763680582,8.151347879430377,2.130426630963953,1.2841009154800398,0.5257823864148001,0.1939621623880225
1.3732055516236576,11.865497763680583,8.079937879430377,2.170126630963953,1.2786109154800398,0.5459243864148002,0.26720416238802247
1.3017955516236577,11.940877763680582,8.004557879430376,2.055026630963953,1.1550109154800396,0.5321903864148001,0.20677916238802252
1.3732055516236576,11.901207763680581,8.115637879430375,1.9043266309639542,1.0964209154800395,0.5184583864148002,0.2406541623880225
1.3017955516236577,11.940877763680582,8.337777879430377,1.6821266309639533,1.0726209154800395,0.5733943864148001,0.2543871623880225
1.3017955516236577,11.865497763680583,8.191017879430376,1.6067266309639532,1.0845209154800397,0.5669843864148001,0.20677916238802252
1.3375055516236576,11.790117763680582,8.151347879430377,1.6424266309639535,1.1486109154800395,0.6429743864148001,0.26720416238802247
1.3375055516236576,11.750447763680583,8.191017879430376,1.6821266309639533,1.1788209154800398,0.6502943864148001,0.24706216238802248
1.3732055516236576,11.639367763680582,8.079937879430377,1.7932266309639537,1.2548109154800398,0.5807143864148001,0.1802291623880225
1.3375055516236576,11.524307763680582,7.968847879430377,1.8686266309639539,1.2667109154800396,0.5944443864148001,0.28093716238802247
1.3732055516236576,11.488607763680582,8.004557879430376,2.0193266309639544,1.2667109154800396,0.6292343864148002,0.1939621623880225
1.4089155516236576,11.413227763680583,7.861737879430376,2.0947266309639545,1.2493109154800397,0.5807143864148001,0.21410316238802252
1.4089155516236576,11.413227763680583,7.9331478794303765,2.2454266309639532,1.2429009154800394,0.5321903864148001,0.2342451623880225
1.3017955516236577,11.413227763680583,7.861737879430376,2.3962266309639535,1.2548109154800398,0.5532443864148002,0.2269211623880225
1.2621255516236576,11.488607763680582,7.968847879430377,2.4716266309639536,1.1788209154800398,0.6219143864148002,0.2406541623880225
1.3375055516236576,11.488607763680582,8.044227879430377,2.582726630963954,1.1550109154800396,0.6640243864148001,0.2406541623880225
1.4089155516236576,11.524307763680582,8.337777879430377,2.5470266309639538,1.0488109154800398,0.6502943864148001,0.21410316238802252
1.5199955516236576,11.639367763680582,8.373477879430377,2.622326630963954,1.0021209154800395,0.5807143864148001,0.24706216238802248
1.6310855516236578,11.675067763680582,8.262427879430376,2.507326630963954,0.9728209154800397,0.6429743864148001,0.20037016238802247
1.5953755516236576,11.825827763680582,8.373477879430377,2.4716266309639536,1.0076109154800394,0.6777643864148002,0.24706216238802248
1.7024955516236577,11.940877763680582,8.226727879430376,2.3962266309639535,1.0781109154800395,0.6502943864148001,0.2406541623880225
1.8492855516236577,11.940877763680582,8.226727879430376,2.3962266309639535,1.1431109154800398,0.6081843864148002,0.2342451623880225
1.9246655516236577,11.901207763680581,8.262427879430376,2.2454266309639532,1.2612209154800396,0.5880343864148001,0.2607951623880225
1.9603655516236578,12.016257763680581,8.337777879430377,2.2811266309639535,1.2905109154800396,0.5944443864148001,0.1939621623880225
1.9246655516236577,12.016257763680581,8.337777879430377,2.2454266309639532,1.3024109154800398,0.6155043864148002,0.1939621623880225
1.8492855516236577,12.091637763680582,8.262427879430376,2.2454266309639532,1.3024109154800398,0.6914943864148002,0.27452816238802247
1.7024955516236577,12.202717763680582,8.226727879430376,2.130426630963953,1.1898009154800397,0.6777643864148002,0.20677916238802252
1.7024955516236577,12.242387763680583,8.191017879430376,2.0947266309639545,1.1724109154800395,0.6219143864148002,0.2269211623880225
1.7024955516236577,12.202717763680582,8.444877879430376,1.9439266309639542,1.0900109154800397,0.6155043864148002,0.1939621623880225
1.7024955516236577,12.242387763680583,8.337777879430377,1.8686266309639539,1.0726209154800395,0.6081843864148002,0.2406541623880225
1.7778755516236577,12.278097763680583,8.444877879430376,1.8328266309639538,1.0140209154800397,0.6429743864148001,0.24706216238802248
1.8135755516236576,12.278097763680583,8.444877879430376,1.8686266309639539,1.0607109154800396,0.6777643864148002,0.1939621623880225
1.7778755516236577,12.242387763680583,8.444877879430376,1.7932266309639537,1.1376209154800399,0.6850843864148002,0.2406541623880225
1.7778755516236577,12.278097763680583,8.373477879430377,1.7575266309639535,1.2310009154800396,0.6567043864148001,0.15367916238802248
1.7421655516236576,12.317767763680582,8.444877879430376,1.7932266309639537,1.2786109154800398,0.6219143864148002,0.18663716238802247
1.7421655516236576,12.317767763680582,8.444877879430376,1.7932266309639537,1.2786109154800398,0.6219143864148002,0.18663716238802247
1.8135755516236576,12.278097763680583,8.520277879430376,1.8328266309639538,1.3491109154800398,0.6292343864148002,0.2269211623880225
1.7024955516236577,12.317767763680582,8.480677879430376,1.9043266309639542,1.2786109154800398,0.5807143864148001,0.14635416238802246
1.6667855516236576,12.468527763680582,8.480677879430376,1.9043266309639542,1.2255109154800397,0.6081843864148002,0.2342451623880225
1.4485855516236577,12.579607763680581,8.555977879430376,1.9043266309639542,1.1257209154800396,0.6988143864148002,0.2269211623880225
1.5199955516236576,12.654987763680582,8.520277879430376,1.8328266309639538,1.0900109154800397,0.6567043864148001,0.18663716238802247
1.5199955516236576,12.766077763680583,8.738477879430375,1.9043266309639542,1.0726209154800395,0.6155043864148002,0.21410316238802252
1.5557055516236578,12.805747763680582,8.920977879430376,1.7932266309639537,1.1312109154800396,0.5807143864148001,0.1664961623880225
1.7421655516236576,12.805747763680582,9.103477879430375,1.7932266309639537,1.1843109154800397,0.5807143864148001,0.2342451623880225
1.8135755516236576,12.766077763680583,9.103477879430375,1.6821266309639533,1.2548109154800398,0.5880343864148001,0.1738201623880225
1.8889555516236576,12.766077763680583,9.289977879430376,1.5670266309639533,1.2905109154800396,0.6502943864148001,0.20677916238802252
1.9603655516236578,12.805747763680582,9.178877879430376,1.4163266309639528,1.2841009154800398,0.6365643864148001,0.20037016238802247
2.142865551623658,12.615317763680583,9.143177879430375,1.3806266309639543,1.2255109154800397,0.7052243864148002,0.15367916238802248
2.0714455516236576,12.468527763680582,9.143177879430375,1.3052266309639542,1.2255109154800397,0.8443843864148002,0.2269211623880225
2.107155551623658,12.504227763680582,9.103477879430375,1.3806266309639543,1.1550109154800396,0.8507943864148002,0.18663716238802247
1.9603655516236578,12.468527763680582,9.143177879430375,1.491726630963953,1.1550109154800396,0.8443843864148002,0.22051216238802251
1.7421655516236576,12.468527763680582,9.143177879430375,1.6424266309639535,1.1898009154800397,0.7748043864148002,0.2269211623880225
1.6667855516236576,12.393147763680583,9.067777879430375,1.7575266309639535,1.1788209154800398,0.6850843864148002,0.1664961623880225
1.5557055516236578,12.317767763680582,8.956677879430377,1.8686266309639539,1.1724109154800395,0.6777643864148002,0.2342451623880225
1.4485855516236577,12.504227763680582,9.178877879430376,2.0947266309639545,1.1843109154800397,0.6429743864148001,0.20037016238802247
1.5199955516236576,12.504227763680582,8.996377879430376,2.3208266309639534,1.2017109154800396,0.6017743864148002,0.16008716238802245
1.4842955516236576,12.468527763680582,9.067777879430375,2.3208266309639534,1.1898009154800397,0.6502943864148001,0.2269211623880225
1.5557055516236578,12.615317763680583,8.956677879430377,2.3565266309639537,1.1898009154800397,0.7336043864148001,0.20677916238802252
1.6310855516236578,12.654987763680582,8.920977879430376,2.3208266309639534,1.1605109154800397,0.7336043864148001,0.2269211623880225
1.5199955516236576,12.654987763680582,8.849577879430376,2.4716266309639536,1.1431109154800398,0.6502943864148001,0.1939621623880225
1.5199955516236576,12.654987763680582,8.849577879430376,2.431926630963954,1.1376209154800399,0.6155043864148002,0.20037016238802247
1.5199955516236576,12.615317763680583,8.813877879430375,2.4716266309639536,1.1843109154800397,0.6502943864148001,0.1802291623880225
1.6310855516236578,12.690697763680582,8.774177879430376,2.507326630963954,1.1605109154800397,0.6017743864148002,0.20037016238802247
1.5199955516236576,12.805747763680582,8.813877879430375,2.507326630963954,1.1486109154800395,0.5880343864148001,0.20677916238802252
1.3017955516236577,12.841447763680582,8.885277879430376,2.5470266309639538,1.1605109154800397,0.5596543864148,0.20037016238802247
1.3375055516236576,12.881127763680581,8.813877879430375,2.431926630963954,1.1898009154800397,0.5733943864148001,0.21410316238802252
1.4485855516236577,12.916827763680583,8.920977879430376,2.3565266309639537,1.1788209154800398,0.6292343864148002,0.2269211623880225
1.5557055516236578,12.992207763680582,8.920977879430376,2.2454266309639532,1.1312109154800396,0.6155043864148002,0.14635416238802246
1.7421655516236576,12.881127763680581,9.067777879430375,2.2454266309639532,1.1138209154800398,0.5669843864148001,0.2342451623880225
1.7778755516236577,12.805747763680582,9.214577879430376,2.130426630963953,1.1138209154800398,0.5807143864148001,0.20037016238802247
1.8889555516236576,12.654987763680582,9.143177879430375,1.9796266309639527,1.1898009154800397,0.6365643864148001,0.1738201623880225
1.9960755516236577,12.615317763680583,9.289977879430376,1.9043266309639542,1.2081109154800398,0.7400143864148001,0.20677916238802252
2.035745551623658,12.543907763680583,9.289977879430376,1.7932266309639537,1.2786109154800398,0.7537443864148001,0.18663716238802247
2.035745551623658,12.579607763680581,9.214577879430376,1.8328266309639538,1.2612209154800396,0.7125543864148001,0.21410316238802252
1.8889555516236576,12.654987763680582,9.250277879430376,1.7575266309639535,1.3198109154800397,0.7262843864148001,0.1939621623880225
1.9603655516236578,12.805747763680582,9.214577879430376,1.7178266309639536,1.3198109154800397,0.7400143864148001,0.1738201623880225
1.8492855516236577,12.881127763680581,9.178877879430376,1.6821266309639533,1.3372009154800395,0.6429743864148001,0.21410316238802252
1.8492855516236577,12.881127763680581,9.178877879430376,1.6821266309639533,1.3372009154800395,0.6429743864148001,0.21410316238802252
1.5953755516236576,12.956497763680582,9.178877879430376,1.7932266309639537,1.2429009154800394,0.5111333864148002,0.2342451623880225
1.5953755516236576,12.956497763680582,9.178877879430376,1.7932266309639537,1.2429009154800394,0.5111333864148002,0.2342451623880225
1.4842955516236576,12.956497763680582,9.067777879430375,1.9043266309639542,1.1605109154800397,0.6155043864148002,0.2406541623880225
1.4485855516236577,13.031877763680583,9.143177879430375,1.9043266309639542,1.1257209154800396,0.7400143864148001,0.1664961623880225
1.5557055516236578,13.067587763680582,9.214577879430376,1.8686266309639539,1.0964209154800395,0.6429743864148001,0.21410316238802252
1.7421655516236576,13.142967763680582,9.250277879430376,1.8686266309639539,1.1312109154800396,0.6017743864148002,0.1738201623880225
1.8889555516236576,13.293717763680583,9.250277879430376,1.8686266309639539,1.2786109154800398,0.6502943864148001,0.1802291623880225
1.9603655516236578,13.258017763680582,9.250277879430376,1.8328266309639538,1.3317109154800395,0.6429743864148001,0.22051216238802251
1.9603655516236578,13.142967763680582,9.361377879430377,1.7932266309639537,1.2841009154800398,0.6365643864148001,0.2342451623880225
1.9960755516236577,12.916827763680583,9.397077879430377,1.7178266309639536,1.2786109154800398,0.7189543864148,0.1664961623880225
1.9960755516236577,12.805747763680582,9.508177879430376,1.6424266309639535,1.2429009154800394,0.7610743864148002,0.2269211623880225
1.9246655516236577,12.730367763680583,9.579577879430376,1.491726630963953,1.1898009154800397,0.7674843864148002,0.1802291623880225
1.9246655516236577,12.730367763680583,9.579577879430376,1.4163266309639528,1.1669209154800395,0.7812143864148002,0.18663716238802247
1.8889555516236576,12.841447763680582,9.690677879430377,1.3806266309639543,1.1257209154800396,0.8022743864148001,0.2406541623880225
1.8889555516236576,12.881127763680581,9.543877879430376,1.4163266309639528,1.1486109154800395,0.7812143864148002,0.20037016238802247
1.8135755516236576,12.841447763680582,9.619277879430376,1.531326630963953,1.1431109154800398,0.7537443864148001,0.22051216238802251
1.8492855516236577,12.805747763680582,9.690677879430377,1.4560266309639545,1.1962109154800395,0.7336043864148001,0.20677916238802252
1.9246655516236577,12.841447763680582,9.801777879430377,1.6067266309639532,1.2255109154800397,0.6988143864148002,0.20037016238802247
1.9960755516236577,12.916827763680583,9.873177879430376,1.6424266309639535,1.2667109154800396,0.7473443864148002,0.2406541623880225
2.107155551623658,12.956497763680582,9.837477879430375,1.7575266309639535,1.2548109154800398,0.8022743864148001,0.18663716238802247
2.0714455516236576,12.992207763680582,9.984277879430376,1.8686266309639539,1.2255109154800397,0.8507943864148002,0.1802291623880225
2.107155551623658,13.031877763680583,10.019977879430376,1.9439266309639542,1.2017109154800396,0.8297343864148001,0.20037016238802247
2.218235551623658,12.992207763680582,10.019977879430376,2.055026630963953,1.1669209154800395,0.7958643864148001,0.20037016238802247
2.218235551623658,12.956497763680582,10.055677879430377,2.055026630963953,1.1193109154800398,0.7748043864148002,0.2342451623880225
2.182535551623658,13.031877763680583,9.948477879430376,2.130426630963953,1.0662109154800397,0.7400143864148001,0.20677916238802252
2.218235551623658,13.107257763680582,9.948477879430376,2.2454266309639532,1.1431109154800398,0.7262843864148001,0.1939621623880225
2.182535551623658,13.067587763680582,9.908877879430376,2.3962266309639535,1.1605109154800397,0.7537443864148001,0.16008716238802245
2.142865551623658,13.107257763680582,9.908877879430376,2.3565266309639537,1.1962109154800395,0.7537443864148001,0.21410316238802252
2.142865551623658,13.142967763680582,9.801777879430377,2.3962266309639535,1.1962109154800395,0.6914943864148002,0.2269211623880225
2.142865551623658,13.142967763680582,9.766077879430377,2.3565266309639537,1.1724109154800395,0.6502943864148001,0.1664961623880225
2.0714455516236576,13.142967763680582,9.766077879430377,2.2454266309639532,1.1486109154800395,0.6850843864148002,0.21410316238802252
2.0714455516236576,13.182637763680582,9.726377879430377,2.130426630963953,1.1431109154800398,0.7400143864148001,0.20037016238802247
2.218235551623658,13.293717763680583,9.801777879430377,2.055026630963953,1.1312109154800396,0.7674843864148002,0.20037016238802247
2.218235551623658,13.333397763680583,9.801777879430377,2.0947266309639545,1.1376209154800399,0.7958643864148001,0.22051216238802251
2.182535551623658,13.218347763680583,9.801777879430377,1.9439266309639542,1.1669209154800395,0.7610743864148002,0.1399461623880225
2.2896555516236576,13.182637763680582,9.837477879430375,2.0193266309639544,1.2255109154800397,0.6704343864148001,0.2342451623880225
2.2539455516236577,12.956497763680582,9.948477879430376,1.9439266309639542,1.3079109154800395,0.6850843864148002,0.2269211623880225
2.182535551623658,13.067587763680582,9.837477879430375,1.7932266309639537,1.3436109154800397,0.7336043864148001,0.1738201623880225
2.218235551623658,13.142967763680582,9.837477879430375,1.7575266309639535,1.3372009154800395,0.7336043864148001,0.22051216238802251
2.142865551623658,13.107257763680582,9.837477879430375,1.7575266309639535,1.2841009154800398,0.6914943864148002,0.1664961623880225
2.035745551623658,13.067587763680582,9.837477879430375,1.6821266309639533,1.2612209154800396,0.7400143864148001,0.18663716238802247
2.035745551623658,13.107257763680582,9.766077879430377,1.6821266309639533,1.1843109154800397,0.7674843864148002,0.2269211623880225
1.9603655516236578,13.218347763680583,9.766077879430377,1.5670266309639533,1.1898009154800397,0.7537443864148001,0.16008716238802245
1.9246655516236577,13.218347763680583,9.766077879430377,1.5670266309639533,1.1724109154800395,0.7400143864148001,0.2406541623880225
1.8492855516236577,13.218347763680583,9.726377879430377,1.5670266309639533,1.1724109154800395,0.7400143864148001,0.1939621623880225
1.9246655516236577,13.142967763680582,9.726377879430377,1.5670266309639533,1.2374109154800395,0.7125543864148001,0.1939621623880225
1.9246655516236577,13.182637763680582,9.766077879430377,1.6067266309639532,1.2905109154800396,0.7473443864148002,0.2543871623880225
1.9246655516236577,13.107257763680582,9.873177879430376,1.6424266309639535,1.3079109154800395,0.7885343864148002,0.16008716238802245
2.107155551623658,13.067587763680582,9.908877879430376,1.7575266309639535,1.2905109154800396,0.7400143864148001,0.20677916238802252
2.107155551623658,13.067587763680582,9.908877879430376,1.7575266309639535,1.2905109154800396,0.7400143864148001,0.20677916238802252
2.107155551623658,13.067587763680582,9.984277879430376,1.6821266309639533,1.2722009154800396,0.7262843864148001,0.1939621623880225
2.182535551623658,13.067587763680582,9.984277879430376,1.6067266309639532,1.2493109154800397,0.7812143864148002,0.1939621623880225
2.107155551623658,13.107257763680582,9.948477879430376,1.5670266309639533,1.2429009154800394,0.7885343864148002,0.2342451623880225
2.0714455516236576,13.067587763680582,10.019977879430376,1.531326630963953,1.2548109154800398,0.7473443864148002,0.20677916238802252
2.035745551623658,13.067587763680582,10.019977879430376,1.491726630963953,1.2310009154800396,0.7400143864148001,0.21410316238802252
2.142865551623658,13.067587763680582,10.019977879430376,1.5670266309639533,1.2429009154800394,0.7748043864148002,0.2342451623880225
2.0714455516236576,13.067587763680582,9.948477879430376,1.4163266309639528,1.3317109154800395,0.7812143864148002,0.21410316238802252
2.107155551623658,13.067587763680582,9.948477879430376,1.4560266309639545,1.3665009154800396,0.7473443864148002,0.2269211623880225
1.9246655516236577,12.956497763680582,9.948477879430376,1.3409266309639545,1.3491109154800398,0.7262843864148001,0.20677916238802252
1.9960755516236577,12.992207763680582,9.908877879430376,1.229826630963954,1.3253009154800397,0.7958643864148001,0.20037016238802247
1.9960755516236577,12.992207763680582,9.801777879430377,1.0791266309639536,1.2374109154800395,0.8022743864148001,0.24706216238802248
1.8889555516236576,13.031877763680583,9.801777879430377,1.0037266309639534,1.1550109154800396,0.7674843864148002,0.1802291623880225
1.8492855516236577,13.067587763680582,9.837477879430375,0.9283266309639533,1.1193109154800398,0.7473443864148002,0.2269211623880225
1.7421655516236576,13.067587763680582,10.019977879430376,0.9283266309639533,1.1431109154800398,0.7610743864148002,0.21410316238802252
1.7778755516236577,13.031877763680583,10.095277879430377,1.0394266309639537,1.2310009154800396,0.7610743864148002,0.20037016238802247
1.8135755516236576,12.956497763680582,10.166677879430376,1.0791266309639536,1.2841009154800398,0.8233243864148001,0.2269211623880225
1.8492855516236577,12.956497763680582,10.202477879430376,1.154426630963954,1.3491109154800398,0.8581143864148002,0.2543871623880225
1.8492855516236577,12.956497763680582,10.202477879430376,1.154426630963954,1.3491109154800398,0.8581143864148002,0.2543871623880225
1.8135755516236576,12.841447763680582,10.166677879430376,1.2655266309639543,1.3134009154800395,0.8581143864148002,0.1738201623880225
1.8492855516236577,12.841447763680582,10.166677879430376,1.4163266309639528,1.2786109154800398,0.8022743864148001,0.20677916238802252
1.8889555516236576,12.730367763680583,10.095277879430377,1.4163266309639528,1.2493109154800397,0.7885343864148002,0.20677916238802252
1.9603655516236578,12.805747763680582,10.095277879430377,1.5670266309639533,1.2200209154800397,0.7958643864148001,0.22051216238802251
2.035745551623658,12.766077763680583,10.130977879430375,1.6067266309639532,1.1605109154800397,0.7610743864148002,0.22051216238802251
1.9246655516236577,12.916827763680583,10.202477879430376,1.6821266309639533,1.1550109154800396,0.7336043864148001,0.1939621623880225
1.8135755516236576,12.992207763680582,10.242077879430376,1.6821266309639533,1.1550109154800396,0.7958643864148001,0.2406541623880225
1.7421655516236576,13.107257763680582,10.313477879430376,1.8328266309639538,1.1486109154800395,0.8645243864148002,0.1939621623880225
1.8135755516236576,13.107257763680582,10.202477879430376,1.9043266309639542,1.1486109154800395,0.8370643864148002,0.21410316238802252
1.8135755516236576,13.107257763680582,10.202477879430376,1.8686266309639539,1.1074109154800396,0.7400143864148001,0.2269211623880225
1.7778755516236577,13.067587763680582,10.202477879430376,1.9439266309639542,1.1193109154800398,0.6640243864148001,0.1802291623880225
1.9246655516236577,13.067587763680582,10.166677879430376,1.9043266309639542,1.1257209154800396,0.7262843864148001,0.21410316238802252
1.9960755516236577,13.031877763680583,10.130977879430375,1.8686266309639539,1.1962109154800395,0.7674843864148002,0.1802291623880225
2.107155551623658,13.067587763680582,10.202477879430376,1.7575266309639535,1.1843109154800397,0.7958643864148001,0.20037016238802247
2.182535551623658,13.142967763680582,10.384877879430377,1.7178266309639536,1.2493109154800397,0.7748043864148002,0.22051216238802251
2.2896555516236576,13.067587763680582,10.531677879430376,1.7575266309639535,1.2255109154800397,0.8370643864148002,0.1802291623880225
2.2896555516236576,13.107257763680582,10.678477879430377,1.7932266309639537,1.2429009154800394,0.8507943864148002,0.21410316238802252
2.3293255516236577,12.956497763680582,10.718177879430376,1.6424266309639535,1.2136109154800399,0.7812143864148002,0.1738201623880225
2.2896555516236576,12.881127763680581,10.825277879430375,1.6821266309639533,1.1724109154800395,0.7189543864148,0.1939621623880225
2.2896555516236576,12.881127763680581,10.789577879430375,1.5670266309639533,1.1724109154800395,0.8297343864148001,0.1802291623880225
2.182535551623658,12.916827763680583,10.825277879430375,1.6067266309639532,1.1669209154800395,0.8929043864148001,0.21410316238802252
2.2539455516236577,12.916827763680583,10.753877879430377,1.531326630963953,1.1724109154800395,0.9066443864148002,0.21410316238802252
2.2539455516236577,13.142967763680582,10.753877879430377,1.3409266309639545,1.1669209154800395,0.8782643864148001,0.16008716238802245
2.2539455516236577,13.142967763680582,10.753877879430377,1.3409266309639545,1.1669209154800395,0.8782643864148001,0.16008716238802245
2.2539455516236577,13.142967763680582,10.718177879430376,1.3052266309639542,1.1669209154800395,0.8370643864148002,0.2342451623880225
2.2539455516236577,13.107257763680582,10.678477879430377,1.1901266309639542,1.1843109154800397,0.7748043864148002,0.1802291623880225
2.218235551623658,13.067587763680582,10.642777879430376,1.154426630963954,1.2081109154800398,0.7885343864148002,0.16008716238802245
2.107155551623658,12.992207763680582,10.531677879430376,1.1901266309639542,1.2548109154800398,0.8160043864148001,0.2269211623880225
2.0714455516236576,12.956497763680582,10.424577879430377,1.1901266309639542,1.2786109154800398,0.8645243864148002,0.1738201623880225
2.0714455516236576,12.992207763680582,10.424577879430377,1.1901266309639542,1.3024109154800398,0.8581143864148002,0.22051216238802251
2.0714455516236576,13.067587763680582,10.424577879430377,1.3052266309639542,1.2722009154800396,0.8443843864148002,0.20037016238802247
2.107155551623658,13.142967763680582,10.424577879430377,1.1901266309639542,1.2841009154800398,0.7958643864148001,0.1738201623880225
2.182535551623658,13.182637763680582,10.460277879430375,1.3052266309639542,1.2548109154800398,0.7674843864148002,0.21410316238802252
2.182535551623658,13.142967763680582,10.424577879430377,1.2655266309639543,1.2200209154800397,0.7473443864148002,0.1664961623880225
2.182535551623658,13.067587763680582,10.460277879430375,1.3052266309639542,1.1550109154800396,0.7189543864148,0.20677916238802252
2.218235551623658,12.992207763680582,10.384877879430377,1.3806266309639543,1.1550109154800396,0.7674843864148002,0.21410316238802252
2.142865551623658,12.916827763680583,10.460277879430375,1.4163266309639528,1.1550109154800396,0.8993143864148001,0.18663716238802247
2.182535551623658,12.956497763680582,10.460277879430375,1.6067266309639532,1.1962109154800395,0.9615743864148001,0.20037016238802247
2.218235551623658,12.956497763680582,10.424577879430377,1.5670266309639533,1.2374109154800395,0.9066443864148002,0.21410316238802252
2.2539455516236577,12.992207763680582,10.424577879430377,1.5670266309639533,1.2200209154800397,0.7610743864148002,0.16008716238802245
2.2896555516236576,12.956497763680582,10.349177879430377,1.491726630963953,1.2310009154800396,0.7052243864148002,0.20037016238802247
2.182535551623658,12.956497763680582,10.384877879430377,1.491726630963953,1.2722009154800396,0.7537443864148001,0.1664961623880225
2.142865551623658,12.956497763680582,10.313477879430376,1.4560266309639545,1.2374109154800395,0.7748043864148002,0.1939621623880225
2.0714455516236576,13.031877763680583,10.349177879430377,1.4560266309639545,1.2493109154800397,0.7748043864148002,0.22051216238802251
2.035745551623658,12.956497763680582,10.349177879430377,1.3806266309639543,1.2136109154800399,0.7885343864148002,0.16008716238802245
1.9960755516236577,12.956497763680582,10.313477879430376,1.229826630963954,1.2200209154800397,0.8095943864148001,0.2269211623880225
1.9603655516236578,12.916827763680583,10.277777879430376,1.229826630963954,1.2200209154800397,0.8581143864148002,0.1939621623880225
1.8889555516236576,13.031877763680583,10.277777879430376,1.154426630963954,1.2960109154800397,0.8233243864148001,0.20037016238802247
1.9246655516236577,12.841447763680582,10.277777879430376,1.0037266309639534,1.2960109154800397,0.7473443864148002,0.20677916238802252
1.9246655516236577,12.841447763680582,10.313477879430376,0.9640266309639536,1.3198109154800397,0.7400143864148001,0.1939621623880225
1.9603655516236578,12.841447763680582,10.242077879430376,0.8529266309639532,1.2548109154800398,0.8443843864148002,0.2269211623880225
1.9603655516236578,12.805747763680582,10.313477879430376,0.777526630963953,1.2081109154800398,0.9414343864148,0.16008716238802245
1.8889555516236576,12.805747763680582,10.424577879430377,0.6625266309639528,1.1788209154800398,0.9478443864148001,0.22051216238802251
2.035745551623658,12.916827763680583,10.495977879430376,0.6625266309639528,1.1788209154800398,0.8929043864148001,0.2269211623880225
2.182535551623658,12.766077763680583,10.678477879430377,0.777526630963953,1.2255109154800397,0.9066443864148002,0.21410316238802252
2.218235551623658,12.730367763680583,10.718177879430376,0.8886266309639534,1.2667109154800396,0.9414343864148,0.1939621623880225
2.2539455516236577,12.841447763680582,10.825277879430375,1.0394266309639537,1.2612209154800396,0.8297343864148001,0.22051216238802251
2.3293255516236577,12.766077763680583,10.753877879430377,1.0791266309639536,1.2548109154800398,0.7958643864148001,0.1802291623880225
2.4761155516236575,12.881127763680581,10.678477879430377,1.1148266309639538,1.2200209154800397,0.8645243864148002,0.18663716238802247
2.4761155516236575,12.881127763680581,10.678477879430377,1.1148266309639538,1.2200209154800397,0.8645243864148002,0.18663716238802247
2.3293255516236577,12.956497763680582,10.607077879430376,1.2655266309639543,1.1431109154800398,0.9826343864148002,0.18663716238802247
2.218235551623658,12.841447763680582,10.495977879430376,1.3052266309639542,1.1074109154800396,0.9267843864148002,0.21410316238802252
2.218235551623658,12.805747763680582,10.571377879430376,1.4163266309639528,1.1074109154800396,0.9066443864148002,0.22051216238802251
2.107155551623658,12.841447763680582,10.495977879430376,1.4560266309639545,1.1431109154800398,0.8645243864148002,0.20037016238802247
2.107155551623658,13.031877763680583,10.424577879430377,1.6067266309639532,1.1724109154800395,0.7958643864148001,0.22051216238802251
2.0714455516236576,13.031877763680583,10.424577879430377,1.6821266309639533,1.1605109154800397,0.8022743864148001,0.22051216238802251
2.182535551623658,12.992207763680582,10.349177879430377,1.6821266309639533,1.1669209154800395,0.8095943864148001,0.2342451623880225
2.142865551623658,12.916827763680583,10.313477879430376,1.6424266309639535,1.1486109154800395,0.8370643864148002,0.16008716238802245
2.218235551623658,12.916827763680583,10.460277879430375,1.6821266309639533,1.1431109154800398,0.8160043864148001,0.21410316238802252
2.218235551623658,13.031877763680583,10.607077879430376,1.6424266309639535,1.1605109154800397,0.8233243864148001,0.20677916238802252
2.2896555516236576,12.956497763680582,10.571377879430376,1.531326630963953,1.1431109154800398,0.8645243864148002,0.2342451623880225
2.3293255516236577,12.992207763680582,10.642777879430376,1.491726630963953,1.1376209154800399,0.8581143864148002,0.1738201623880225
2.3293255516236577,13.031877763680583,10.678477879430377,1.491726630963953,1.1669209154800395,0.8645243864148002,0.2269211623880225
2.4007355516236575,13.031877763680583,10.642777879430376,1.3806266309639543,1.1486109154800395,0.8443843864148002,0.22051216238802251
2.4007355516236575,13.031877763680583,10.642777879430376,1.3806266309639543,1.1486109154800395,0.8443843864148002,0.22051216238802251
2.4364355516236578,13.031877763680583,10.789577879430375,1.1901266309639542,1.1376209154800399,0.8718543864148001,0.24706216238802248
2.5118155516236578,13.067587763680582,10.789577879430375,1.1901266309639542,1.1312109154800396,0.8645243864148002,0.1738201623880225
2.4364355516236578,12.956497763680582,10.789577879430375,1.1148266309639538,1.1431109154800398,0.8929043864148001,0.1939621623880225
2.2539455516236577,12.992207763680582,10.825277879430375,1.154426630963954,1.1898009154800397,0.9203743864148002,0.2543871623880225
2.3293255516236577,12.992207763680582,10.718177879430376,1.0394266309639537,1.1843109154800397,0.8929043864148001,0.1802291623880225
2.3650255516236576,12.992207763680582,10.607077879430376,1.1148266309639538,1.2136109154800399,0.8581143864148002,0.2342451623880225
2.2896555516236576,12.992207763680582,10.642777879430376,1.0791266309639536,1.2429009154800394,0.8297343864148001,0.2269211623880225
2.2539455516236577,13.031877763680583,10.571377879430376,1.1148266309639538,1.2548109154800398,0.8233243864148001,0.1802291623880225
2.2539455516236577,13.031877763680583,10.642777879430376,1.1148266309639538,1.2429009154800394,0.9203743864148002,0.18663716238802247
2.2896555516236576,12.992207763680582,10.642777879430376,1.1148266309639538,1.2081109154800398,0.9066443864148002,0.2342451623880225
2.218235551623658,13.107257763680582,10.642777879430376,0.9640266309639536,1.1605109154800397,0.8507943864148002,0.21410316238802252
2.218235551623658,13.182637763680582,10.607077879430376,1.0037266309639534,1.1312109154800396,0.8095943864148001,0.20037016238802247
2.2539455516236577,13.031877763680583,10.607077879430376,1.0791266309639536,1.1074109154800396,0.8581143864148002,0.2342451623880225
2.218235551623658,12.916827763680583,10.678477879430377,0.9640266309639536,1.1724109154800395,0.9203743864148002,0.2269211623880225
2.218235551623658,12.916827763680583,10.678477879430377,0.9640266309639536,1.1724109154800395,0.9203743864148002,0.2269211623880225
2.2539455516236577,12.805747763680582,10.718177879430376,1.1148266309639538,1.2017109154800396,0.9414343864148,0.21410316238802252
2.2539455516236577,12.654987763680582,10.900677879430376,1.0791266309639536,1.2429009154800394,0.9688943864148001,0.18663716238802247
2.2896555516236576,12.690697763680582,10.936377879430376,1.0791266309639536,1.2429009154800394,0.9203743864148002,0.2269211623880225
2.4761155516236575,12.615317763680583,10.900677879430376,0.9640266309639536,1.2429009154800394,0.8443843864148002,0.22051216238802251
2.4364355516236578,12.615317763680583,10.972077879430376,0.8886266309639534,1.2255109154800397,0.8233243864148001,0.20677916238802252
2.3650255516236576,12.543907763680583,11.047477879430376,0.8529266309639532,1.2136109154800399,0.8645243864148002,0.21410316238802252
2.4761155516236575,12.504227763680582,10.936377879430376,0.8886266309639534,1.2017109154800396,0.9478443864148001,0.1939621623880225
2.4761155516236575,12.504227763680582,10.936377879430376,0.8886266309639534,1.2017109154800396,0.9478443864148001,0.1939621623880225
2.4364355516236578,12.579607763680581,11.154577879430375,0.777526630963953,1.2722009154800396,1.0448843864148,0.2269211623880225
2.5832255516236575,12.543907763680583,11.118877879430377,0.8133266309639531,1.2493109154800397,0.9688943864148001,0.1738201623880225
2.4761155516236575,12.690697763680582,11.118877879430377,0.8133266309639531,1.1669209154800395,0.8581143864148002,0.2269211623880225
2.5475255516236577,12.654987763680582,10.972077879430376,0.8529266309639532,1.1074109154800396,0.8782643864148001,0.20677916238802252
2.5475255516236577,12.766077763680583,10.972077879430376,0.7022266309639544,1.1019109154800395,0.9615743864148001,0.2342451623880225
2.5118155516236578,12.615317763680583,10.972077879430376,0.7022266309639544,1.1138209154800398,0.9688943864148001,0.1939621623880225
2.5118155516236578,12.615317763680583,10.972077879430376,0.7022266309639544,1.1138209154800398,0.9688943864148001,0.1939621623880225
2.4761155516236575,12.579607763680581,10.900677879430376,0.777526630963953,1.1486109154800395,0.9826343864148002,0.21410316238802252
2.5475255516236577,12.504227763680582,11.007777879430376,0.777526630963953,1.2374109154800395,0.9890343864148001,0.2406541623880225
2.5832255516236575,12.353477763680582,10.860977879430376,0.6625266309639528,1.3024109154800398,0.9203743864148002,0.21410316238802252
2.4761155516236575,12.428857763680583,10.789577879430375,0.737926630963953,1.2722009154800396,0.8507943864148002,0.18663716238802247
2.4007355516236575,12.428857763680583,10.753877879430377,0.7022266309639544,1.2612209154800396,0.8160043864148001,0.2269211623880225
2.5475255516236577,12.468527763680582,10.718177879430376,0.7022266309639544,1.2200209154800397,0.8581143864148002,0.1939621623880225
2.5475255516236577,12.393147763680583,10.753877879430377,0.737926630963953,1.1788209154800398,0.9615743864148001,0.21410316238802252
2.5832255516236575,12.504227763680582,10.825277879430375,0.737926630963953,1.0900109154800397,1.0238243864148002,0.2342451623880225
2.5475255516236577,12.468527763680582,10.900677879430376,0.6625266309639528,1.0662109154800397,1.0238243864148002,0.1738201623880225
2.6586055516236575,12.353477763680582,10.936377879430376,0.7022266309639544,1.0726209154800395,1.0036843864148002,0.2406541623880225
2.6229055516236577,12.428857763680583,11.007777879430376,0.6268266309639543,1.1193109154800398,1.0375643864148,0.2342451623880225
2.6586055516236575,12.468527763680582,11.083177879430377,0.5871266309639545,1.0845209154800397,1.0311543864148,0.1664961623880225
2.8053955516236577,12.543907763680583,11.047477879430376,0.5514266309639524,1.1669209154800395,0.9551643864148001,0.2406541623880225
2.769695551623658,12.654987763680582,11.118877879430377,0.5514266309639524,1.1788209154800398,0.9203743864148002,0.1738201623880225
2.8768055516236575,12.615317763680583,11.154577879430375,0.44032663096395197,1.2200209154800397,0.8929043864148001,0.1802291623880225
2.987895551623658,12.504227763680582,11.154577879430375,0.5117266309639525,1.2081109154800398,0.9341043864148002,0.2269211623880225
3.063275551623658,12.579607763680581,11.154577879430375,0.47602663096395403,1.2493109154800397,0.9890343864148001,0.1664961623880225
2.9521855516236575,12.543907763680583,11.194277879430375,0.5117266309639525,1.1843109154800397,1.0522143864148001,0.2269211623880225
2.9164855516236576,12.543907763680583,11.229977879430376,0.6625266309639528,1.1843109154800397,1.0238243864148002,0.1939621623880225
2.9164855516236576,12.468527763680582,11.194277879430375,0.8133266309639531,1.1669209154800395,1.0036843864148002,0.18663716238802247
2.9164855516236576,12.393147763680583,11.118877879430377,0.737926630963953,1.1550109154800396,0.9551643864148001,0.22051216238802251
2.769695551623658,12.393147763680583,11.154577879430375,0.8133266309639531,1.1788209154800398,0.9478443864148001,0.1802291623880225
2.8053955516236577,12.468527763680582,11.154577879430375,1.0037266309639534,1.1669209154800395,0.8929043864148001,0.1802291623880225
2.8768055516236575,12.468527763680582,11.047477879430376,1.0394266309639537,1.1550109154800396,0.9066443864148002,0.2342451623880225
2.8411055516236576,12.353477763680582,11.047477879430376,1.0791266309639536,1.1193109154800398,0.9551643864148001,0.1939621623880225
2.8768055516236575,12.353477763680582,11.007777879430376,1.0037266309639534,1.1019109154800395,0.9826343864148002,0.2406541623880225
2.8053955516236577,12.317767763680582,11.007777879430376,1.0394266309639537,1.1074109154800396,0.9890343864148001,0.20037016238802247
2.769695551623658,12.353477763680582,10.900677879430376,1.154426630963954,1.1193109154800398,0.9826343864148002,0.20037016238802247
2.769695551623658,12.353477763680582,10.900677879430376,1.154426630963954,1.1193109154800398,0.9826343864148002,0.20037016238802247
2.8411055516236576,12.242387763680583,10.972077879430376,1.0791266309639536,1.1376209154800399,0.9753043864148001,0.20677916238802252
2.8053955516236577,12.242387763680583,10.900677879430376,1.229826630963954,1.1605109154800397,0.9688943864148001,0.1939621623880225
2.8053955516236577,12.202717763680582,10.936377879430376,1.229826630963954,1.1788209154800398,0.9688943864148001,0.2269211623880225
2.694315551623658,12.278097763680583,10.936377879430376,1.1901266309639542,1.1898009154800397,0.9688943864148001,0.18663716238802247
2.769695551623658,12.278097763680583,10.936377879430376,1.154426630963954,1.2200209154800397,0.9414343864148,0.1939621623880225
2.8053955516236577,12.393147763680583,10.972077879430376,1.229826630963954,1.2017109154800396,0.8929043864148001,0.21410316238802252
2.8768055516236575,12.278097763680583,10.900677879430376,1.229826630963954,1.1843109154800397,0.9066443864148002,0.18663716238802247
2.8053955516236577,12.317767763680582,10.972077879430376,1.1148266309639538,1.1486109154800395,0.9551643864148001,0.22051216238802251
2.7300155516236577,12.278097763680583,10.936377879430376,1.1148266309639538,1.1019109154800395,0.9478443864148001,0.1802291623880225
2.7300155516236577,12.278097763680583,11.007777879430376,1.154426630963954,1.0433209154800398,0.9341043864148002,0.20037016238802247
2.769695551623658,12.317767763680582,11.047477879430376,1.1148266309639538,1.0781109154800395,0.9478443864148001,0.22051216238802251
2.8768055516236575,12.202717763680582,11.047477879430376,1.1148266309639538,1.1019109154800395,0.9615743864148001,0.16008716238802245
2.8768055516236575,12.242387763680583,11.007777879430376,0.9640266309639536,1.1376209154800399,0.9414343864148,0.22051216238802251
2.9521855516236575,12.317767763680582,11.118877879430377,0.9283266309639533,1.2017109154800396,0.9551643864148001,0.1664961623880225
2.9164855516236576,12.317767763680582,11.083177879430377,1.0037266309639534,1.2255109154800397,0.9753043864148001,0.1738201623880225
2.9164855516236576,12.317767763680582,11.154577879430375,0.9283266309639533,1.2200209154800397,1.0100943864148002,0.21410316238802252
3.0235955516236577,12.242387763680583,11.118877879430377,0.8133266309639531,1.2081109154800398,1.0036843864148002,0.1664961623880225
3.0235955516236577,12.242387763680583,11.118877879430377,0.8133266309639531,1.2081109154800398,1.0036843864148002,0.1664961623880225
2.9164855516236576,12.353477763680582,11.154577879430375,0.777526630963953,1.1669209154800395,0.9551643864148001,0.21410316238802252
2.9164855516236576,12.353477763680582,11.118877879430377,0.737926630963953,1.1376209154800399,0.9478443864148001,0.1802291623880225
2.987895551623658,12.278097763680583,11.154577879430375,0.7022266309639544,1.1605109154800397,0.9963643864148002,0.1802291623880225
2.8411055516236576,12.242387763680583,11.194277879430375,0.7022266309639544,1.1962109154800395,1.0375643864148,0.22051216238802251
2.8411055516236576,12.202717763680582,11.265677879430376,0.6625266309639528,1.2548109154800398,1.0174243864148,0.15367916238802248
2.8411055516236576,12.278097763680583,11.194277879430375,0.6625266309639528,1.2722009154800396,1.0036843864148002,0.18663716238802247
2.8768055516236575,12.242387763680583,11.083177879430377,0.6625266309639528,1.2255109154800397,1.0238243864148002,0.22051216238802251
2.7300155516236577,12.428857763680583,11.154577879430375,0.5117266309639525,1.0900109154800397,0.9688943864148001,0.2269211623880225
2.7300155516236577,12.428857763680583,11.154577879430375,0.5117266309639525,1.0900109154800397,0.9688943864148001,0.2269211623880225
2.8053955516236577,12.468527763680582,11.083177879430377,0.5514266309639524,1.1486109154800395,0.9890343864148001,0.1939621623880225
2.769695551623658,12.428857763680583,11.083177879430377,0.6625266309639528,1.2081109154800398,1.0723543864148002,0.21410316238802252
2.769695551623658,12.428857763680583,11.083177879430377,0.6625266309639528,1.2081109154800398,1.0723543864148002,0.21410316238802252
2.8053955516236577,12.543907763680583,11.118877879430377,0.6625266309639528,1.2786109154800398,0.9615743864148001,0.21410316238802252
2.8053955516236577,12.654987763680582,11.047477879430376,0.6625266309639528,1.2429009154800394,0.8929043864148001,0.16008716238802245
2.9521855516236575,12.730367763680583,10.936377879430376,0.7022266309639544,1.2255109154800397,0.9267843864148002,0.18663716238802247
2.8768055516236575,12.730367763680583,10.936377879430376,0.6268266309639543,1.1431109154800398,0.9551643864148001,0.20677916238802252
2.8053955516236577,12.615317763680583,10.936377879430376,0.6268266309639543,1.1138209154800398,0.9414343864148,0.1802291623880225
2.694315551623658,12.543907763680583,10.860977879430376,0.5871266309639545,1.0781109154800395,0.9478443864148001,0.20037016238802247
2.769695551623658,12.468527763680582,10.900677879430376,0.7022266309639544,1.0900109154800397,1.0100943864148002,0.16008716238802245
2.8053955516236577,12.393147763680583,10.789577879430375,0.6268266309639543,1.0845209154800397,1.0723543864148002,0.1939621623880225
2.9164855516236576,12.278097763680583,10.789577879430375,0.7022266309639544,1.0964209154800395,1.0174243864148,0.20677916238802252
2.8053955516236577,12.242387763680583,10.825277879430375,0.737926630963953,1.1074109154800396,0.9341043864148002,0.1664961623880225
2.7300155516236577,12.242387763680583,10.860977879430376,0.737926630963953,1.1669209154800395,0.9267843864148002,0.18663716238802247
2.7300155516236577,12.242387763680583,10.860977879430376,0.737926630963953,1.1669209154800395,0.9267843864148002,0.18663716238802247
2.8411055516236576,12.242387763680583,10.825277879430375,0.737926630963953,1.2081109154800398,0.9963643864148002,0.1664961623880225
2.9521855516236575,12.167017763680583,10.789577879430375,0.737926630963953,1.2017109154800396,1.0238243864148002,0.16008716238802245
2.8411055516236576,12.278097763680583,10.789577879430375,0.737926630963953,1.1843109154800397,0.9890343864148001,0.20677916238802252
2.8411055516236576,12.202717763680582,10.860977879430376,0.6625266309639528,1.1669209154800395,0.9203743864148002,0.14635416238802246
2.8768055516236575,12.167017763680583,10.860977879430376,0.777526630963953,1.1312109154800396,0.9478443864148001,0.1939621623880225
2.9164855516236576,12.167017763680583,10.860977879430376,0.737926630963953,1.1138209154800398,1.0448843864148,0.16008716238802245
2.9164855516236576,12.167017763680583,10.860977879430376,0.737926630963953,1.1138209154800398,1.0448843864148,0.16008716238802245
2.8768055516236575,12.278097763680583,11.047477879430376,0.8133266309639531,1.1788209154800398,0.9688943864148001,0.15367916238802248
2.8768055516236575,12.278097763680583,11.047477879430376,0.777526630963953,1.1962109154800395,1.0036843864148002,0.1738201623880225
3.063275551623658,12.202717763680582,11.047477879430376,0.777526630963953,1.1724109154800395,1.0036843864148002,0.1939621623880225
3.0235955516236577,12.127337763680583,11.083177879430377,0.7022266309639544,1.1257209154800396,0.9551643864148001,0.18663716238802247
2.987895551623658,12.127337763680583,11.083177879430377,0.8133266309639531,1.0781109154800395,0.9341043864148002,0.20037016238802247
2.9164855516236576,12.016257763680581,11.118877879430377,0.737926630963953,1.0726209154800395,0.9963643864148002,0.1738201623880225
2.9164855516236576,12.016257763680581,11.118877879430377,0.737926630963953,1.0726209154800395,0.9963643864148002,0.1738201623880225
2.9164855516236576,11.976587763680582,11.154577879430375,0.737926630963953,1.1193109154800398,1.1007343864148,0.16008716238802245
2.8768055516236575,12.016257763680581,11.118877879430377,0.7022266309639544,1.1605109154800397,1.1144643864148,0.20677916238802252
2.8053955516236577,12.091637763680582,11.083177879430377,0.7022266309639544,1.1898009154800397,0.9130543864148002,0.1802291623880225
2.8053955516236577,12.051957763680582,11.118877879430377,0.5871266309639545,1.1843109154800397,0.8993143864148001,0.1738201623880225
2.8053955516236577,12.051957763680582,11.083177879430377,0.5514266309639524,1.1788209154800398,0.9267843864148002,0.16008716238802245
2.8768055516236575,12.202717763680582,11.083177879430377,0.5514266309639524,1.1724109154800395,0.9551643864148001,0.18663716238802247
2.8768055516236575,12.167017763680583,11.118877879430377,0.5871266309639545,1.1843109154800397,0.9963643864148002,0.1939621623880225
2.9164855516236576,12.127337763680583,11.154577879430375,0.5514266309639524,1.1669209154800395,1.0174243864148,0.1802291623880225
2.9164855516236576,12.091637763680582,11.154577879430375,0.5117266309639525,1.1376209154800399,1.0174243864148,0.1802291623880225
2.769695551623658,12.051957763680582,11.154577879430375,0.47602663096395403,1.0900109154800397,1.0036843864148002,0.1664961623880225
2.8768055516236575,11.940877763680582,11.154577879430375,0.5117266309639525,1.0488109154800398,0.9478443864148001,0.1802291623880225
2.769695551623658,11.940877763680582,11.154577879430375,0.5514266309639524,1.0607109154800396,0.9267843864148002,0.18663716238802247
2.8411055516236576,11.976587763680582,11.265677879430376,0.5871266309639545,1.0662109154800397,0.9414343864148,0.1399461623880225
2.8411055516236576,11.940877763680582,11.229977879430376,0.6268266309639543,1.1138209154800398,0.9890343864148001,0.18663716238802247
2.9164855516236576,11.940877763680582,11.229977879430376,0.6268266309639543,1.1486109154800395,0.9890343864148001,0.15367916238802248
2.8053955516236577,11.865497763680583,11.154577879430375,0.5871266309639545,1.1843109154800397,0.9341043864148002,0.16008716238802245
2.8411055516236576,11.790117763680582,11.083177879430377,0.5871266309639545,1.2136109154800399,0.8645243864148002,0.1738201623880225
2.8768055516236575,11.825827763680582,11.047477879430376,0.5871266309639545,1.2136109154800399,0.8507943864148002,0.14635416238802246
2.9164855516236576,11.825827763680582,11.083177879430377,0.5514266309639524,1.2200209154800397,0.8855843864148001,0.1664961623880225
2.8053955516236577,11.750447763680583,11.083177879430377,0.5871266309639545,1.1669209154800395,0.9130543864148002,0.1399461623880225
2.8768055516236575,11.825827763680582,11.047477879430376,0.5514266309639524,1.1550109154800396,0.9203743864148002,0.11339516238802248
2.9164855516236576,11.825827763680582,11.154577879430375,0.5514266309639524,1.1550109154800396,0.9414343864148,0.11980416238802248
2.9521855516236575,11.714737763680581,11.194277879430375,0.47602663096395403,1.1788209154800398,0.9551643864148001,0.10607116238802249
2.9521855516236575,11.790117763680582,11.194277879430375,0.44032663096395197,1.1431109154800398,0.9203743864148002,0.11339516238802248
2.987895551623658,11.714737763680581,11.154577879430375,0.44032663096395197,1.1550109154800396,0.8993143864148001,0.09966216238802249
3.0235955516236577,11.714737763680581,11.229977879430376,0.4007266309639519,1.0552209154800396,0.9066443864148002,0.07311216238802247
2.987895551623658,11.639367763680582,11.229977879430376,0.3650266309639534,1.0607109154800396,0.8855843864148001,0.11339516238802248
3.063275551623658,11.524307763680582,11.154577879430375,0.44032663096395197,1.0369109154800396,0.9130543864148002,0.10607116238802249
3.063275551623658,11.563987763680583,11.118877879430377,0.44032663096395197,1.0900109154800397,0.9267843864148002,0.11980416238802248
2.987895551623658,11.599687763680581,11.118877879430377,0.47602663096395403,1.1193109154800398,0.9615743864148001,0.09966216238802249
2.987895551623658,11.488607763680582,11.118877879430377,0.47602663096395403,1.2081109154800398,0.9130543864148002,0.09325416238802249
2.987895551623658,11.488607763680582,11.118877879430377,0.47602663096395403,1.2081109154800398,0.9130543864148002,0.09325416238802249
3.0235955516236577,11.488607763680582,11.229977879430376,0.5117266309639525,1.2255109154800397,0.8718543864148001,0.059379162388022474
3.063275551623658,11.524307763680582,11.265677879430376,0.47602663096395403,1.1724109154800395,0.8782643864148001,0.05297116238802248
3.0235955516236577,11.563987763680583,11.265677879430376,0.44032663096395197,1.1193109154800398,0.8855843864148001,0.09966216238802249
3.0235955516236577,11.563987763680583,11.265677879430376,0.44032663096395197,1.1193109154800398,0.8855843864148001,0.09966216238802249
2.987895551623658,11.639367763680582,11.118877879430377,0.44032663096395197,1.0488109154800398,0.9414343864148,0.09325416238802249
2.9521855516236575,11.714737763680581,11.118877879430377,0.47602663096395403,1.0369109154800396,0.9478443864148001,0.10607116238802249
3.063275551623658,11.675067763680582,11.118877879430377,0.44032663096395197,1.0369109154800396,0.9414343864148,0.012687462388022472
3.063275551623658,11.790117763680582,11.229977879430376,0.3650266309639534,1.0845209154800397,0.8993143864148001,0.07311216238802247
3.1346855516236576,11.940877763680582,11.265677879430376,0.4007266309639519,1.1138209154800398,0.8855843864148001,0.059379162388022474
3.1346855516236576,11.825827763680582,11.376777879430376,0.4007266309639519,1.0845209154800397,0.8645243864148002,0.02550486238802248
3.1346855516236576,11.639367763680582,11.301377879430376,0.3650266309639534,1.1257209154800396,0.8855843864148001,0.059379162388022474
3.063275551623658,11.563987763680583,11.337077879430376,0.3650266309639534,1.1138209154800398,0.9341043864148002,0.012687462388022472
3.0989755516236577,11.599687763680581,11.229977879430376,0.289626630963955,1.1312109154800396,0.9615743864148001,0.03923816238802248
3.063275551623658,11.488607763680582,11.265677879430376,0.3650266309639534,1.1074109154800396,0.9478443864148001,0.06578816238802247
3.0235955516236577,11.373557763680582,11.229977879430376,0.289626630963955,1.1074109154800396,0.9066443864148002,0.03282906238802248
3.0235955516236577,11.373557763680582,11.265677879430376,0.32532663096395353,1.1019109154800395,0.8855843864148001,0.03923816238802248
2.987895551623658,11.448937763680583,11.265677879430376,0.3650266309639534,1.1193109154800398,0.9066443864148002,0.0010454376119775205
2.987895551623658,11.448937763680583,11.265677879430376,0.3650266309639534,1.1193109154800398,0.9066443864148002,0.0010454376119775205
3.0235955516236577,11.448937763680583,11.376777879430376,0.3650266309639534,1.1486109154800395,0.9267843864148002,0.012687462388022472
2.9521855516236575,11.413227763680583,11.376777879430376,0.3650266309639534,1.1724109154800395,0.8782643864148001,0.012687462388022472
2.9164855516236576,11.448937763680583,11.376777879430376,0.47602663096395403,1.1669209154800395,0.8645243864148002,0.0010454376119775205
2.987895551623658,11.337847763680582,11.154577879430375,0.3650266309639534,1.1138209154800398,0.8855843864148001,0.02759573761197752
2.987895551623658,11.262467763680583,11.229977879430376,0.289626630963955,1.0781109154800395,0.8718543864148001,0.007454137611977524
2.987895551623658,11.262467763680583,11.229977879430376,0.289626630963955,1.0781109154800395,0.8718543864148001,0.007454137611977524
2.9521855516236575,11.373557763680582,11.194277879430375,0.32532663096395353,1.0607109154800396,0.8718543864148001,0.007454137611977524
3.0235955516236577,11.413227763680583,11.229977879430376,0.4007266309639519,1.0607109154800396,0.8993143864148001,0.03400443761197752
2.987895551623658,11.298177763680583,11.229977879430376,0.32532663096395353,1.1257209154800396,0.9414343864148,0.007454137611977524
2.9164855516236576,11.337847763680582,11.265677879430376,0.289626630963955,1.1431109154800398,0.8993143864148001,0.06147023761197752
2.9164855516236576,11.373557763680582,11.118877879430377,0.289626630963955,1.1605109154800397,0.8160043864148001,0.04773733761197752
2.8053955516236577,11.298177763680583,11.194277879430375,0.32532663096395353,1.1550109154800396,0.7537443864148001,0.03400443761197752
2.8411055516236576,11.298177763680583,11.154577879430375,0.32532663096395353,1.1550109154800396,0.7812143864148002,0.07428762761197752
2.8053955516236577,11.187097763680583,11.083177879430377,0.289626630963955,1.1605109154800397,0.8297343864148001,0.02759573761197752
2.8053955516236577,11.222797763680582,11.007777879430376,0.32532663096395353,1.1605109154800397,0.8782643864148001,0.08802053761197752
2.769695551623658,11.187097763680583,10.972077879430376,0.24992663096395518,1.1788209154800398,0.9130543864148002,0.05414603761197752
2.8053955516236577,11.187097763680583,10.936377879430376,0.289626630963955,1.1962109154800395,0.9203743864148002,0.06787893761197752
2.8768055516236575,11.147417763680583,10.936377879430376,0.289626630963955,1.1962109154800395,0.8581143864148002,0.08802053761197752
2.769695551623658,11.111717763680582,11.007777879430376,0.24992663096395518,1.1312109154800396,0.7812143864148002,0.08802053761197752
2.694315551623658,11.000627763680582,10.936377879430376,0.3650266309639534,1.0488109154800398,0.7958643864148001,0.12830373761197753
2.694315551623658,11.036337763680582,10.972077879430376,0.32532663096395353,1.0662109154800397,0.8233243864148001,0.08161183761197752
2.694315551623658,11.076007763680582,10.972077879430376,0.4007266309639519,1.0964209154800395,0.8645243864148002,0.11457083761197752
2.7300155516236577,11.076007763680582,10.972077879430376,0.44032663096395197,1.1193109154800398,0.8581143864148002,0.12830373761197753
2.8053955516236577,11.000627763680582,10.825277879430375,0.4007266309639519,1.1376209154800399,0.8160043864148001,0.10175343761197753
2.769695551623658,10.810197763680582,10.789577879430375,0.289626630963955,1.1669209154800395,0.7885343864148002,0.12830373761197753
2.694315551623658,10.774497763680582,10.753877879430377,0.2142266309639531,1.1898009154800397,0.7674843864148002,0.11457083761197752
2.769695551623658,10.774497763680582,10.718177879430376,0.17452663096395327,1.2081109154800398,0.7610743864148002,0.10816213761197752
2.694315551623658,10.810197763680582,10.718177879430376,0.17452663096395327,1.2017109154800396,0.7674843864148002,0.12830373761197753
2.6229055516236577,10.960957763680582,10.789577879430375,0.13882663096395476,1.1669209154800395,0.7674843864148002,0.12830373761197753
2.7300155516236577,10.885577763680583,10.753877879430377,0.09912663096395491,1.1669209154800395,0.7748043864148002,0.14203663761197752
2.6586055516236575,10.885577763680583,10.678477879430377,0.17452663096395327,1.1605109154800397,0.7674843864148002,0.14203663761197752
2.6586055516236575,10.885577763680583,10.678477879430377,0.17452663096395327,1.1605109154800397,0.7674843864148002,0.14203663761197752
2.6586055516236575,10.885577763680583,10.678477879430377,0.17452663096395327,1.1605109154800397,0.7674843864148002,0.14203663761197752
2.6586055516236575,10.885577763680583,10.678477879430377,0.17452663096395327,1.1605109154800397,0.7674843864148002,0.14203663761197752
2.6586055516236575,10.885577763680583,10.678477879430377,0.17452663096395327,1.1605109154800397,0.7674843864148002,0.14203663761197752
2.6229055516236577,10.849877763680583,10.571377879430376,0.023826630963952766,1.1074109154800396,0.8297343864148001,0.1823198376119775
2.5832255516236575,10.699117763680583,10.607077879430376,0.06342663096395285,1.0726209154800395,0.8297343864148001,0.14203663761197752
2.5118155516236578,10.623737763680582,10.571377879430376,0.023826630963952766,1.1019109154800395,0.7812143864148002,0.21527883761197752
2.5475255516236577,10.623737763680582,10.607077879430376,0.011873369036045744,1.1376209154800399,0.7885343864148002,0.16217823761197753
2.5832255516236575,10.584067763680583,10.642777879430376,0.1269733690360475,1.1788209154800398,0.7674843864148002,0.16217823761197753
2.6229055516236577,10.508687763680582,10.607077879430376,0.1269733690360475,1.1788209154800398,0.7473443864148002,0.19513683761197753
2.4761155516236575,10.584067763680583,10.571377879430376,0.162673369036046,1.2017109154800396,0.7125543864148001,0.15485403761197752
2.5475255516236577,10.659447763680582,10.531677879430376,0.20237336903604586,1.1605109154800397,0.7537443864148001,0.22260283761197752
2.4364355516236578,10.699117763680583,10.495977879430376,0.23807336903604792,1.1193109154800398,0.8297343864148001,0.21527883761197752
2.5475255516236577,10.849877763680583,10.424577879430377,0.3134733690360463,1.1019109154800395,0.8645243864148002,0.1685868376119775
2.5475255516236577,11.036337763680582,10.460277879430375,0.38877336903604487,1.0845209154800397,0.8443843864148002,0.26288583761197754
2.5118155516236578,10.849877763680583,10.460277879430375,0.35307336903604636,1.0900109154800397,0.7748043864148002,0.22260283761197752
2.5475255516236577,10.699117763680583,10.495977879430376,0.38877336903604487,1.1019109154800395,0.7473443864148002,0.23542083761197752
2.5832255516236575,10.584067763680583,10.460277879430375,0.4641733690360468,1.1074109154800396,0.7336043864148001,0.20886983761197753
2.6586055516236575,10.472977763680582,10.495977879430376,0.4641733690360468,1.1074109154800396,0.7473443864148002,0.23542083761197752
2.5832255516236575,10.472977763680582,10.424577879430377,0.4284733690360447,1.1376209154800399,0.7812143864148002,0.2491538376119775
2.6229055516236577,10.548357763680583,10.460277879430375,0.5038733690360466,1.1193109154800398,0.8233243864148001,0.22260283761197752
2.694315551623658,10.548357763680583,10.424577879430377,0.5038733690360466,1.1376209154800399,0.8645243864148002,0.24274483761197752
2.8053955516236577,10.584067763680583,10.495977879430376,0.5395733690360451,1.1669209154800395,0.8718543864148001,0.22901183761197752
2.8053955516236577,10.508687763680582,10.495977879430376,0.5038733690360466,1.1962109154800395,0.8233243864148001,0.2491538376119775
2.8053955516236577,10.322227763680582,10.531677879430376,0.4641733690360468,1.1486109154800395,0.7336043864148001,0.2958448376119775
2.7300155516236577,10.207177763680582,10.495977879430376,0.5395733690360451,1.1605109154800397,0.7189543864148,0.23542083761197752
2.7300155516236577,10.171467763680582,10.571377879430376,0.5038733690360466,1.1605109154800397,0.7400143864148001,0.26929483761197753
2.6586055516236575,10.171467763680582,10.495977879430376,0.4641733690360468,1.1431109154800398,0.8095943864148001,0.2491538376119775
2.694315551623658,10.207177763680582,10.460277879430375,0.4284733690360447,1.1193109154800398,0.8645243864148002,0.24274483761197752
2.769695551623658,10.282547763680583,10.424577879430377,0.5038733690360466,1.1486109154800395,0.8718543864148001,0.3233108376119775
2.8768055516236575,10.397607763680583,10.384877879430377,0.579273369036045,1.1486109154800395,0.8507943864148002,0.26929483761197753
2.8768055516236575,10.397607763680583,10.384877879430377,0.579273369036045,1.1486109154800395,0.8507943864148002,0.26929483761197753
2.987895551623658,10.357927763680582,10.460277879430375,0.6545733690360471,1.1898009154800397,0.8297343864148001,0.27570383761197753
2.8768055516236575,10.397607763680583,10.531677879430376,0.7299733690360455,1.2017109154800396,0.7674843864148002,0.30957783761197755
2.9164855516236576,10.357927763680582,10.571377879430376,0.6902733690360456,1.1962109154800395,0.7262843864148001,0.25556183761197754
2.9164855516236576,10.207177763680582,10.495977879430376,0.6545733690360471,1.1550109154800396,0.7610743864148002,0.3233108376119775
2.8768055516236575,10.131795763680582,10.571377879430376,0.7656733690360475,1.0964209154800395,0.8160043864148001,0.27570383761197753
2.9164855516236576,10.171467763680582,10.571377879430376,0.7299733690360455,1.0781109154800395,0.8993143864148001,0.3233108376119775
2.9521855516236575,10.246847763680583,10.571377879430376,0.6902733690360456,1.0607109154800396,0.9130543864148002,0.2894368376119775
3.0235955516236577,10.246847763680583,10.607077879430376,0.7299733690360455,1.0964209154800395,0.8855843864148001,0.3159868376119775
2.987895551623658,10.171467763680582,10.571377879430376,0.8053733690360474,1.1724109154800395,0.8095943864148001,0.34986183761197753
2.987895551623658,10.131795763680582,10.495977879430376,0.8410733690360459,1.2310009154800396,0.7400143864148001,0.2894368376119775
2.8411055516236576,9.794576763680583,10.460277879430375,0.8807733690360458,1.2548109154800398,0.7473443864148002,0.2894368376119775
2.8053955516236577,9.754903763680582,10.460277879430375,0.8410733690360459,1.1843109154800397,0.8297343864148001,0.27570383761197753
2.769695551623658,9.830281763680583,10.531677879430376,0.7656733690360475,1.0964209154800395,0.8993143864148001,0.3031698376119775
2.7300155516236577,9.905660763680583,10.531677879430376,0.8807733690360458,1.0433209154800398,0.8370643864148002,0.3031698376119775
2.6229055516236577,10.056416763680582,10.460277879430375,0.8807733690360458,1.0140209154800397,0.7885343864148002,0.3233108376119775
2.5832255516236575,10.056416763680582,10.460277879430375,0.8807733690360458,1.0195209154800398,0.7674843864148002,0.2894368376119775
2.4761155516236575,10.131795763680582,10.495977879430376,0.9164733690360478,1.0726209154800395,0.8022743864148001,0.3361288376119775
2.5118155516236578,10.096089763680583,10.495977879430376,0.9521733690360463,1.1550109154800396,0.8370643864148002,0.3233108376119775
2.4761155516236575,9.981038763680582,10.349177879430377,0.9164733690360478,1.1788209154800398,0.8507943864148002,0.2894368376119775
2.5475255516236577,9.869954763680582,10.349177879430377,0.9521733690360463,1.1605109154800397,0.8370643864148002,0.3297198376119775
2.5475255516236577,9.754903763680582,10.384877879430377,0.9521733690360463,1.1669209154800395,0.8297343864148001,0.30957783761197755
2.5118155516236578,9.679524763680583,10.277777879430376,0.9918733690360462,1.1898009154800397,0.7885343864148002,0.30957783761197755
2.4007355516236575,9.754903763680582,10.313477879430376,0.9918733690360462,1.1962109154800395,0.7958643864148001,0.3562698376119775
2.4007355516236575,9.869954763680582,10.313477879430376,0.9918733690360462,1.2255109154800397,0.8095943864148001,0.28302783761197753
2.4007355516236575,9.869954763680582,10.313477879430376,0.9918733690360462,1.2255109154800397,0.8095943864148001,0.28302783761197753
2.3293255516236577,9.754903763680582,10.349177879430377,0.8807733690360458,1.1257209154800396,0.7473443864148002,0.3361288376119775
2.3293255516236577,9.679524763680583,10.424577879430377,0.9521733690360463,1.1431109154800398,0.6988143864148002,0.2958448376119775
2.4007355516236575,9.679524763680583,10.384877879430377,0.9521733690360463,1.1376209154800399,0.7052243864148002,0.3361288376119775
2.4364355516236578,9.719197763680583,10.460277879430375,0.9521733690360463,1.1431109154800398,0.7610743864148002,0.3297198376119775
2.3650255516236576,10.020711763680582,10.424577879430377,0.9918733690360462,1.1605109154800397,0.8645243864148002,0.30957783761197755
2.3650255516236576,9.869954763680582,10.384877879430377,0.9918733690360462,1.1724109154800395,0.9203743864148002,0.3159868376119775
2.3650255516236576,9.719197763680583,10.349177879430377,1.0671733690360448,1.1486109154800395,0.8782643864148001,0.3031698376119775
2.3650255516236576,9.532735763680583,10.495977879430376,1.1028733690360468,1.1193109154800398,0.7958643864148001,0.34986183761197753
2.5118155516236578,9.457356763680583,10.495977879430376,1.1782733690360452,1.0845209154800397,0.7537443864148001,0.30957783761197755
2.5475255516236577,9.381978763680582,10.460277879430375,1.1028733690360468,1.0662109154800397,0.7812143864148002,0.3031698376119775
2.5118155516236578,9.493062763680582,10.607077879430376,1.0671733690360448,1.0845209154800397,0.8929043864148001,0.34986183761197753
2.4761155516236575,9.417683763680582,10.642777879430376,0.9521733690360463,1.1138209154800398,0.9688943864148001,0.3159868376119775
2.5118155516236578,9.342305763680582,10.678477879430377,1.1782733690360452,1.1376209154800399,0.8160043864148001,0.3297198376119775
2.4761155516236575,9.342305763680582,10.678477879430377,1.1425733690360467,1.1605109154800397,0.6988143864148002,0.2958448376119775
2.5475255516236577,9.266927363680582,10.607077879430376,1.253673369036047,1.1193109154800398,0.6988143864148002,0.34345283761197754
2.5475255516236577,9.266927363680582,10.607077879430376,1.253673369036047,1.1193109154800398,0.6988143864148002,0.34345283761197754
2.5118155516236578,9.155843463680583,10.607077879430376,1.3290733690360454,1.1486109154800395,0.8370643864148002,0.3031698376119775
2.4364355516236578,9.116170563680582,10.607077879430376,1.293373369036047,1.1788209154800398,0.9478443864148001,0.3297198376119775
2.5118155516236578,9.155843463680583,10.607077879430376,1.293373369036047,1.1669209154800395,0.9341043864148002,0.2958448376119775
2.5475255516236577,9.266927363680582,10.678477879430377,1.3290733690360454,1.1312109154800396,0.8718543864148001,0.3297198376119775
2.694315551623658,9.231221863680583,10.678477879430377,1.3687733690360453,1.0662109154800397,0.8022743864148001,0.34986183761197753
2.694315551623658,9.266927363680582,10.825277879430375,1.4440733690360474,1.0662109154800397,0.7748043864148002,0.2894368376119775
2.694315551623658,9.266927363680582,10.825277879430375,1.4440733690360474,1.0662109154800397,0.7748043864148002,0.2894368376119775
2.5832255516236575,9.191548963680582,10.825277879430375,1.4044733690360474,1.0662109154800397,0.9066443864148002,0.30957783761197755
2.5832255516236575,9.191548963680582,10.825277879430375,1.4044733690360474,1.0662109154800397,0.9066443864148002,0.30957783761197755
2.7300155516236577,9.040791763680582,10.753877879430377,1.4440733690360474,1.1074109154800396,0.9753043864148001,0.3562698376119775
2.769695551623658,9.040791763680582,10.825277879430375,1.479773369036046,1.1550109154800396,0.8929043864148001,0.3159868376119775
2.769695551623658,8.929707763680582,10.825277879430375,1.4440733690360474,1.1724109154800395,0.8095943864148001,0.2894368376119775
2.8053955516236577,8.854329763680582,10.860977879430376,1.479773369036046,1.1788209154800398,0.7812143864148002,0.34986183761197753
2.9164855516236576,8.663899763680583,10.860977879430376,1.479773369036046,1.1724109154800395,0.8233243864148001,0.30957783761197755
2.8411055516236576,8.552815763680583,10.900677879430376,1.4440733690360474,1.1898009154800397,0.8929043864148001,0.34345283761197754
2.8053955516236577,8.477437763680582,10.860977879430376,1.4440733690360474,1.1550109154800396,0.9341043864148002,0.34345283761197754
2.8411055516236576,8.588521763680582,10.900677879430376,1.4440733690360474,1.1193109154800398,0.9551643864148001,0.30957783761197755
2.987895551623658,8.552815763680583,10.972077879430376,1.479773369036046,1.1257209154800396,0.8718543864148001,0.3031698376119775
2.987895551623658,8.552815763680583,10.972077879430376,1.4044733690360474,1.1431109154800398,0.8645243864148002,0.3361288376119775
2.9164855516236576,8.628194763680582,11.007777879430376,1.4044733690360474,1.1788209154800398,0.8782643864148001,0.3233108376119775
2.9164855516236576,8.588521763680582,10.936377879430376,1.479773369036046,1.1898009154800397,0.9066443864148002,0.3233108376119775
2.9164855516236576,8.513142763680582,10.936377879430376,1.4440733690360474,1.1724109154800395,0.8993143864148001,0.3635938376119775
2.987895551623658,8.552815763680583,10.900677879430376,1.3687733690360453,1.1431109154800398,0.8993143864148001,0.3159868376119775
2.8411055516236576,8.477437763680582,10.936377879430376,1.3687733690360453,1.0140209154800397,0.8993143864148001,0.3635938376119775
2.9521855516236575,8.628194763680582,10.900677879430376,1.3687733690360453,1.0250109154800398,0.8645243864148002,0.2894368376119775
2.8411055516236576,8.628194763680582,10.825277879430375,1.293373369036047,1.0488109154800398,0.8297343864148001,0.3361288376119775
2.8053955516236577,8.588521763680582,10.825277879430375,1.1028733690360468,1.0900109154800397,0.8782643864148001,0.30957783761197755
2.6586055516236575,8.628194763680582,10.825277879430375,1.1782733690360452,1.1312109154800396,0.9066443864148002,0.3159868376119775
2.694315551623658,8.663899763680583,10.753877879430377,1.0671733690360448,1.1486109154800395,0.8929043864148001,0.3562698376119775
2.6229055516236577,8.890035763680583,10.678477879430377,1.0671733690360448,1.1312109154800396,0.8370643864148002,0.3233108376119775
2.6229055516236577,8.890035763680583,10.678477879430377,1.0671733690360448,1.1312109154800396,0.8370643864148002,0.3233108376119775
2.5118155516236578,9.040791763680582,10.678477879430377,1.1028733690360468,1.1312109154800396,0.7958643864148001,0.3297198376119775
2.5475255516236577,8.814656763680583,10.642777879430376,1.0671733690360448,1.0964209154800395,0.8233243864148001,0.34986183761197753
2.4761155516236575,8.703572763680583,10.571377879430376,0.9521733690360463,1.0662109154800397,0.8581143864148002,0.30957783761197755
2.4007355516236575,8.588521763680582,10.531677879430376,0.9521733690360463,1.0964209154800395,0.8581143864148002,0.3361288376119775
2.3293255516236577,8.552815763680583,10.571377879430376,0.9521733690360463,1.1019109154800395,0.8233243864148001,0.34345283761197754
2.4761155516236575,8.552815763680583,10.495977879430376,0.9164733690360478,1.1074109154800396,0.8297343864148001,0.3159868376119775
2.3650255516236576,8.628194763680582,10.531677879430376,0.9918733690360462,1.1074109154800396,0.8929043864148001,0.3635938376119775
2.5118155516236578,8.703572763680583,10.571377879430376,1.0275733690360447,1.0607109154800396,0.8581143864148002,0.34345283761197754
2.4364355516236578,8.663899763680583,10.571377879430376,1.0275733690360447,1.0140209154800397,0.7885343864148002,0.30957783761197755
2.4007355516236575,8.552815763680583,10.607077879430376,1.0671733690360448,1.0140209154800397,0.7748043864148002,0.34345283761197754
2.4761155516236575,8.437764763680581,10.531677879430376,1.0671733690360448,1.0845209154800397,0.8782643864148001,0.28302783761197753
2.4364355516236578,8.362386763680583,10.531677879430376,1.1782733690360452,1.1257209154800396,0.9551643864148001,0.3159868376119775
2.3650255516236576,8.251302763680583,10.531677879430376,1.217973369036045,1.1843109154800397,0.9341043864148002,0.3562698376119775
2.3293255516236577,8.513142763680582,10.495977879430376,1.253673369036047,1.1486109154800395,0.8645243864148002,0.3159868376119775
2.4007355516236575,8.477437763680582,10.495977879430376,1.253673369036047,1.1431109154800398,0.8782643864148001,0.3361288376119775
2.5118155516236578,8.513142763680582,10.424577879430377,1.4044733690360474,1.1138209154800398,0.8855843864148001,0.3233108376119775
2.4364355516236578,8.552815763680583,10.384877879430377,1.4044733690360474,1.1193109154800398,0.8370643864148002,0.34986183761197753
2.4364355516236578,8.552815763680583,10.384877879430377,1.4044733690360474,1.1193109154800398,0.8370643864148002,0.34986183761197753
2.4007355516236575,8.552815763680583,10.384877879430377,1.3687733690360453,1.1257209154800396,0.7748043864148002,0.34986183761197753
2.3293255516236577,8.513142763680582,10.384877879430377,1.253673369036047,1.1138209154800398,0.8095943864148001,0.3159868376119775
2.4364355516236578,8.588521763680582,10.313477879430376,1.217973369036045,1.1376209154800399,0.8929043864148001,0.3562698376119775
2.5118155516236578,8.437764763680581,10.349177879430377,1.1425733690360467,1.1312109154800396,0.8782643864148001,0.3233108376119775
2.4364355516236578,8.362386763680583,10.313477879430376,1.1782733690360452,1.1605109154800397,0.7958643864148001,0.3233108376119775
2.4364355516236578,8.362386763680583,10.349177879430377,1.217973369036045,1.1486109154800395,0.7674843864148002,0.34345283761197754
2.6229055516236577,8.211629763680582,10.313477879430376,1.217973369036045,1.1669209154800395,0.8297343864148001,0.3159868376119775
2.694315551623658,8.100547763680582,10.313477879430376,1.253673369036047,1.1724109154800395,0.9267843864148002,0.3635938376119775
2.7300155516236577,8.025167763680582,10.384877879430377,1.3687733690360453,1.1669209154800395,0.9267843864148002,0.3297198376119775
2.8053955516236577,8.025167763680582,10.424577879430377,1.4044733690360474,1.1376209154800399,0.8993143864148001,0.34345283761197754
2.8768055516236575,7.9497877636805825,10.349177879430377,1.5551733690360479,1.1019109154800395,0.9130543864148002,0.3635938376119775
2.8768055516236575,7.8744077636805825,10.349177879430377,1.5948733690360477,1.0845209154800397,0.9615743864148001,0.3233108376119775
2.8768055516236575,7.914087763680582,10.424577879430377,1.6305733690360462,1.0781109154800395,0.8929043864148001,0.30957783761197755
2.8053955516236577,7.8744077636805825,10.424577879430377,1.6305733690360462,1.0964209154800395,0.8645243864148002,0.3233108376119775
2.8768055516236575,7.723657763680582,10.349177879430377,1.670273369036046,1.1193109154800398,0.9066443864148002,0.3159868376119775
2.9521855516236575,7.723657763680582,10.424577879430377,1.670273369036046,1.1898009154800397,0.9963643864148002,0.34986183761197753
2.9521855516236575,7.687947763680582,10.495977879430376,1.6305733690360462,1.2017109154800396,1.0036843864148002,0.30957783761197755
2.987895551623658,7.612567763680582,10.495977879430376,1.670273369036046,1.1962109154800395,0.9414343864148,0.34345283761197754
3.0989755516236577,7.648277763680582,10.460277879430375,1.6305733690360462,1.1605109154800397,0.9753043864148001,0.34345283761197754
3.063275551623658,7.763327763680582,10.424577879430377,1.5948733690360477,1.0488109154800398,0.9688943864148001,0.3562698376119775
3.063275551623658,7.763327763680582,10.460277879430375,1.5551733690360479,1.0433209154800398,0.8993143864148001,0.3233108376119775
3.0235955516236577,7.7990277636805825,10.460277879430375,1.4440733690360474,1.0488109154800398,0.8929043864148001,0.3031698376119775
2.987895551623658,7.838707763680582,10.571377879430376,1.4440733690360474,1.0726209154800395,0.9414343864148,0.3297198376119775
2.987895551623658,7.838707763680582,10.571377879430376,1.4440733690360474,1.0726209154800395,0.9414343864148,0.3297198376119775
3.0989755516236577,8.211629763680582,10.531677879430376,1.253673369036047,1.0900109154800397,0.9478443864148001,0.3233108376119775
3.063275551623658,8.287007763680583,10.495977879430376,1.217973369036045,1.0964209154800395,0.9478443864148001,0.34345283761197754
3.0235955516236577,8.100547763680582,10.495977879430376,1.0671733690360448,1.0433209154800398,0.9341043864148002,0.3361288376119775
2.9164855516236576,8.025167763680582,10.384877879430377,0.9918733690360462,1.0076109154800394,0.9066443864148002,0.30957783761197755
2.8768055516236575,7.914087763680582,10.313477879430376,0.9918733690360462,0.9838109154800397,0.8443843864148002,0.3361288376119775
2.9164855516236576,7.989457763680583,10.313477879430376,0.8410733690360459,1.0076109154800394,0.8507943864148002,0.3297198376119775
2.9521855516236575,7.9497877636805825,10.313477879430376,0.9521733690360463,1.0607109154800396,0.9478443864148001,0.3031698376119775
2.9164855516236576,7.9497877636805825,10.313477879430376,0.8807733690360458,1.0964209154800395,0.9203743864148002,0.3562698376119775
2.8411055516236576,7.9497877636805825,10.424577879430377,0.9164733690360478,1.1019109154800395,0.8645243864148002,0.3031698376119775
2.8768055516236575,7.763327763680582,10.424577879430377,0.8410733690360459,1.1138209154800398,0.8507943864148002,0.34345283761197754
2.8411055516236576,7.687947763680582,10.384877879430377,0.8807733690360458,1.0781109154800395,0.8581143864148002,0.34986183761197753
2.7300155516236577,7.612567763680582,10.313477879430376,0.9521733690360463,1.0369109154800396,0.8645243864148002,0.2894368376119775
2.694315551623658,7.612567763680582,10.313477879430376,0.9521733690360463,1.0076109154800394,0.8507943864148002,0.34986183761197753
2.5832255516236575,7.763327763680582,10.166677879430376,1.0275733690360447,1.0021209154800395,0.8993143864148001,0.2958448376119775
2.6229055516236577,7.687947763680582,10.242077879430376,1.0671733690360448,1.0314209154800396,0.9963643864148002,0.27570383761197753
2.694315551623658,7.723657763680582,10.166677879430376,1.1425733690360467,1.0900109154800397,0.9551643864148001,0.3562698376119775
2.769695551623658,7.763327763680582,10.130977879430375,1.1782733690360452,1.1193109154800398,0.8993143864148001,0.2958448376119775
2.694315551623658,7.687947763680582,10.277777879430376,1.253673369036047,1.1193109154800398,0.8581143864148002,0.3635938376119775
2.6229055516236577,7.763327763680582,10.202477879430376,1.293373369036047,1.1431109154800398,0.8581143864148002,0.3562698376119775
2.6586055516236575,7.723657763680582,10.166677879430376,1.4044733690360474,1.1312109154800396,0.8645243864148002,0.28302783761197753
2.4364355516236578,7.687947763680582,10.242077879430376,1.4440733690360474,1.0781109154800395,0.9203743864148002,0.3031698376119775
2.4364355516236578,7.572897763680582,10.095277879430377,1.4440733690360474,1.0662109154800397,0.9414343864148,0.28302783761197753
2.5475255516236577,7.311057763680582,10.055677879430377,1.5194733690360458,1.0314209154800396,0.9688943864148001,0.3233108376119775
2.4761155516236575,7.120627763680583,10.130977879430375,1.6305733690360462,1.0076109154800394,0.9551643864148001,0.2958448376119775
2.5475255516236577,7.120627763680583,10.095277879430377,1.6305733690360462,1.0488109154800398,0.8993143864148001,0.34986183761197753
2.5118155516236578,7.084917763680583,10.130977879430375,1.7455733690360447,1.0964209154800395,0.8782643864148001,0.3700028376119775
2.5475255516236577,6.934167763680582,10.130977879430375,1.7455733690360447,1.1669209154800395,0.9890343864148001,0.30957783761197755
2.4761155516236575,6.934167763680582,10.130977879430375,1.896373369036045,1.1962109154800395,1.0238243864148002,0.3297198376119775
2.6229055516236577,6.819107763680583,10.055677879430377,1.856673369036045,1.2136109154800399,0.9615743864148001,0.3361288376119775
2.5118155516236578,6.708027763680582,10.130977879430375,1.856673369036045,1.1257209154800396,0.8929043864148001,0.3159868376119775
2.5475255516236577,6.557267763680582,10.055677879430377,1.856673369036045,1.1074109154800396,0.9066443864148002,0.3562698376119775
2.5832255516236575,6.521567763680583,9.984277879430376,1.7813733690360465,1.0900109154800397,0.9753043864148001,0.3159868376119775
2.5832255516236575,6.446187763680582,9.948477879430376,1.6305733690360462,1.1074109154800396,0.9890343864148001,0.3297198376119775
2.6229055516236577,6.406517763680583,9.984277879430376,1.4440733690360474,1.1138209154800398,1.0311543864148,0.3361288376119775
2.7300155516236577,6.521567763680583,10.019977879430376,1.4440733690360474,1.1431109154800398,1.0723543864148002,0.3297198376119775
2.6586055516236575,6.557267763680582,9.948477879430376,1.3687733690360453,1.1138209154800398,0.9890343864148001,0.3700028376119775
2.7300155516236577,6.632647763680582,9.908877879430376,1.217973369036045,1.1312109154800396,0.8855843864148001,0.3233108376119775
2.769695551623658,6.708027763680582,9.984277879430376,1.253673369036047,1.0845209154800397,0.8645243864148002,0.3159868376119775
2.8411055516236576,6.894487763680582,10.055677879430377,1.1425733690360467,1.0607109154800396,0.8443843864148002,0.3635938376119775
2.8053955516236577,7.045247763680582,9.984277879430376,1.0671733690360448,1.0140209154800397,0.8581143864148002,0.3031698376119775
2.8411055516236576,6.934167763680582,9.908877879430376,0.9918733690360462,1.0369109154800396,0.9203743864148002,0.3635938376119775
2.769695551623658,6.783407763680582,9.948477879430376,0.9164733690360478,0.9838109154800397,0.9753043864148001,0.34986183761197753
2.8053955516236577,6.819107763680583,9.908877879430376,0.8807733690360458,0.9902209154800395,0.9688943864148001,0.3233108376119775
2.8053955516236577,6.743737763680582,9.908877879430376,0.8410733690360459,0.9783209154800397,0.9688943864148001,0.3562698376119775
2.8053955516236577,6.783407763680582,9.948477879430376,0.8410733690360459,1.0552209154800396,0.9551643864148001,0.3233108376119775
2.8768055516236575,6.708027763680582,10.019977879430376,0.9164733690360478,1.1019109154800395,0.8782643864148001,0.3297198376119775
2.8411055516236576,6.596947763680582,9.984277879430376,0.9521733690360463,1.1486109154800395,0.8233243864148001,0.3700028376119775
2.9164855516236576,6.596947763680582,10.095277879430377,0.9918733690360462,1.1486109154800395,0.8718543864148001,0.30957783761197755
2.8053955516236577,6.557267763680582,10.095277879430377,1.0275733690360447,1.1138209154800398,0.9066443864148002,0.3700028376119775
2.9164855516236576,6.446187763680582,10.130977879430375,1.0275733690360447,1.0250109154800398,0.9615743864148001,0.3764118376119775
2.8411055516236576,6.331137763680582,10.019977879430376,1.1782733690360452,0.9902209154800395,1.0036843864148002,0.2958448376119775
2.8053955516236577,6.370807763680583,9.984277879430376,1.1782733690360452,1.0021209154800395,1.0036843864148002,0.34345283761197754
2.7300155516236577,6.481897763680582,9.984277879430376,1.479773369036046,1.0369109154800396,0.8929043864148001,0.3233108376119775
2.769695551623658,6.596947763680582,9.908877879430376,1.5551733690360479,1.1138209154800398,0.8507943864148002,0.3297198376119775
2.7300155516236577,6.596947763680582,9.873177879430376,1.7813733690360465,1.1898009154800397,0.8855843864148001,0.3562698376119775
2.694315551623658,6.668357763680582,9.837477879430375,1.932073369036047,1.2310009154800396,0.9341043864148002,0.3233108376119775
2.5832255516236575,6.783407763680582,9.766077879430377,1.9717733690360468,1.2255109154800397,0.9688943864148001,0.3361288376119775
2.5475255516236577,6.783407763680582,9.690677879430377,2.0828733690360473,1.1843109154800397,0.9890343864148001,0.3297198376119775
2.4364355516236578,6.632647763680582,9.619277879430376,1.9717733690360468,1.1486109154800395,0.9478443864148001,0.34986183761197753
2.2896555516236576,6.406517763680583,9.579577879430376,1.932073369036047,1.1138209154800398,0.9267843864148002,0.3764118376119775
2.2539455516236577,6.370807763680583,9.508177879430376,1.8209733690360466,1.0781109154800395,0.9688943864148001,0.30957783761197755
2.2896555516236576,6.1446777636805825,9.397077879430377,1.7059733690360481,1.0900109154800397,0.9688943864148001,0.3031698376119775
2.2539455516236577,5.954247763680582,9.397077879430377,1.5948733690360477,1.1138209154800398,0.8855843864148001,0.3297198376119775
2.142865551623658,6.0692977636805825,9.361377879430377,1.4044733690360474,1.1486109154800395,0.8233243864148001,0.3159868376119775
2.107155551623658,5.9185377636805825,9.289977879430376,1.3290733690360454,1.1376209154800399,0.8581143864148002,0.3700028376119775
2.182535551623658,5.954247763680582,9.178877879430376,1.1782733690360452,1.1019109154800395,0.8718543864148001,0.34345283761197754
2.2539455516236577,5.8431577636805825,9.103477879430375,1.1425733690360467,1.0662109154800397,0.9130543864148002,0.3031698376119775
2.2539455516236577,5.692407763680582,9.103477879430375,1.1782733690360452,1.0140209154800397,0.8855843864148001,0.3562698376119775
2.218235551623658,5.692407763680582,9.103477879430375,1.0671733690360448,0.9838109154800397,0.8022743864148001,0.3297198376119775
2.142865551623658,5.577347763680582,9.143177879430375,1.0671733690360448,1.0140209154800397,0.8645243864148002,0.3233108376119775
2.2539455516236577,5.728107763680582,9.067777879430375,1.0671733690360448,1.0662109154800397,0.9826343864148002,0.34345283761197754
2.5475255516236577,5.652727763680582,8.996377879430376,1.217973369036045,1.0726209154800395,0.9478443864148001,0.3031698376119775
2.4761155516236575,5.7677777636805825,8.996377879430376,1.217973369036045,1.0964209154800395,0.8645243864148002,0.3764118376119775
2.4761155516236575,5.7677777636805825,8.996377879430376,1.217973369036045,1.0964209154800395,0.8645243864148002,0.3764118376119775
2.4761155516236575,5.728107763680582,9.032077879430377,1.293373369036047,1.1138209154800398,0.8443843864148002,0.3297198376119775
2.5118155516236578,5.878867763680582,9.032077879430377,1.3290733690360454,1.1193109154800398,0.8718543864148001,0.34986183761197753
2.6229055516236577,5.9939177636805825,8.996377879430376,1.3290733690360454,1.1193109154800398,0.9267843864148002,0.3700028376119775
2.5832255516236575,6.104997763680583,8.956677879430377,1.293373369036047,1.0900109154800397,0.9753043864148001,0.30957783761197755
2.5118155516236578,5.9939177636805825,9.067777879430375,1.4044733690360474,1.0662109154800397,0.9203743864148002,0.3233108376119775
2.5475255516236577,5.652727763680582,8.956677879430377,1.293373369036047,1.0488109154800398,0.8370643864148002,0.3297198376119775
2.5475255516236577,5.541647763680582,9.032077879430377,1.3687733690360453,1.0552209154800396,0.9066443864148002,0.3297198376119775
2.769695551623658,5.351217763680582,9.032077879430377,1.4044733690360474,1.0607109154800396,0.9890343864148001,0.34986183761197753
2.769695551623658,5.390887763680582,8.920977879430376,1.479773369036046,1.0845209154800397,1.0100943864148002,0.34345283761197754
2.7300155516236577,5.315507763680582,8.885277879430376,1.5551733690360479,1.1257209154800396,0.9826343864148002,0.3297198376119775
2.7300155516236577,5.275837763680583,9.032077879430377,1.5948733690360477,1.1138209154800398,0.9478443864148001,0.3828208376119775
2.7300155516236577,5.129047763680583,9.103477879430375,1.7455733690360447,1.0900109154800397,0.9826343864148002,0.3361288376119775
2.8768055516236575,4.978287763680583,9.103477879430375,1.7059733690360481,1.0726209154800395,1.0174243864148,0.3635938376119775
2.7300155516236577,5.013997763680583,9.103477879430375,1.7813733690360465,1.0369109154800396,0.9615743864148001,0.34986183761197753
2.5832255516236575,5.053667763680583,9.214577879430376,1.7455733690360447,1.0433209154800398,0.9478443864148001,0.3233108376119775
2.6586055516236575,5.129047763680583,9.143177879430375,1.7059733690360481,1.0662109154800397,1.0036843864148002,0.34345283761197754
2.694315551623658,5.200457763680582,8.996377879430376,1.6305733690360462,1.0900109154800397,1.0522143864148001,0.3562698376119775
2.769695551623658,5.351217763680582,8.996377879430376,1.7059733690360481,1.1074109154800396,1.0448843864148,0.3233108376119775
2.769695551623658,5.426597763680583,9.032077879430377,1.5948733690360477,1.1138209154800398,0.9478443864148001,0.3700028376119775
2.6586055516236575,5.617027763680582,9.103477879430375,1.5194733690360458,1.1074109154800396,0.8370643864148002,0.3828208376119775
2.6586055516236575,5.652727763680582,8.956677879430377,1.3290733690360454,1.0845209154800397,0.8782643864148001,0.3233108376119775
2.8053955516236577,5.577347763680582,8.996377879430376,1.253673369036047,1.0900109154800397,0.9890343864148001,0.3700028376119775
2.5832255516236575,5.501977763680582,9.067777879430375,1.1028733690360468,1.0552209154800396,0.9478443864148001,0.34345283761197754
2.4007355516236575,5.390887763680582,8.996377879430376,0.9164733690360478,1.0369109154800396,0.8929043864148001,0.3297198376119775
2.4364355516236578,5.129047763680583,8.920977879430376,0.8053733690360474,1.0021209154800395,0.8993143864148001,0.3764118376119775
2.4007355516236575,4.978287763680583,8.849577879430376,0.8410733690360459,0.9783209154800397,0.9753043864148001,0.3297198376119775
2.4761155516236575,5.053667763680583,8.813877879430375,0.8410733690360459,1.0140209154800397,1.0448843864148,0.3562698376119775
2.218235551623658,4.978287763680583,8.849577879430376,0.7656733690360475,1.0726209154800395,0.9826343864148002,0.3828208376119775
2.182535551623658,5.053667763680583,8.885277879430376,0.8053733690360474,1.1257209154800396,0.8370643864148002,0.34986183761197753
2.3650255516236576,4.863237763680583,8.849577879430376,0.9164733690360478,1.1312109154800396,0.8507943864148002,0.3764118376119775
2.4007355516236575,4.637107763680582,8.774177879430376,1.0275733690360447,1.1019109154800395,0.8855843864148001,0.3233108376119775
2.218235551623658,4.486347763680582,8.849577879430376,1.293373369036047,1.0607109154800396,0.8160043864148001,0.3031698376119775
2.035745551623658,4.450647763680582,8.849577879430376,1.4440733690360474,1.0845209154800397,0.8233243864148001,0.3828208376119775
2.107155551623658,4.335587763680582,8.774177879430376,1.5948733690360477,1.0964209154800395,0.9551643864148001,0.34986183761197753
2.2896555516236576,4.410967763680582,8.591677879430376,1.856673369036045,1.0781109154800395,1.1144643864148,0.30957783761197755
2.2896555516236576,4.410967763680582,8.591677879430376,1.856673369036045,1.0781109154800395,1.1144643864148,0.30957783761197755
2.2539455516236577,4.561727763680582,8.667077879430376,2.1224733690360473,1.1019109154800395,1.1007343864148,0.3562698376119775
2.0714455516236576,4.601397763680582,8.738477879430375,2.2335733690360478,1.1193109154800398,0.9203743864148002,0.34986183761197753
2.218235551623658,4.827537763680582,8.667077879430376,2.2335733690360478,1.1669209154800395,0.8929043864148001,0.34986183761197753
2.2896555516236576,5.129047763680583,8.591677879430376,2.047173369036045,1.1312109154800396,0.9414343864148,0.3233108376119775
2.142865551623658,4.938617763680583,8.591677879430376,1.932073369036047,1.0781109154800395,0.8855843864148001,0.34345283761197754
2.035745551623658,4.752157763680582,8.591677879430376,1.5948733690360477,1.0662109154800397,0.9066443864148002,0.34345283761197754
2.182535551623658,4.486347763680582,8.480677879430376,1.3687733690360453,1.0021209154800395,1.0522143864148001,0.34345283761197754
2.4761155516236575,4.299887763680582,8.520277879430376,1.217973369036045,0.9783209154800397,1.1281943864148,0.3562698376119775
2.5118155516236578,4.224507763680582,8.591677879430376,1.1425733690360467,1.0195209154800398,1.0723543864148002,0.3361288376119775
2.5832255516236575,4.184837763680583,8.627377879430377,1.0671733690360448,1.0662109154800397,0.9203743864148002,0.34345283761197754
2.694315551623658,4.184837763680583,8.738477879430375,1.0275733690360447,1.1138209154800398,0.8929043864148001,0.3361288376119775
2.769695551623658,4.149127763680582,8.813877879430375,1.1425733690360467,1.1431109154800398,0.9551643864148001,0.3297198376119775
2.8768055516236575,4.149127763680582,8.774177879430376,1.1425733690360467,1.1019109154800395,0.9478443864148001,0.3562698376119775
2.769695551623658,3.998367763680582,8.885277879430376,1.253673369036047,1.0488109154800398,0.8929043864148001,0.3562698376119775
2.7300155516236577,4.109457763680583,8.956677879430377,1.3687733690360453,1.0076109154800394,0.8993143864148001,0.3233108376119775
2.8053955516236577,4.034077763680583,8.813877879430375,1.5948733690360477,0.9664209154800397,1.0174243864148,0.4029618376119775
2.8053955516236577,4.034077763680583,8.813877879430375,1.5948733690360477,0.9664209154800397,1.0174243864148,0.4029618376119775
2.8768055516236575,4.073747763680582,8.813877879430375,1.7455733690360447,0.9902209154800395,1.1208743864148,0.3159868376119775
2.7300155516236577,4.260217763680583,8.667077879430376,2.0074733690360453,1.1193109154800398,1.0375643864148,0.3901448376119775
2.7300155516236577,4.224507763680582,8.555977879430376,2.047173369036045,1.1605109154800397,0.9478443864148001,0.3700028376119775
2.6229055516236577,4.149127763680582,8.555977879430376,2.308973369036046,1.1843109154800397,0.9267843864148002,0.3562698376119775
2.4007355516236575,3.8079477636805823,8.480677879430376,2.2692733690360463,1.1376209154800399,0.9414343864148,0.3901448376119775
2.218235551623658,3.661157763680582,8.480677879430376,2.0828733690360473,1.0964209154800395,1.0311543864148,0.34345283761197754
2.2539455516236577,3.395347763680582,8.480677879430376,2.0828733690360473,1.0369109154800396,1.1144643864148,0.3297198376119775
2.182535551623658,3.284257763680582,8.337777879430377,1.932073369036047,0.9957109154800395,1.1007343864148,0.3361288376119775
1.9603655516236578,3.1335077636805826,8.262427879430376,1.932073369036047,1.0140209154800397,1.0860843864148002,0.3233108376119775
1.8135755516236576,3.2088877636805826,8.151347879430377,1.7813733690360465,1.0195209154800398,0.9963643864148002,0.30957783761197755
1.8889555516236576,3.169207763680582,8.004557879430376,1.5948733690360477,1.0726209154800395,0.9066443864148002,0.3562698376119775
1.9960755516236577,3.093827763680582,7.968847879430377,1.4440733690360474,1.0781109154800395,0.8645243864148002,0.34345283761197754
1.8492855516236577,3.093827763680582,7.897437879430377,1.479773369036046,1.0781109154800395,0.8645243864148002,0.3233108376119775
1.7421655516236576,3.169207763680582,7.861737879430376,1.479773369036046,1.0964209154800395,0.9130543864148002,0.3700028376119775
1.8135755516236576,3.244587763680582,7.8220578794303774,1.3687733690360453,1.0900109154800397,0.9615743864148001,0.3297198376119775
1.9603655516236578,3.359637763680582,7.714947879430377,1.479773369036046,1.0369109154800396,1.0100943864148002,0.3361288376119775
1.6667855516236576,3.7325677636805823,7.750647879430377,1.3687733690360453,1.0845209154800397,0.9414343864148,0.3562698376119775
1.8135755516236576,3.998367763680582,7.492777879430377,1.3290733690360454,1.0662109154800397,0.8095943864148001,0.30957783761197755
1.9246655516236577,4.224507763680582,7.603857879430376,1.479773369036046,1.0488109154800398,0.7674843864148002,0.3233108376119775
1.9603655516236578,3.9586977636805827,7.568157879430378,1.3687733690360453,1.0369109154800396,0.7189543864148,0.34345283761197754
2.0714455516236576,3.6968577636805824,7.675267879430376,1.479773369036046,1.0662109154800397,0.8297343864148001,0.3361288376119775
2.035745551623658,3.284257763680582,7.8220578794303774,1.5194733690360458,1.0845209154800397,1.0174243864148,0.3233108376119775
2.107155551623658,3.169207763680582,7.897437879430377,1.7059733690360481,1.0726209154800395,1.0934043864148002,0.3635938376119775
2.2539455516236577,2.8676977636805825,7.8220578794303774,1.6305733690360462,1.1138209154800398,1.0100943864148002,0.34986183761197753
2.2896555516236576,2.7169377636805825,7.897437879430377,1.7455733690360447,1.1193109154800398,0.8782643864148001,0.3233108376119775
2.218235551623658,2.605857763680582,8.044227879430377,1.856673369036045,1.1019109154800395,0.8233243864148001,0.3764118376119775
2.4761155516236575,2.605857763680582,8.004557879430376,1.7059733690360481,1.1019109154800395,0.8297343864148001,0.3031698376119775
2.5475255516236577,2.490807763680582,8.004557879430376,1.5551733690360479,1.1138209154800398,0.9066443864148002,0.26929483761197753
2.5118155516236578,2.566187763680582,8.115637879430375,1.479773369036046,1.0845209154800397,0.9688943864148001,0.3764118376119775
2.5118155516236578,2.530477763680582,8.226727879430376,1.3687733690360453,1.0552209154800396,1.0036843864148002,0.3361288376119775
2.6586055516236575,2.6415577636805825,8.079937879430377,1.293373369036047,1.0662109154800397,1.0036843864148002,0.3361288376119775
2.769695551623658,2.7923177636805825,8.079937879430377,1.3687733690360453,1.0250109154800398,0.9203743864148002,0.34986183761197753
2.8411055516236576,3.1335077636805826,8.044227879430377,1.4044733690360474,1.0369109154800396,0.8370643864148002,0.3361288376119775
2.9521855516236575,3.0581277636805826,7.968847879430377,1.4440733690360474,1.0662109154800397,0.9066443864148002,0.30957783761197755
2.9521855516236575,2.9827477636805826,7.9331478794303765,1.5948733690360477,1.0964209154800395,1.0100943864148002,0.3297198376119775
2.769695551623658,2.9430777636805825,8.079937879430377,1.5948733690360477,1.1074109154800396,1.0036843864148002,0.3297198376119775
2.8411055516236576,2.681237763680582,8.004557879430376,1.5948733690360477,1.1257209154800396,0.9203743864148002,0.3233108376119775
2.8053955516236577,2.379717763680582,7.9331478794303765,1.6305733690360462,1.0781109154800395,0.9203743864148002,0.34986183761197753
2.6586055516236575,2.1535877636805827,8.004557879430376,1.7455733690360447,1.0607109154800396,1.0100943864148002,0.3159868376119775
2.5118155516236578,2.117877763680582,7.9331478794303765,1.7813733690360465,1.0488109154800398,1.0448843864148,0.3233108376119775
2.5118155516236578,1.9274477636805827,7.786357879430377,1.7455733690360447,1.0021209154800395,0.9963643864148002,0.3700028376119775
2.3650255516236576,1.7409877636805824,7.714947879430377,1.896373369036045,1.0021209154800395,1.0238243864148002,0.2958448376119775
2.2539455516236577,1.6656077636805824,7.8220578794303774,1.932073369036047,1.0314209154800396,0.9890343864148001,0.3159868376119775
2.107155551623658,1.439477763680582,7.786357879430377,1.856673369036045,1.0250109154800398,0.9551643864148001,0.34345283761197754
2.107155551623658,1.3997977636805823,7.675267879430376,1.7813733690360465,1.0726209154800395,1.0036843864148002,0.3562698376119775
2.0714455516236576,1.439477763680582,7.750647879430377,1.856673369036045,1.0726209154800395,1.0174243864148,0.34986183761197753
2.142865551623658,1.7013177636805823,7.675267879430376,1.8209733690360466,1.0900109154800397,1.0036843864148002,0.34345283761197754
2.142865551623658,2.042497763680582,7.528477879430377,1.7059733690360481,1.0845209154800397,1.0036843864148002,0.3764118376119775
2.035745551623658,2.455097763680582,7.492777879430377,1.6305733690360462,1.0900109154800397,0.9826343864148002,0.3159868376119775
2.182535551623658,3.0581277636805826,7.528477879430377,1.5194733690360458,1.0021209154800395,0.8581143864148002,0.3700028376119775
2.182535551623658,3.0184577636805825,7.457067879430377,1.4440733690360474,0.9783209154800397,0.8581143864148002,0.3297198376119775
2.0714455516236576,2.7923177636805825,7.568157879430378,1.3290733690360454,0.9838109154800397,0.8929043864148001,0.34986183761197753
2.035745551623658,2.681237763680582,7.421367879430377,1.1782733690360452,1.0140209154800397,0.9890343864148001,0.3297198376119775
2.142865551623658,2.490807763680582,7.457067879430377,0.9918733690360462,1.0488109154800398,1.0522143864148001,0.3031698376119775
2.218235551623658,2.340047763680582,7.385657879430377,1.0275733690360447,1.0781109154800395,1.0238243864148002,0.3764118376119775
2.2539455516236577,2.379717763680582,7.3459878794303775,1.1028733690360468,1.0552209154800396,0.9130543864148002,0.3297198376119775
2.218235551623658,2.2289677636805827,7.3102778794303775,1.293373369036047,1.0781109154800395,0.8160043864148001,0.3562698376119775
2.218235551623658,2.042497763680582,7.3459878794303775,1.5194733690360458,1.1074109154800396,0.8095943864148001,0.34986183761197753
2.2539455516236577,1.7766977636805823,7.385657879430377,1.670273369036046,1.0488109154800398,0.8929043864148001,0.3297198376119775
2.2539455516236577,1.7766977636805823,7.385657879430377,1.670273369036046,1.0488109154800398,0.8929043864148001,0.3297198376119775
2.142865551623658,1.5902277636805824,7.492777879430377,1.8209733690360466,1.0488109154800398,0.9615743864148001,0.3233108376119775
2.218235551623658,1.6259377636805823,7.3102778794303775,1.9717733690360468,1.0314209154800396,1.0796743864148002,0.3159868376119775
2.4364355516236578,1.7409877636805824,7.274577879430377,2.0074733690360453,1.0250109154800398,1.0934043864148002,0.3562698376119775
2.4364355516236578,1.8163677636805824,7.3102778794303775,2.0074733690360453,1.0552209154800396,1.0100943864148002,0.3233108376119775
2.4364355516236578,1.8520677636805827,7.3102778794303775,1.932073369036047,1.0845209154800397,0.9130543864148002,0.30957783761197755
2.5118155516236578,1.8520677636805827,7.274577879430377,1.7813733690360465,1.1074109154800396,0.8993143864148001,0.3764118376119775
2.4761155516236575,1.7766977636805823,7.274577879430377,1.6305733690360462,1.1724109154800395,0.9753043864148001,0.2958448376119775
2.4761155516236575,1.7409877636805824,7.421367879430377,1.5551733690360479,1.1193109154800398,0.9963643864148002,0.3297198376119775
2.4761155516236575,1.5902277636805824,7.274577879430377,1.4044733690360474,1.0726209154800395,0.9066443864148002,0.34345283761197754
2.5475255516236577,1.5902277636805824,7.3102778794303775,1.5194733690360458,1.0250109154800398,0.8718543864148001,0.3159868376119775
2.6229055516236577,1.5148477636805824,7.3459878794303775,1.479773369036046,0.9609209154800397,0.8718543864148001,0.3159868376119775
2.5475255516236577,1.4751777636805823,7.199197879430376,1.6305733690360462,0.9490209154800396,0.9890343864148001,0.34986183761197753
2.4007355516236575,1.364097763680582,7.1634878794303765,1.7059733690360481,0.9902209154800395,1.0586143864148,0.30957783761197755
2.4007355516236575,1.249047763680582,7.274577879430377,1.856673369036045,1.0552209154800396,1.0522143864148001,0.3562698376119775
2.2896555516236576,0.9872077636805816,7.3102778794303775,2.1224733690360473,1.1019109154800395,0.9826343864148002,0.3562698376119775
2.4364355516236578,0.9872077636805816,7.3102778794303775,2.3446733690360446,1.1431109154800398,0.9414343864148,0.30957783761197755
2.5118155516236578,0.8364477636805816,7.3102778794303775,2.495473369036045,1.1550109154800396,0.9615743864148001,0.3297198376119775
2.5118155516236578,0.8364477636805816,7.3102778794303775,2.495473369036045,1.1550109154800396,0.9615743864148001,0.3297198376119775
2.4761155516236575,0.9118277636805825,7.3102778794303775,2.610473369036047,1.1312109154800396,0.9826343864148002,0.34986183761197753
2.4364355516236578,0.9118277636805825,7.3102778794303775,2.535073369036045,1.1193109154800398,1.0311543864148,0.3635938376119775
2.107155551623658,1.3997977636805823,7.016697879430377,2.384373369036048,1.0433209154800398,1.1419343864148002,0.3159868376119775
2.0714455516236576,1.6656077636805824,6.945287879430377,2.1978733690360457,1.0250109154800398,1.1483443864148002,0.3159868376119775
2.035745551623658,1.5148477636805824,6.8699178794303775,2.047173369036045,1.0552209154800396,0.9551643864148001,0.3635938376119775
1.8889555516236576,1.288717763680582,6.8342078794303776,1.8209733690360466,1.0250109154800398,0.7812143864148002,0.3562698376119775
1.7778755516236577,1.173667763680582,6.762797879430377,1.5194733690360458,1.1257209154800396,0.7958643864148001,0.34345283761197754
1.8492855516236577,1.173667763680582,6.576337879430377,1.293373369036047,1.1669209154800395,0.9203743864148002,0.3297198376119775
1.8492855516236577,1.137957763680582,6.540627879430377,1.293373369036047,1.1724109154800395,0.9826343864148002,0.34986183761197753
1.8492855516236577,1.213337763680582,6.469217879430377,1.253673369036047,1.1605109154800397,0.9414343864148,0.3700028376119775
1.7778755516236577,1.249047763680582,6.540627879430377,1.1782733690360452,1.0900109154800397,0.8782643864148001,0.30957783761197755
1.6667855516236576,1.173667763680582,6.433507879430377,1.1028733690360468,0.9728209154800397,0.9130543864148002,0.3700028376119775
1.7421655516236576,1.0982877636805828,6.358137879430378,1.253673369036047,0.8959209154800397,0.9341043864148002,0.3361288376119775
1.7421655516236576,1.022907763680582,6.433507879430377,1.479773369036046,0.9133109154800397,0.8443843864148002,0.2894368376119775
1.7778755516236577,0.9872077636805816,6.576337879430377,1.7455733690360447,0.9609209154800397,0.7189543864148,0.4029618376119775
1.7778755516236577,0.9872077636805816,6.576337879430377,1.7455733690360447,0.9609209154800397,0.7189543864148,0.4029618376119775
2.035745551623658,0.9118277636805825,6.616007879430376,2.1224733690360473,1.1605109154800397,0.9688943864148001,0.34345283761197754
2.182535551623658,0.9118277636805825,6.576337879430377,2.2335733690360478,1.1788209154800398,1.1007343864148,0.3562698376119775
2.142865551623658,0.6103077636805825,6.576337879430377,2.1978733690360457,1.1550109154800396,1.0934043864148002,0.3031698376119775
2.182535551623658,0.4595577636805821,6.616007879430376,2.158173369036046,1.1486109154800395,0.9551643864148001,0.34345283761197754
2.5832255516236575,0.10380223631941732,6.540627879430377,1.670273369036046,1.0314209154800396,0.8929043864148001,0.34345283761197754
2.3650255516236576,0.4053122363194177,6.762797879430377,1.479773369036046,1.0433209154800398,0.8855843864148001,0.34986183761197753
2.2896555516236576,0.4806922363194186,6.798497879430378,1.3290733690360454,1.0488109154800398,0.8297343864148001,0.30957783761197755
2.4364355516236578,0.4449822363194169,6.6874178794303765,1.217973369036045,1.0314209154800396,0.8370643864148002,0.3361288376119775
2.4364355516236578,0.4449822363194169,6.540627879430377,1.1782733690360452,1.0845209154800397,0.9267843864148002,0.34986183761197753
2.5118155516236578,0.5203622363194178,6.433507879430377,1.3290733690360454,1.0552209154800396,0.9414343864148,0.2958448376119775
2.3650255516236576,0.4449822363194169,6.433507879430377,1.6305733690360462,1.0662109154800397,0.8443843864148002,0.30957783761197755
2.3293255516236577,0.5203622363194178,6.504917879430377,1.7059733690360481,1.0900109154800397,0.8370643864148002,0.3233108376119775
2.3293255516236577,0.5203622363194178,6.504917879430377,1.7059733690360481,1.0900109154800397,0.8370643864148002,0.3233108376119775
2.3650255516236576,0.4053122363194177,6.247047879430377,2.158173369036046,1.0552209154800396,1.0860843864148002,0.30957783761197755
2.2896555516236576,0.2942322363194183,6.175637879430377,2.2335733690360478,1.0900109154800397,1.0723543864148002,0.30957783761197755
2.218235551623658,0.1434722363194183,6.247047879430377,2.4200733690360465,1.0726209154800395,0.9615743864148001,0.2894368376119775
2.142865551623658,0.2730877636805822,6.139927879430377,2.384373369036048,1.0726209154800395,0.9066443864148002,0.3635938376119775
2.142865551623658,0.4992277636805831,6.064557879430377,2.4200733690360465,1.0781109154800395,0.9890343864148001,0.3031698376119775
2.107155551623658,0.5349277636805816,5.917767879430377,2.1224733690360473,1.0781109154800395,1.0311543864148,0.3233108376119775
1.7421655516236576,0.2545622363194173,5.957437879430377,1.7059733690360481,1.0900109154800397,0.8718543864148001,0.2958448376119775
1.6667855516236576,0.5203622363194178,5.882057879430377,1.4044733690360474,1.1193109154800398,0.8581143864148002,0.2894368376119775
1.7024955516236577,0.6711222363194178,5.810647879430377,1.217973369036045,1.0726209154800395,0.8993143864148001,0.3233108376119775
1.7778755516236577,0.7068322363194177,5.770977879430377,1.0671733690360448,1.0845209154800397,0.9267843864148002,0.27570383761197753
1.7778755516236577,0.5957422363194169,5.810647879430377,1.0275733690360447,1.0552209154800396,0.8370643864148002,0.3297198376119775
1.7024955516236577,0.4053122363194177,5.770977879430377,1.0671733690360448,1.0195209154800398,0.7610743864148002,0.34986183761197753
1.7421655516236576,0.2942322363194183,5.770977879430377,1.1028733690360468,1.0195209154800398,0.7812143864148002,0.2958448376119775
1.7024955516236577,0.2545622363194173,5.699567879430377,1.1425733690360467,1.0076109154800394,0.8507943864148002,0.3233108376119775
1.6667855516236576,0.1791822363194182,5.699567879430377,1.3687733690360453,0.9838109154800397,0.8581143864148002,0.2958448376119775
1.5953755516236576,0.028422236319418204,5.735267879430377,1.5551733690360479,1.0250109154800398,0.8370643864148002,0.34345283761197754
1.5953755516236576,0.028422236319418204,5.735267879430377,1.5551733690360479,1.0250109154800398,0.8370643864148002,0.34345283761197754
1.6310855516236578,0.007287763680581705,5.699567879430377,1.932073369036047,1.0552209154800396,0.8993143864148001,0.3635938376119775
1.8135755516236576,0.08265776368058297,5.663857879430377,2.1978733690360457,1.0964209154800395,1.0522143864148001,0.3233108376119775
1.8889555516236576,0.06809223631941741,5.552777879430377,2.3446733690360446,1.1019109154800395,1.1419343864148002,0.3562698376119775
1.8135755516236576,0.1434722363194183,5.552777879430377,2.384373369036048,1.1019109154800395,1.0522143864148001,0.3965528376119775
1.8135755516236576,0.5560722363194177,5.735267879430377,2.3446733690360446,1.0845209154800397,0.9267843864148002,0.3562698376119775
1.8492855516236577,1.2344922363194168,5.882057879430377,1.896373369036045,1.0488109154800398,0.8855843864148001,0.3159868376119775
1.8135755516236576,1.4208922363194176,5.882057879430377,1.7059733690360481,1.0488109154800398,0.8645243864148002,0.3635938376119775
1.8492855516236577,1.6113922363194177,5.810647879430377,1.5194733690360458,1.0250109154800398,0.8645243864148002,0.30957783761197755
1.9603655516236578,1.7224922363194182,5.770977879430377,1.5948733690360477,0.9957109154800395,0.8993143864148001,0.3700028376119775
1.9960755516236577,1.8374922363194184,5.735267879430377,1.670273369036046,1.0314209154800396,0.9130543864148002,0.3764118376119775
1.9603655516236578,1.7224922363194182,5.770977879430377,1.856673369036045,1.0607109154800396,0.8645243864148002,0.28302783761197753
1.9960755516236577,1.647092236319418,5.917767879430377,2.1978733690360457,1.1669209154800395,0.8929043864148001,0.3700028376119775
2.2896555516236576,1.571692236319418,5.917767879430377,2.384373369036048,1.1486109154800395,1.0448843864148,0.3901448376119775
2.4007355516236575,1.2701922363194171,5.993147879430377,2.6461733690360454,1.1312109154800396,1.1281943864148,0.3031698376119775
2.4007355516236575,1.1193922363194169,6.028847879430377,2.8723733690360476,1.1019109154800395,1.1144643864148,0.3700028376119775
2.3293255516236577,0.8179122363194171,6.028847879430377,3.1381733690360463,1.0488109154800398,1.0036843864148002,0.3562698376119775
2.4364355516236578,0.5203622363194178,5.957437879430377,3.1381733690360463,1.0552209154800396,0.9963643864148002,0.34345283761197754
2.4007355516236575,0.893292236319418,5.770977879430377,2.7215733690360473,1.0781109154800395,1.0796743864148002,0.3233108376119775
2.2539455516236577,1.3455922363194173,5.846357879430377,2.4200733690360465,1.1605109154800397,1.0860843864148002,0.3764118376119775
2.142865551623658,1.6113922363194177,5.810647879430377,2.047173369036045,1.1843109154800397,1.0238243864148002,0.3233108376119775
2.2896555516236576,1.8374922363194184,5.624187879430377,1.5551733690360479,1.0900109154800397,0.8855843864148001,0.3297198376119775
2.0714455516236576,1.8374922363194184,5.552777879430377,1.4044733690360474,1.0552209154800396,0.8645243864148002,0.3159868376119775
2.0714455516236576,1.8374922363194184,5.552777879430377,1.4044733690360474,1.0552209154800396,0.8645243864148002,0.3159868376119775
1.9960755516236577,1.7620922363194182,5.624187879430377,1.3687733690360453,0.9902209154800395,0.8782643864148001,0.3361288376119775
1.8135755516236576,1.8374922363194184,5.552777879430377,1.293373369036047,0.9902209154800395,0.8645243864148002,0.3635938376119775
1.7024955516236577,1.8374922363194184,5.481367879430377,1.1782733690360452,0.9609209154800397,0.9066443864148002,0.2958448376119775
1.5557055516236578,1.4962922363194178,5.259197879430377,1.4044733690360474,0.9728209154800397,0.8581143864148002,0.34345283761197754
1.5953755516236576,1.4208922363194176,5.040997879430377,1.7455733690360447,0.9838109154800397,0.7958643864148001,0.3562698376119775
1.4485855516236577,1.2344922363194168,4.818827879430377,2.4597733690360464,1.1257209154800396,0.8718543864148001,0.3828208376119775
1.3732055516236576,1.309892236319417,4.818827879430377,2.610473369036047,1.2136109154800399,0.8993143864148001,0.3764118376119775
1.3732055516236576,1.309892236319417,4.818827879430377,2.610473369036047,1.2136109154800399,0.8993143864148001,0.3764118376119775
1.3732055516236576,1.3455922363194173,4.783117879430377,2.6461733690360454,1.2374109154800395,0.9963643864148002,0.34345283761197754
1.4089155516236576,1.647092236319418,4.747417879430377,2.570773369036047,1.2081109154800398,1.0375643864148,0.3562698376119775
1.4485855516236577,1.948592236319417,4.747417879430377,2.4200733690360465,1.1074109154800396,1.0100943864148002,0.3233108376119775
1.3017955516236577,2.7380922363194173,4.965617879430377,1.896373369036045,0.9902209154800395,0.7885343864148002,0.3828208376119775
1.4485855516236577,2.964192236319418,4.858497879430377,1.8209733690360466,0.9545109154800396,0.8297343864148001,0.3159868376119775
1.5199955516236576,3.154692236319418,4.858497879430377,1.5551733690360479,1.0607109154800396,0.9130543864148002,0.3562698376119775
1.5557055516236578,3.2299922363194185,5.005287879430377,1.670273369036046,1.1257209154800396,0.8581143864148002,0.3361288376119775
1.7421655516236576,3.1903922363194184,5.076697879430377,1.9717733690360468,1.1431109154800398,0.8718543864148001,0.3764118376119775
1.9246655516236577,3.154692236319418,5.005287879430377,2.1978733690360457,1.1376209154800399,0.8718543864148001,0.3700028376119775
1.9960755516236577,2.9284922363194177,5.076697879430377,2.495473369036045,1.1193109154800398,0.8645243864148002,0.3361288376119775
1.8135755516236576,2.777792236319417,5.040997879430377,2.761273369036047,1.1074109154800396,0.8507943864148002,0.3901448376119775
1.8135755516236576,2.400892236319418,4.965617879430377,2.8723733690360476,1.0726209154800395,0.9267843864148002,0.3901448376119775
1.9603655516236578,2.0993922363194173,4.929907879430377,2.9119733690360476,1.0964209154800395,1.0522143864148001,0.3562698376119775
2.0714455516236576,1.8374922363194184,5.005287879430377,2.8723733690360476,1.0900109154800397,1.0238243864148002,0.3562698376119775
1.9960755516236577,2.1389922363194174,4.929907879430377,2.570773369036047,1.1019109154800395,0.8929043864148001,0.3297198376119775
2.035745551623658,2.400892236319418,5.040997879430377,2.308973369036046,1.1074109154800396,0.8297343864148001,0.3297198376119775
1.9603655516236578,2.777792236319417,4.894207879430377,1.896373369036045,1.0964209154800395,0.8993143864148001,0.3828208376119775
2.107155551623658,3.003892236319418,4.747417879430377,1.5551733690360479,1.0726209154800395,0.9551643864148001,0.34986183761197753
2.035745551623658,3.154692236319418,4.818827879430377,1.293373369036047,1.0781109154800395,0.9130543864148002,0.3764118376119775
1.9603655516236578,3.1903922363194184,5.005287879430377,1.0275733690360447,1.0845209154800397,0.8160043864148001,0.3764118376119775
1.9246655516236577,3.1903922363194184,5.076697879430377,1.0275733690360447,1.0433209154800398,0.7537443864148001,0.3361288376119775
2.0714455516236576,3.265692236319417,4.858497879430377,0.9164733690360478,0.9197209154800395,0.9066443864148002,0.3361288376119775
2.142865551623658,3.154692236319418,4.858497879430377,1.1782733690360452,0.9252209154800396,0.8929043864148001,0.34345283761197754
1.9960755516236577,3.039592236319418,4.818827879430377,1.5551733690360479,0.9316309154800396,0.8645243864148002,0.34345283761197754
1.9603655516236578,2.964192236319418,4.747417879430377,1.7813733690360465,0.9902209154800395,0.8507943864148002,0.34345283761197754
1.9603655516236578,2.964192236319418,4.747417879430377,1.7813733690360465,0.9902209154800395,0.8507943864148002,0.34345283761197754
2.035745551623658,2.9284922363194177,4.489537879430377,2.3446733690360446,1.1376209154800399,1.0100943864148002,0.3361288376119775
1.9603655516236578,2.888792236319418,4.489537879430377,2.384373369036048,1.1724109154800395,1.0036843864148002,0.3159868376119775
1.9603655516236578,2.888792236319418,4.489537879430377,2.384373369036048,1.1724109154800395,1.0036843864148002,0.3159868376119775
1.7778755516236577,3.003892236319418,4.418127879430377,2.384373369036048,1.1669209154800395,0.9267843864148002,0.3901448376119775
1.6310855516236578,3.265692236319417,4.453837879430377,2.2335733690360478,1.0726209154800395,0.8855843864148001,0.30957783761197755
1.6310855516236578,3.456192236319417,4.235637879430377,1.932073369036047,1.0140209154800397,0.9066443864148002,0.3159868376119775
1.5557055516236578,3.456192236319417,4.124547879430377,1.7813733690360465,0.9371209154800396,0.9826343864148002,0.3635938376119775
1.3017955516236577,3.7536922363194183,4.160257879430377,1.6305733690360462,0.9371209154800396,0.9478443864148001,0.2958448376119775
1.1510395516236578,3.9044922363194186,4.053137879430377,1.7455733690360447,0.9957109154800395,0.8782643864148001,0.3297198376119775
1.2621255516236576,4.281392236319418,3.9063478794303768,2.047173369036045,1.0781109154800395,0.8581143864148002,0.2894368376119775
1.1907125516236576,4.2059922363194175,3.7952678794303774,2.2335733690360478,1.0607109154800396,0.9478443864148001,0.3562698376119775
1.1510395516236578,4.130592236319417,3.7952678794303774,2.495473369036045,1.0900109154800397,0.9341043864148002,0.3361288376119775
1.1153345516236577,3.944092236319417,3.8309678794303768,2.8365733690360457,1.1376209154800399,0.9130543864148002,0.27570383761197753
1.2621255516236576,3.6822922363194177,3.684187879430377,3.062773369036048,1.1193109154800398,0.9203743864148002,0.3700028376119775
1.2621255516236576,3.341092236319417,3.7595578794303766,3.173873369036045,1.1193109154800398,0.9753043864148001,0.3159868376119775
1.2621255516236576,3.003892236319418,3.723857879430377,3.213473369036045,1.0900109154800397,1.0100943864148002,0.30957783761197755
1.3017955516236577,2.9284922363194177,3.7952678794303774,2.987373369036046,1.0433209154800398,0.9267843864148002,0.3764118376119775
1.3017955516236577,3.341092236319417,3.8309678794303768,2.761273369036047,1.0076109154800394,0.8929043864148001,0.3361288376119775
1.4089155516236576,3.6822922363194177,3.7595578794303766,2.535073369036045,0.9838109154800397,0.9341043864148002,0.3159868376119775
1.4089155516236576,3.8290922363194184,3.7595578794303766,2.158173369036046,0.9783209154800397,0.9478443864148001,0.3635938376119775
1.4842955516236576,3.944092236319417,3.723857879430377,1.7455733690360447,1.0021209154800395,0.9130543864148002,0.30957783761197755
1.5953755516236576,4.055192236319417,3.7952678794303774,1.670273369036046,1.0140209154800397,0.8370643864148002,0.3635938376119775
1.7421655516236576,4.2059922363194175,3.9063478794303768,1.479773369036046,1.0076109154800394,0.7537443864148001,0.3233108376119775
1.7778755516236577,4.055192236319417,4.013467879430377,1.3290733690360454,0.9609209154800397,0.7262843864148001,0.30957783761197755
1.7024955516236577,4.055192236319417,4.160257879430377,1.4440733690360474,0.8840209154800397,0.7885343864148002,0.3764118376119775
1.8492855516236577,4.130592236319417,4.013467879430377,1.9717733690360468,0.7549309154800395,0.8645243864148002,0.2958448376119775
1.8135755516236576,4.130592236319417,3.977757879430377,2.2692733690360463,0.7961309154800397,0.8718543864148001,0.3901448376119775
1.8135755516236576,4.130592236319417,3.9420578794303767,2.3446733690360446,0.8080309154800397,0.9130543864148002,0.3297198376119775
1.8492855516236577,4.019492236319417,3.8666778794303767,2.4597733690360464,0.8959209154800397,0.9890343864148001,0.3031698376119775
1.8135755516236576,4.130592236319417,3.8666778794303767,2.495473369036045,0.9838109154800397,1.0311543864148,0.34345283761197754
1.8889555516236576,4.320992236319418,3.8309678794303768,2.384373369036048,0.9902209154800395,0.9688943864148001,0.3297198376119775
1.8492855516236577,4.432092236319418,3.7595578794303766,2.1978733690360457,0.9490209154800396,0.8929043864148001,0.3361288376119775
1.7024955516236577,4.6224922363194185,3.7952678794303774,1.9717733690360468,0.9316309154800396,0.8022743864148001,0.3635938376119775
1.6310855516236578,4.848692236319417,3.9063478794303768,1.856673369036045,0.8309209154800395,0.7748043864148002,0.28302783761197753
1.6667855516236576,5.035092236319418,3.8309678794303768,1.8209733690360466,0.7961309154800397,0.8095943864148001,0.3562698376119775
1.5953755516236576,5.2215922363194185,3.7952678794303774,1.896373369036045,0.7256309154800397,0.8443843864148002,0.3700028376119775
1.5199955516236576,5.372392236319417,3.8309678794303768,2.0074733690360453,0.6780209154800397,0.9341043864148002,0.30957783761197755
1.3732055516236576,5.487392236319417,3.648477879430377,2.1224733690360473,0.7137309154800396,0.9963643864148002,0.34986183761197753
1.3732055516236576,5.447692236319417,3.6127678794303772,2.384373369036048,0.7485209154800397,1.0375643864148,0.3361288376119775
1.1907125516236576,5.296992236319417,3.501687879430377,2.6461733690360454,0.8190209154800397,1.0036843864148002,0.3159868376119775
1.2264155516236577,5.296992236319417,3.3548978794303768,2.6858733690360452,0.8959209154800397,0.8855843864148001,0.3700028376119775
1.2621255516236576,5.150192236319418,3.3548978794303768,2.761273369036047,0.8721209154800397,0.8581143864148002,0.34345283761197754
0.9328395516236576,4.5828922363194184,3.2081078794303766,2.535073369036045,0.8254209154800397,0.8855843864148001,0.3700028376119775
0.8971335516236578,4.356692236319418,3.025617879430377,2.308973369036046,0.7723209154800396,0.8993143864148001,0.3159868376119775
0.8971335516236578,4.356692236319418,3.025617879430377,2.308973369036046,0.7723209154800396,0.8993143864148001,0.3159868376119775
0.8574605516236578,4.356692236319418,2.843117879430377,2.0074733690360453,0.7192209154800396,0.9066443864148002,0.34986183761197753
0.7860495516236576,4.6224922363194185,2.8788278794303768,1.670273369036046,0.6606309154800397,0.8370643864148002,0.34345283761197754
0.7106715516236577,4.884392236319417,2.7320378794303766,1.4440733690360474,0.6954209154800396,0.7125543864148001,0.3159868376119775
0.8217555516236577,5.150192236319418,2.8074178794303766,1.1425733690360467,0.7897209154800396,0.6081843864148002,0.34345283761197754
0.8971335516236578,5.074792236319418,2.6963278794303767,1.0671733690360448,0.8309209154800395,0.5880343864148001,0.34986183761197753
0.8574605516236578,5.035092236319418,2.8074178794303766,1.217973369036045,0.7723209154800396,0.6567043864148001,0.3635938376119775
0.8574605516236578,5.035092236319418,2.8074178794303766,1.217973369036045,0.7723209154800396,0.6567043864148001,0.3635938376119775
1.0042505516236577,5.074792236319418,2.843117879430377,1.4044733690360474,0.7897209154800396,0.7052243864148002,0.28302783761197753
1.0796285516236577,5.110492236319418,2.8074178794303766,1.6305733690360462,0.6899309154800396,0.7610743864148002,0.3965528376119775
1.0796285516236577,5.185892236319418,2.8788278794303768,1.896373369036045,0.6130229154800396,0.7885343864148002,0.3562698376119775
1.1510395516236578,5.2215922363194185,2.843117879430377,2.0074733690360453,0.6194319154800396,0.8929043864148001,0.2958448376119775
1.1907125516236576,5.372392236319417,2.954197879430377,2.047173369036045,0.5663309154800397,0.9267843864148002,0.3700028376119775
1.3375055516236576,5.5230922363194175,2.843117879430377,2.047173369036045,0.6368269154800397,0.9551643864148001,0.3297198376119775
1.4485855516236577,5.713492236319418,2.843117879430377,1.932073369036047,0.6899309154800396,0.9478443864148001,0.34345283761197754
1.4842955516236576,5.673892236319418,2.8788278794303768,2.0074733690360453,0.7192209154800396,0.9066443864148002,0.3700028376119775
1.5199955516236576,5.824592236319418,2.954197879430377,2.0074733690360453,0.8016209154800397,0.8022743864148001,0.3159868376119775
1.6667855516236576,5.939692236319418,3.172407879430377,1.9717733690360468,0.7366209154800397,0.7262843864148001,0.3361288376119775
1.7421655516236576,6.126092236319417,3.172407879430377,2.1224733690360473,0.7311309154800397,0.7610743864148002,0.3297198376119775
1.7421655516236576,6.126092236319417,3.172407879430377,2.1224733690360473,0.7311309154800397,0.7610743864148002,0.3297198376119775
1.8492855516236577,6.316592236319417,3.172407879430377,2.2692733690360463,0.6075299154800397,0.8507943864148002,0.3635938376119775
1.5953755516236576,6.653792236319418,3.1009878794303773,2.535073369036045,0.5425269154800396,1.0174243864148,0.3361288376119775
1.6310855516236578,6.764892236319417,3.1366978794303773,2.7969733690360457,0.5013289154800397,1.0036843864148002,0.3233108376119775
1.7024955516236577,6.915592236319419,2.989907879430377,2.8365733690360457,0.5718239154800396,1.0238243864148002,0.3361288376119775
1.6667855516236576,6.7291922363194185,3.025617879430377,2.987373369036046,0.6606309154800397,1.0448843864148,0.3764118376119775
1.5199955516236576,6.502992236319418,3.0613178794303773,2.987373369036046,0.7137309154800396,1.0238243864148002,0.3361288376119775
1.4842955516236576,6.2768922363194175,2.8074178794303766,2.7215733690360473,0.7485209154800397,1.0311543864148,0.3361288376119775
1.4842955516236576,6.050792236319417,2.7320378794303766,2.570773369036047,0.5837259154800396,0.9963643864148002,0.34986183761197753
1.4089155516236576,5.864292236319418,2.6963278794303767,2.3446733690360446,0.5489359154800396,0.9753043864148001,0.3297198376119775
1.2621255516236576,5.598492236319418,2.8074178794303766,2.158173369036046,0.47844091548003964,0.9130543864148002,0.3635938376119775
1.2264155516236577,5.5230922363194175,2.914527879430377,1.896373369036045,0.4189309154800397,0.8581143864148002,0.3901448376119775
1.4842955516236576,5.673892236319418,2.6249178794303774,1.7059733690360481,0.4482279154800396,0.8233243864148001,0.3233108376119775
1.4089155516236576,5.939692236319418,2.6606278794303773,1.479773369036046,0.39604291548003967,0.7885343864148002,0.3764118376119775
1.1907125516236576,6.090392236319417,2.5852478794303773,1.479773369036046,0.4601299154800397,0.7958643864148001,0.3233108376119775
1.0439235516236578,6.050792236319417,2.513837879430377,1.670273369036046,0.5718239154800396,0.7748043864148002,0.3031698376119775
1.0796285516236577,5.9753922363194185,2.478127879430377,1.7813733690360465,0.5782329154800396,0.7537443864148001,0.3700028376119775
1.2621255516236576,6.015092236319418,2.2202578794303767,2.0074733690360453,0.6313339154800396,0.7336043864148001,0.3297198376119775
1.1153345516236577,6.050792236319417,2.2956378794303767,2.1978733690360457,0.5370339154800396,0.7473443864148002,0.3635938376119775
0.7860495516236576,6.201492236319417,2.331337879430377,2.1978733690360457,0.5077369154800396,0.7885343864148002,0.34986183761197753
0.6392605516236578,6.316592236319417,2.255957879430377,2.2335733690360478,0.4253399154800397,0.9203743864148002,0.3031698376119775
0.6392605516236578,6.316592236319417,2.0377578794303766,2.047173369036045,0.33104091548003967,0.9826343864148002,0.3828208376119775
0.7503445516236578,6.3919922363194175,1.6727678794303766,1.9717733690360468,0.33653391548003964,0.9066443864148002,0.2894368376119775
0.5281765516236577,6.352292236319418,1.8195578794303768,2.047173369036045,0.36583091548003965,0.7610743864148002,0.3297198376119775
0.5281765516236577,6.352292236319418,1.8195578794303768,2.047173369036045,0.36583091548003965,0.7610743864148002,0.3297198376119775
0.6749655516236577,6.502992236319418,1.8552678794303767,2.1978733690360457,0.6075299154800397,0.6429743864148001,0.30957783761197755
0.7860495516236576,6.7291922363194185,1.8552678794303767,2.4200733690360465,0.6368269154800397,0.7610743864148002,0.3635938376119775
0.7860495516236576,6.7291922363194185,1.8552678794303767,2.4200733690360465,0.6368269154800397,0.7610743864148002,0.3635938376119775
0.7503445516236578,6.764892236319417,1.7798878794303767,2.535073369036045,0.6075299154800397,0.8233243864148001,0.3635938376119775
0.5638815516236577,7.106092236319419,1.9266778794303765,2.6858733690360452,0.4546369154800396,0.8718543864148001,0.3159868376119775
0.6749655516236577,7.367892236319417,1.9266778794303765,2.7215733690360473,0.4070289154800396,0.8993143864148001,0.3700028376119775
0.7860495516236576,7.669392236319418,1.8195578794303768,2.8365733690360457,0.29533491548003965,0.9615743864148001,0.34986183761197753
0.8217555516236577,7.784492236319419,1.9623778794303768,2.7969733690360457,0.26054491548003966,0.9688943864148001,0.3031698376119775
0.7860495516236576,7.669392236319418,1.9266778794303765,2.761273369036047,0.38963391548003967,0.9203743864148002,0.3562698376119775
0.8574605516236578,7.859892236319418,1.9266778794303765,2.570773369036047,0.40153591548003964,0.8370643864148002,0.3361288376119775
1.0439235516236578,7.7447922363194195,1.8909678794303766,2.4597733690360464,0.4665389154800397,0.8022743864148001,0.3828208376119775
1.1510395516236578,7.669392236319418,1.8195578794303768,2.0828733690360473,0.4894269154800397,0.8297343864148001,0.3233108376119775
1.0042505516236577,7.558292236319417,1.9623778794303768,1.9717733690360468,0.4546369154800396,0.8370643864148002,0.30957783761197755
1.0439235516236578,7.407592236319417,1.9623778794303768,1.670273369036046,0.4253399154800397,0.7674843864148002,0.3635938376119775
1.2264155516236577,7.0306922363194175,2.0377578794303766,1.4440733690360474,0.33104091548003967,0.7812143864148002,0.3297198376119775
1.2621255516236576,6.840292236319417,1.9266778794303765,1.253673369036047,0.2898419154800397,0.7885343864148002,0.2958448376119775
1.2264155516236577,6.653792236319418,1.8909678794303766,1.217973369036045,0.26054491548003966,0.7748043864148002,0.34986183761197753
1.0439235516236578,6.764892236319417,2.1488478794303765,1.253673369036047,0.23674091548003962,0.7336043864148001,0.28302783761197753
1.2264155516236577,6.955292236319419,1.8909678794303766,1.4044733690360474,0.3191389154800396,0.6777643864148002,0.3361288376119775
1.3375055516236576,7.256792236319416,1.9623778794303768,1.5194733690360458,0.30174391548003965,0.7400143864148001,0.34345283761197754
1.4089155516236576,7.332192236319418,2.0020578794303763,1.670273369036046,0.39604291548003967,0.8233243864148001,0.3233108376119775
1.2621255516236576,7.407592236319417,2.0734678794303765,1.6305733690360462,0.4482279154800396,0.8993143864148001,0.3764118376119775
1.1510395516236578,7.482992236319419,2.0377578794303766,1.7059733690360481,0.4134379154800396,0.8370643864148002,0.3159868376119775
1.3375055516236576,7.407592236319417,1.7798878794303767,1.5551733690360479,0.4253399154800397,0.7400143864148001,0.2958448376119775
1.1510395516236578,7.518692236319417,1.8909678794303766,1.7455733690360447,0.33104091548003967,0.6567043864148001,0.3828208376119775
0.8574605516236578,7.558292236319417,1.8909678794303766,1.7455733690360447,0.33653391548003964,0.5532443864148002,0.3031698376119775
0.8971335516236578,7.633692236319419,1.8195578794303768,1.7813733690360465,0.38963391548003967,0.5459243864148002,0.3764118376119775
0.9328395516236576,7.784492236319419,1.8909678794303766,2.0828733690360473,0.32463191548003967,0.6704343864148001,0.3361288376119775
1.1907125516236576,7.7447922363194195,1.5616878794303768,2.3446733690360446,0.38963391548003967,0.8233243864148001,0.30957783761197755
0.9685445516236577,7.859892236319418,1.6727678794303766,2.570773369036047,0.3548439154800397,0.8929043864148001,0.3828208376119775
0.7503445516236578,7.970892236319418,1.6727678794303766,2.8365733690360457,0.4253399154800397,0.9267843864148002,0.3361288376119775
0.6749655516236577,8.161392236319418,1.4863078794303768,2.987373369036046,0.43083291548003966,0.9267843864148002,0.2894368376119775
0.6749655516236577,8.161392236319418,1.4863078794303768,2.987373369036046,0.43083291548003966,0.9267843864148002,0.2894368376119775
0.6749655516236577,8.27239223631942,1.4148978794303766,3.1381733690360463,0.43083291548003966,0.8782643864148001,0.4029618376119775
0.7106715516236577,8.383492236319416,1.1966978794303766,3.1381733690360463,0.43083291548003966,0.8507943864148002,0.3233108376119775
0.38138655162365775,8.42319223631942,1.232397879430377,3.062773369036048,0.3841409154800396,0.8443843864148002,0.3828208376119775
0.19889152162365772,8.498592236319418,1.1966978794303766,2.7969733690360457,0.38963391548003967,0.7958643864148001,0.3764118376119775
0.38138655162365775,8.684992236319417,1.049907879430377,2.570773369036047,0.39604291548003967,0.7958643864148001,0.3233108376119775
0.19889152162365772,8.760392236319419,0.7920278794303768,2.0828733690360473,0.4482279154800396,0.7812143864148002,0.3297198376119775
0.05210155162365773,8.649292236319418,0.8674078794303768,1.932073369036047,0.4134379154800396,0.6850843864148002,0.34345283761197754
0.05210155162365773,8.573992236319416,0.6809478794303765,1.8209733690360466,0.4253399154800397,0.6365643864148001,0.3764118376119775
0.30997555162365775,8.534292236319416,0.6095378794303767,1.5948733690360477,0.3429419154800396,0.6704343864148001,0.3159868376119775
0.23459705162365774,8.232792236319419,0.7206178794303766,1.670273369036046,0.2834329154800397,0.7473443864148002,0.34345283761197754
0.08780755162365772,7.859892236319418,0.7206178794303766,1.7813733690360465,0.3429419154800396,0.7400143864148001,0.3562698376119775
0.08780755162365772,7.859892236319418,0.7206178794303766,1.7813733690360465,0.3429419154800396,0.7400143864148001,0.3562698376119775
0.16318595162365773,7.633692236319419,0.8277378794303767,2.0074733690360453,0.30174391548003965,0.6914943864148002,0.3159868376119775
0.6392605516236578,7.970892236319418,0.6809478794303765,1.896373369036045,0.2779399154800396,0.8993143864148001,0.3233108376119775
0.5281765516236577,8.347792236319417,0.9031178794303767,1.896373369036045,0.30174391548003965,0.9203743864148002,0.26929483761197753
0.5281765516236577,8.347792236319417,0.9031178794303767,1.896373369036045,0.30174391548003965,0.9203743864148002,0.26929483761197753
0.5281765516236577,8.534292236319416,0.9745278794303769,1.7813733690360465,0.36583091548003965,0.8855843864148001,0.3297198376119775
0.6749655516236577,8.573992236319416,1.049907879430377,1.6305733690360462,0.36033691548003965,0.8095943864148001,0.3361288376119775
1.0042505516236577,8.684992236319417,0.8674078794303768,1.670273369036046,0.38963391548003967,0.7189543864148,0.34345283761197754
0.9685445516236577,8.760392236319419,0.9031178794303767,1.8209733690360466,0.39604291548003967,0.6155043864148002,0.3361288376119775
0.6749655516236577,8.724692236319417,1.1966978794303766,1.9717733690360468,0.40153591548003964,0.6155043864148002,0.30957783761197755
0.7106715516236577,8.800092236319419,1.1213178794303766,2.2335733690360478,0.4070289154800396,0.6777643864148002,0.3297198376119775
0.9328395516236576,8.950892236319419,1.049907879430377,2.384373369036048,0.29533491548003965,0.7958643864148001,0.3297198376119775
1.2264155516236577,9.026192236319417,0.9388178794303765,2.535073369036045,0.27244691548003963,0.9130543864148002,0.3635938376119775
0.9685445516236577,9.137292236319418,1.1213178794303766,2.761273369036047,0.24864291548003958,1.0036843864148002,0.28302783761197753
0.9685445516236577,9.137292236319418,1.1213178794303766,2.761273369036047,0.24864291548003958,1.0036843864148002,0.28302783761197753
0.7860495516236576,9.288092236319418,1.157017879430377,2.8723733690360476,0.3484359154800396,0.9551643864148001,0.3361288376119775
0.9328395516236576,9.327692236319418,0.9388178794303765,2.8723733690360476,0.4253399154800397,0.8645243864148002,0.3562698376119775
1.1153345516236577,9.288092236319418,0.9388178794303765,2.8365733690360457,0.5132309154800396,0.8443843864148002,0.3297198376119775
1.0439235516236578,9.363492236319416,0.9745278794303769,2.761273369036047,0.5608379154800396,0.7885343864148002,0.3031698376119775
0.8971335516236578,9.327692236319418,1.049907879430377,2.535073369036045,0.5132309154800396,0.7885343864148002,0.3700028376119775
0.8217555516236577,9.403092236319416,0.9745278794303769,2.3446733690360446,0.39604291548003967,0.7748043864148002,0.3031698376119775
0.7860495516236576,9.553892236319417,0.7563278794303765,1.932073369036047,0.27244691548003963,0.7958643864148001,0.3562698376119775
0.6035545516236578,9.70069223631942,0.8277378794303767,1.8209733690360466,0.10765191548003966,0.7812143864148002,0.34986183761197753
0.5638815516236577,9.70069223631942,0.7563278794303765,1.670273369036046,0.20103591548003963,0.7748043864148002,0.2958448376119775
0.5638815516236577,9.70069223631942,0.7920278794303768,1.5194733690360458,0.21934591548003968,0.7400143864148001,0.3764118376119775
0.6392605516236578,9.589592236319419,0.6452378794303766,1.5948733690360477,0.33104091548003967,0.6914943864148002,0.34986183761197753
0.6035545516236578,9.403092236319416,0.46274787943037654,1.670273369036046,0.43724191548003966,0.6081843864148002,0.2894368376119775
0.45676555162365773,9.252392236319416,0.4984578794303769,1.856673369036045,0.38963391548003967,0.5669843864148001,0.34986183761197753
0.4170925516236577,9.252392236319416,0.28024787943037666,1.896373369036045,0.4601299154800397,0.6292343864148002,0.3031698376119775
0.3456815516236577,9.06189223631942,0.42703787943037663,1.9717733690360468,0.3548439154800397,0.7473443864148002,0.3233108376119775
0.3456815516236577,8.911192236319419,0.42703787943037663,1.932073369036047,0.3191389154800396,0.8095943864148001,0.3764118376119775
0.27030265162365774,8.875492236319417,0.20487787943037672,1.7059733690360481,0.25413591548003966,0.8022743864148001,0.3031698376119775
0.16318595162365773,8.835792236319417,0.3516678794303767,1.5948733690360477,0.2074439154800396,0.7748043864148002,0.3562698376119775
0.08780755162365772,8.911192236319419,0.09775787943037662,1.7059733690360481,0.24223391548003959,0.7189543864148,0.3297198376119775
0.12351305162365772,9.252392236319416,0.01332212056962323,1.670273369036046,0.30174391548003965,0.6640243864148001,0.3297198376119775
0.016396551623657718,9.478492236319418,0.19582212056962334,1.856673369036045,0.33104091548003967,0.6017743864148002,0.34986183761197753
0.0946874483763423,9.514192236319417,0.08474212056962327,2.1224733690360473,0.4839339154800396,0.5944443864148001,0.3233108376119775
0.0946874483763423,9.589592236319419,0.05808787943037674,2.3446733690360446,0.4958359154800397,0.5733943864148001,0.3031698376119775
0.12351305162365772,9.74029223631942,0.1601121205696232,2.535073369036045,0.4839339154800396,0.6777643864148002,0.3764118376119775
0.05210155162365773,9.851392236319416,0.04903212056962336,2.761273369036047,0.39604291548003967,0.8443843864148002,0.3361288376119775
0.13039344837634226,9.891092236319416,0.04903212056962336,2.7969733690360457,0.33653391548003964,0.8718543864148001,0.3297198376119775
0.17006644837634227,10.002192236319416,0.04903212056962336,2.8723733690360476,0.26603791548003963,0.7748043864148002,0.34986183761197753
0.016396551623657718,10.077592236319418,0.12441212056962336,2.9119733690360476,0.23124791548003965,0.7125543864148001,0.34345283761197754
0.23459705162365774,10.152892236319417,0.1601121205696232,2.8365733690360457,0.29533491548003965,0.6850843864148002,0.34986183761197753
0.058982448376342256,10.267992236319419,0.08474212056962327,2.535073369036045,0.5013289154800397,0.6567043864148001,0.3233108376119775
0.19889152162365772,10.343392236319417,0.12441212056962336,2.308973369036046,0.5196389154800396,0.6988143864148002,0.3233108376119775
0.45676555162365773,10.529792236319416,0.12441212056962336,1.9717733690360468,0.4253399154800397,0.6567043864148001,0.3901448376119775
0.12351305162365772,10.680592236319416,0.01332212056962323,1.8209733690360466,0.32463191548003967,0.6502943864148001,0.3233108376119775
0.016396551623657718,10.795592236319418,0.04903212056962336,1.8209733690360466,0.2898419154800397,0.7262843864148001,0.3700028376119775
0.016396551623657718,10.795592236319418,0.04903212056962336,1.8209733690360466,0.2898419154800397,0.7262843864148001,0.3700028376119775
0.16318595162365773,10.795592236319418,0.23153212056962325,1.932073369036047,0.21934591548003968,0.7189543864148,0.3361288376119775
0.19889152162365772,10.906692236319419,0.3069021205696232,1.856673369036045,0.19554291548003966,0.7336043864148001,0.3159868376119775
0.16318595162365773,10.982092236319417,0.3783121205696234,1.932073369036047,0.24223391548003959,0.7674843864148002,0.3562698376119775
0.05210155162365773,10.982092236319417,0.23153212056962325,2.0074733690360453,0.27244691548003963,0.7400143864148001,0.3901448376119775
0.30997555162365775,10.982092236319417,0.12441212056962336,1.896373369036045,0.38963391548003967,0.6988143864148002,0.2958448376119775
0.5281765516236577,11.021792236319417,0.19582212056962334,1.7813733690360465,0.4189309154800397,0.6567043864148001,0.30957783761197755
0.5281765516236577,10.946392236319419,0.08474212056962327,1.670273369036046,0.43083291548003966,0.6640243864148001,0.34986183761197753
0.4170925516236577,10.680592236319416,0.01332212056962323,1.7455733690360447,0.5132309154800396,0.6155043864148002,0.34345283761197754
0.30997555162365775,10.494092236319418,0.022377879430376613,1.7813733690360465,0.4546369154800396,0.5807143864148001,0.30957783761197755
0.45676555162365773,10.41869223631942,0.19582212056962334,1.856673369036045,0.36583091548003965,0.6017743864148002,0.34345283761197754
0.23459705162365774,10.37909223631942,0.12441212056962336,2.2692733690360463,0.25413591548003966,0.7189543864148,0.3031698376119775
0.38138655162365775,10.831292236319417,0.12441212056962336,2.4597733690360464,0.29533491548003965,0.8993143864148001,0.3635938376119775
0.30997555162365775,10.906692236319419,0.23153212056962325,2.4200733690360465,0.4070289154800396,0.9963643864148002,0.2958448376119775
0.27030265162365774,10.831292236319417,0.19582212056962334,2.4597733690360464,0.4189309154800397,0.8718543864148001,0.3562698376119775
0.19889152162365772,10.831292236319417,0.23153212056962325,2.4200733690360465,0.40153591548003964,0.7610743864148002,0.3233108376119775
0.27030265162365774,10.755992236319418,0.4179921205696233,2.4200733690360465,0.43724191548003966,0.7189543864148,0.3159868376119775
0.08780755162365772,10.795592236319418,0.3783121205696234,2.308973369036046,0.2898419154800397,0.6850843864148002,0.34345283761197754
0.08780755162365772,10.755992236319418,0.6004821205696234,2.158173369036046,0.3136459154800396,0.6640243864148001,0.3297198376119775
0.058982448376342256,10.720292236319416,0.4894021205696233,2.0828733690360473,0.21934591548003968,0.6988143864148002,0.2958448376119775
0.023276448376342268,10.795592236319418,0.5251021205696234,2.0074733690360453,0.1781479154800396,0.7052243864148002,0.3159868376119775
0.08780755162365772,10.946392236319419,0.7076021205696232,1.7455733690360447,0.2129379154800396,0.6777643864148002,0.28302783761197753
0.016396551623657718,10.946392236319419,0.6718921205696233,1.7813733690360465,0.2834329154800397,0.6914943864148002,0.3700028376119775
0.0946874483763423,11.021792236319417,0.7829801205696233,1.896373369036045,0.43724191548003966,0.7400143864148001,0.25556183761197754
0.20577144837634226,11.057492236319419,0.8186851205696233,2.0074733690360453,0.4839339154800396,0.6777643864148002,0.3233108376119775
0.24147744837634227,11.097192236319419,0.8940641205696233,2.0828733690360473,0.47203191548003964,0.5669843864148001,0.34345283761197754
0.3882664483763422,11.545492236319419,1.0011801205696234,2.1978733690360457,0.2898419154800397,0.6502943864148001,0.30957783761197755
0.4993504483763423,11.696192236319419,1.1479701205696233,2.0074733690360453,0.1836409154800397,0.7262843864148001,0.2958448376119775
0.5707614483763424,11.811292236319417,1.1479701205696233,1.7813733690360465,0.14885091548003965,0.7400143864148001,0.30957783761197755
0.5350564483763423,11.811292236319417,1.0765591205696232,1.9717733690360468,0.21934591548003968,0.6704343864148001,0.2958448376119775
0.42397244837634224,11.771592236319417,1.2233481205696233,2.1224733690360473,0.3429419154800396,0.6017743864148002,0.34345283761197754
0.3882664483763422,11.660492236319417,1.1479701205696233,2.158173369036046,0.4070289154800396,0.5596543864148,0.3361288376119775
0.35256144837634223,11.735892236319419,1.1836761205696233,2.4597733690360464,0.5306259154800397,0.5807143864148001,0.3361288376119775
0.42397244837634224,11.735892236319419,1.0368861205696231,2.6858733690360452,0.4894269154800397,0.6017743864148002,0.28302783761197753
0.27718244837634226,11.735892236319419,1.1122641205696233,2.7215733690360473,0.4134379154800396,0.6640243864148001,0.3297198376119775
0.35256144837634223,11.696192236319419,1.3701381205696233,2.6858733690360452,0.3191389154800396,0.7674843864148002,0.3031698376119775
0.3882664483763422,11.660492236319417,1.1479701205696233,2.761273369036047,0.2898419154800397,0.8022743864148001,0.3159868376119775
0.42397244837634224,11.620792236319417,1.1122641205696233,2.7215733690360473,0.33104091548003967,0.7400143864148001,0.3031698376119775
0.31685544837634233,11.811292236319417,1.1122641205696233,2.610473369036047,0.3841409154800396,0.6988143864148002,0.3361288376119775
0.058982448376342256,12.112792236319418,1.0765591205696232,2.384373369036048,0.38963391548003967,0.6502943864148001,0.30957783761197755
0.05210155162365773,12.112792236319418,1.1836761205696233,2.2335733690360478,0.4070289154800396,0.6777643864148002,0.3031698376119775
0.13039344837634226,12.188192236319416,1.0368861205696231,1.932073369036047,0.4189309154800397,0.6365643864148001,0.3361288376119775
0.023276448376342268,12.263492236319419,1.0765591205696232,1.856673369036045,0.39604291548003967,0.6017743864148002,0.3764118376119775
0.016396551623657718,12.223892236319418,1.1122641205696233,1.6305733690360462,0.3484359154800396,0.6502943864148001,0.3159868376119775
0.20577144837634226,12.223892236319418,1.1122641205696233,1.896373369036045,0.24864291548003958,0.6850843864148002,0.3233108376119775
0.17006644837634227,12.374592236319419,1.3701381205696233,2.0074733690360453,0.2779399154800396,0.6640243864148001,0.3361288376119775
0.27718244837634226,12.338892236319417,1.3304651205696234,2.2335733690360478,0.27244691548003963,0.6567043864148001,0.3159868376119775
0.27718244837634226,12.338892236319417,1.3304651205696234,2.4597733690360464,0.3722389154800396,0.6155043864148002,0.3233108376119775
0.058982448376342256,12.338892236319417,1.4772551205696234,2.4200733690360465,0.4482279154800396,0.6502943864148001,0.34345283761197754
0.20577144837634226,12.52539223631942,1.3701381205696233,2.3446733690360446,0.43724191548003966,0.6777643864148002,0.3159868376119775
0.35256144837634223,12.676092236319416,1.4415491205696234,2.1978733690360457,0.5077369154800396,0.6292343864148002,0.2894368376119775
0.42397244837634224,12.787192236319417,1.4772551205696234,2.158173369036046,0.43724191548003966,0.5321903864148001,0.3965528376119775
0.4993504483763423,12.826892236319416,1.5526331205696233,2.158173369036046,0.36033691548003965,0.4836683864148002,0.26288583761197754
0.4636454483763423,13.052992236319419,1.7351283205696233,2.2335733690360478,0.3841409154800396,0.5257823864148001,0.2958448376119775
0.7175514483763423,13.088692236319417,1.6240443205696233,2.3446733690360446,0.2779399154800396,0.6219143864148002,0.3901448376119775
0.7175514483763423,13.314892236319416,1.7351283205696233,2.4597733690360464,0.3841409154800396,0.6567043864148001,0.27570383761197753
0.6818454483763423,13.239492236319418,1.6994228205696233,2.610473369036047,0.43083291548003966,0.6502943864148001,0.34986183761197753
0.6461404483763422,13.20379223631942,1.6240443205696233,2.610473369036047,0.39604291548003967,0.6567043864148001,0.4166948376119775
0.4993504483763423,13.088692236319417,1.8065395205696233,2.570773369036047,0.4601299154800397,0.6850843864148002,0.30957783761197755
0.6104344483763422,12.977592236319417,1.7351283205696233,2.4597733690360464,0.33653391548003964,0.6914943864148002,0.34345283761197754
0.7572244483763422,13.013392236319419,1.8065395205696233,2.4597733690360464,0.3548439154800397,0.6155043864148002,0.3901448376119775
0.7929294483763423,12.636492236319416,1.8065395205696233,2.2335733690360478,0.3722389154800396,0.6292343864148002,0.2894368376119775
0.7929294483763423,12.636492236319416,1.8065395205696233,2.2335733690360478,0.3722389154800396,0.6292343864148002,0.2894368376119775
0.7572244483763422,12.414292236319419,1.7351283205696233,2.1224733690360473,0.33104091548003967,0.5880343864148001,0.34345283761197754
0.5707614483763424,12.188192236319416,1.9533291205696233,1.7813733690360465,0.32463191548003967,0.5596543864148,0.3635938376119775
0.6461404483763422,11.961992236319418,1.6994228205696233,1.479773369036046,0.24864291548003958,0.5596543864148,0.2894368376119775
0.5350564483763423,12.263492236319419,1.8462121205696234,1.3290733690360454,0.2834329154800397,0.5395143864148002,0.3233108376119775
0.4993504483763423,12.414292236319419,1.7708339205696233,1.1028733690360468,0.30174391548003965,0.5733943864148001,0.28302783761197753
0.4636454483763423,12.338892236319417,1.8065395205696233,1.1425733690360467,0.3722389154800396,0.6219143864148002,0.3159868376119775
0.4636454483763423,12.338892236319417,1.8065395205696233,1.1425733690360467,0.3722389154800396,0.6219143864148002,0.3159868376119775
0.31685544837634233,12.338892236319417,1.8462121205696234,1.217973369036045,0.39604291548003967,0.6017743864148002,0.3297198376119775
0.42397244837634224,12.449992236319417,1.6994228205696233,1.3687733690360453,0.33104091548003967,0.5321903864148001,0.28302783761197753
0.5350564483763423,12.52539223631942,1.7708339205696233,1.479773369036046,0.3722389154800396,0.4626103864148002,0.3361288376119775
0.4993504483763423,12.600792236319418,1.7351283205696233,1.5948733690360477,0.24864291548003958,0.5807143864148001,0.2894368376119775
0.6104344483763422,12.676092236319416,1.9533291205696233,1.7455733690360447,0.2074439154800396,0.7189543864148,0.3031698376119775
0.6461404483763422,12.862592236319419,2.1001181205696233,1.7455733690360447,0.20103591548003963,0.8095943864148001,0.2958448376119775
0.9397144483763424,12.937992236319417,2.0287071205696234,1.856673369036045,0.21934591548003968,0.6777643864148002,0.3233108376119775
1.0111344483763423,13.088692236319417,2.2112021205696233,2.047173369036045,0.3191389154800396,0.5047253864148002,0.3700028376119775
0.9397144483763424,13.128392236319417,2.2112021205696233,2.3446733690360446,0.4427349154800396,0.4836683864148002,0.2894368376119775
0.7929294483763423,13.16409223631942,2.3222861205696232,2.6858733690360452,0.5251319154800397,0.4626103864148002,0.27570383761197753
0.9040144483763424,13.429892236319418,2.357992120569623,2.8723733690360476,0.5608379154800396,0.49740038641480017,0.3901448376119775
1.1579244483763422,13.616392236319417,2.2112021205696233,2.987373369036046,0.5013289154800397,0.5532443864148002,0.25556183761197754
1.0508044483763423,13.917892236319418,2.2826141205696233,2.987373369036046,0.4482279154800396,0.6850843864148002,0.2958448376119775
0.8643444483763423,14.179692236319418,2.465109120569623,3.023073369036048,0.25413591548003966,0.7748043864148002,0.3700028376119775
0.8286344483763424,14.255092236319417,2.357992120569623,2.9119733690360476,0.24223391548003959,0.7885343864148002,0.26929483761197753
1.0111344483763423,14.219392236319418,2.2826141205696233,2.8723733690360476,0.32463191548003967,0.6365643864148001,0.28302783761197753
0.9397144483763424,14.179692236319418,2.246908120569623,2.7215733690360473,0.3548439154800397,0.5733943864148001,0.3764118376119775
0.9040144483763424,14.255092236319417,2.4294031205696234,2.6461733690360454,0.4482279154800396,0.5532443864148002,0.26929483761197753
0.8643444483763423,14.032892236319416,2.357992120569623,2.4597733690360464,0.5013289154800397,0.5596543864148,0.34345283761197754
0.9754244483763423,14.032892236319416,2.2112021205696233,2.2335733690360478,0.4427349154800396,0.5047253864148002,0.3828208376119775
0.9397144483763424,14.032892236319416,2.5047821205696232,1.896373369036045,0.43724191548003966,0.49740038641480017,0.30957783761197755
0.8643444483763423,13.84249223631942,2.4294031205696234,1.7813733690360465,0.2898419154800397,0.5184583864148002,0.28302783761197753
0.8286344483763424,13.429892236319418,2.6118981205696232,1.479773369036046,0.2898419154800397,0.5669843864148001,0.30957783761197755
1.1975944483763423,13.16409223631942,2.3222861205696232,1.5551733690360479,0.3191389154800396,0.5321903864148001,0.2894368376119775
0.9754244483763423,13.20379223631942,2.576193120569623,1.6305733690360462,0.4189309154800397,0.4424693864148002,0.3233108376119775
0.7929294483763423,13.616392236319417,2.576193120569623,1.670273369036046,0.38963391548003967,0.4772593864148002,0.3233108376119775
0.9040144483763424,13.84249223631942,2.4294031205696234,1.5948733690360477,0.4070289154800396,0.49740038641480017,0.3562698376119775
0.9040144483763424,13.84249223631942,2.4294031205696234,1.5948733690360477,0.4070289154800396,0.49740038641480017,0.3562698376119775
0.9754244483763423,13.99329223631942,2.3936981205696233,1.5948733690360477,0.3191389154800396,0.5459243864148002,0.34345283761197754
0.7929294483763423,14.068692236319418,2.6118981205696232,1.7059733690360481,0.33104091548003967,0.5880343864148001,0.3031698376119775
0.8643444483763423,13.957592236319417,2.6872771205696235,1.856673369036045,0.3136459154800396,0.6365643864148001,0.26929483761197753
1.0111344483763423,14.032892236319416,2.6118981205696232,2.1224733690360473,0.24223391548003959,0.5395143864148002,0.34345283761197754
1.1222144483763423,14.104392236319416,2.722982120569623,2.3446733690360446,0.3136459154800396,0.4626103864148002,0.3297198376119775
1.1975944483763423,14.294792236319417,2.6118981205696232,2.6461733690360454,0.3072369154800396,0.4562023864148002,0.2958448376119775
1.0865044483763424,14.445492236319417,2.7586921205696235,2.8365733690360457,0.3548439154800397,0.5596543864148,0.3159868376119775
1.0865044483763424,14.445492236319417,2.7586921205696235,2.8365733690360457,0.3548439154800397,0.5596543864148,0.3159868376119775
0.9040144483763424,14.707392236319418,2.7586921205696235,2.8365733690360457,0.4839339154800396,0.6640243864148001,0.30957783761197755
1.0508044483763423,14.782792236319416,2.5404871205696233,2.947673369036046,0.47844091548003964,0.7400143864148001,0.28302783761197753
0.9040144483763424,14.707392236319418,2.6118981205696232,2.8365733690360457,0.5251319154800397,0.4626103864148002,0.3159868376119775
0.8286344483763424,14.707392236319418,2.5047821205696232,2.7969733690360457,0.4546369154800396,0.4214123864148002,0.3159868376119775
0.8286344483763424,14.747092236319418,2.6515711205696233,2.7215733690360473,0.4189309154800397,0.5111333864148002,0.3159868376119775
0.8286344483763424,14.747092236319418,2.6515711205696233,2.7215733690360473,0.4189309154800397,0.5111333864148002,0.3159868376119775
0.9397144483763424,14.822392236319416,2.576193120569623,2.3446733690360446,0.29533491548003965,0.5669843864148001,0.2958448376119775
1.1579244483763422,14.858092236319418,2.576193120569623,2.1224733690360473,0.19554291548003966,0.5596543864148,0.34345283761197754
1.0508044483763423,14.67169223631942,2.798362120569623,1.856673369036045,0.19004891548003966,0.5459243864148002,0.3361288376119775
0.9397144483763424,14.63199223631942,2.6515711205696233,1.7455733690360447,0.13053991548003963,0.5395143864148002,0.28302783761197753
0.8643444483763423,14.596292236319417,2.798362120569623,1.5194733690360458,0.29533491548003965,0.5395143864148002,0.34345283761197754
1.1579244483763422,14.405892236319417,2.722982120569623,1.293373369036047,0.33104091548003967,0.4836683864148002,0.3031698376119775
1.1579244483763422,14.330492236319419,2.6515711205696233,1.293373369036047,0.38963391548003967,0.4562023864148002,0.30957783761197755
0.9754244483763423,14.370192236319419,2.834062120569623,1.4044733690360474,0.4070289154800396,0.4214123864148002,0.2958448376119775
0.9754244483763423,14.330492236319419,2.6872771205696235,1.293373369036047,0.30174391548003965,0.4424693864148002,0.3233108376119775
0.9754244483763423,14.068692236319418,2.7586921205696235,1.3687733690360453,0.30174391548003965,0.4287363864148002,0.27570383761197753
1.0508044483763423,13.882192236319419,2.7586921205696235,1.293373369036047,0.26603791548003963,0.4626103864148002,0.2491538376119775
1.0865044483763424,13.957592236319417,2.6515711205696233,1.3290733690360454,0.19004891548003966,0.4699353864148002,0.3297198376119775
0.9397144483763424,13.957592236319417,2.7586921205696235,1.293373369036047,0.26054491548003966,0.5184583864148002,0.28302783761197753
0.9397144483763424,13.957592236319417,2.722982120569623,1.293373369036047,0.3072369154800396,0.5111333864148002,0.3297198376119775
0.9397144483763424,13.957592236319417,2.722982120569623,1.293373369036047,0.3072369154800396,0.5111333864148002,0.3297198376119775
0.9397144483763424,14.255092236319417,2.576193120569623,1.5551733690360479,0.3072369154800396,0.49740038641480017,0.2958448376119775
0.8643444483763423,14.445492236319417,2.722982120569623,1.7813733690360465,0.47203191548003964,0.4214123864148002,0.2491538376119775
0.8643444483763423,14.596292236319417,2.6872771205696235,2.0074733690360453,0.3484359154800396,0.4287363864148002,0.28302783761197753
0.9397144483763424,14.556592236319418,2.798362120569623,2.3446733690360446,0.39604291548003967,0.4836683864148002,0.3297198376119775
1.0865044483763424,14.747092236319418,2.9054821205696233,2.4597733690360464,0.4665389154800397,0.5459243864148002,0.19513683761197753
1.2332944483763424,14.782792236319416,2.722982120569623,2.535073369036045,0.4070289154800396,0.6850843864148002,0.3764118376119775
1.1975944483763423,15.159692236319419,3.0879721205696233,2.6461733690360454,0.26603791548003963,0.7052243864148002,0.2491538376119775
1.3443844483763423,15.123892236319417,3.0522621205696234,2.7215733690360473,0.13694891548003962,0.6155043864148002,0.3233108376119775
1.5268744483763423,15.31039223631942,3.3101421205696235,2.4200733690360465,0.26054491548003966,0.5459243864148002,0.3297198376119775
1.7093744483763422,15.31039223631942,3.3815521205696233,2.4597733690360464,0.33104091548003967,0.5321903864148001,0.2894368376119775
1.6736644483763423,15.274692236319417,3.6751321205696232,2.384373369036048,0.47203191548003964,0.4836683864148002,0.27570383761197753
1.7093744483763422,15.425492236319418,3.492632120569623,2.2692733690360463,0.40153591548003964,0.4488773864148002,0.34986183761197753
1.7093744483763422,15.576192236319418,3.8219221205696234,1.856673369036045,0.36583091548003965,0.32436638641480015,0.3562698376119775
1.9672444483763423,15.762692236319417,3.6751321205696232,1.7813733690360465,0.25413591548003966,0.4626103864148002,0.3901448376119775
1.8204544483763425,15.798392236319419,3.8576221205696237,1.7813733690360465,0.30174391548003965,0.5459243864148002,0.2024618376119775
1.8958344483763425,15.838092236319419,3.9330021205696237,1.7059733690360481,0.29533491548003965,0.5111333864148002,0.3700028376119775
1.9315444483763424,15.873792236319417,3.8219221205696234,1.7059733690360481,0.21934591548003968,0.35915638641480024,0.34345283761197754
2.002954448376342,15.838092236319419,4.004412120569623,1.7813733690360465,0.3429419154800396,0.33809938641480014,0.22260283761197752
2.002954448376342,15.722992236319417,3.7505121205696232,1.8209733690360466,0.30174391548003965,0.37288938641480024,0.4166948376119775
1.8204544483763425,15.798392236319419,3.7862121205696235,1.7059733690360481,0.3136459154800396,0.4488773864148002,0.3031698376119775
1.6379644483763423,15.98879223631942,3.8576221205696237,1.670273369036046,0.39604291548003967,0.4562023864148002,0.2491538376119775
1.8561644483763424,15.913392236319417,3.7108321205696235,1.8209733690360466,0.3136459154800396,0.4424693864148002,0.3828208376119775
1.7490444483763423,15.722992236319417,3.6751321205696232,2.0828733690360473,0.39604291548003967,0.38021338641480024,0.28302783761197753
1.6022544483763423,15.647592236319419,3.6394221205696233,2.2692733690360463,0.4070289154800396,0.4076793864148002,0.27570383761197753
1.6379644483763423,15.611892236319417,3.528342120569623,2.384373369036048,0.3777319154800396,0.4626103864148002,0.3635938376119775
1.6022544483763423,15.576192236319418,3.6394221205696233,2.4597733690360464,0.39604291548003967,0.5321903864148001,0.2894368376119775
1.7490444483763423,15.576192236319418,3.6751321205696232,2.4597733690360464,0.33104091548003967,0.5532443864148002,0.2894368376119775
1.7490444483763423,15.913392236319417,3.6751321205696232,2.3446733690360446,0.26054491548003966,0.5257823864148001,0.3562698376119775
1.6379644483763423,15.94909223631942,3.7862121205696235,2.3446733690360446,0.3072369154800396,0.4626103864148002,0.3031698376119775
1.6379644483763423,16.024492236319418,3.603722120569623,2.308973369036046,0.33653391548003964,0.4214123864148002,0.3361288376119775
1.6736644483763423,15.873792236319417,3.6751321205696232,2.2335733690360478,0.4665389154800397,0.35183238641480014,0.28302783761197753
1.6379644483763423,15.798392236319419,3.7862121205696235,2.158173369036046,0.5306259154800397,0.38021338641480024,0.3159868376119775
1.6736644483763423,15.647592236319419,3.7108321205696235,2.047173369036045,0.4482279154800396,0.40035538641480023,0.3361288376119775
1.8561644483763424,15.647592236319419,3.8219221205696234,2.047173369036045,0.36583091548003965,0.4140873864148002,0.20886983761197753
1.8561644483763424,15.647592236319419,3.8219221205696234,2.047173369036045,0.36583091548003965,0.4140873864148002,0.20886983761197753
1.9315444483763424,15.798392236319419,3.9687121205696236,1.8209733690360466,0.30174391548003965,0.4076793864148002,0.34986183761197753
2.1140344483763425,15.98879223631942,4.004412120569623,1.896373369036045,0.13694891548003962,0.4140873864148002,0.3361288376119775
1.9672444483763423,16.064192236319418,4.186912120569623,1.5948733690360477,0.15434391548003967,0.4562023864148002,0.3031698376119775
2.078334448376342,15.838092236319419,4.004412120569623,1.5551733690360479,0.19004891548003966,0.4488773864148002,0.27570383761197753
2.002954448376342,15.798392236319419,4.115502120569623,1.7059733690360481,0.3841409154800396,0.37288938641480024,0.27570383761197753
2.002954448376342,15.798392236319419,4.115502120569623,1.7059733690360481,0.3841409154800396,0.37288938641480024,0.27570383761197753
1.8958344483763425,15.873792236319417,4.004412120569623,1.7059733690360481,0.4134379154800396,0.24105338641480017,0.3159868376119775
1.8561644483763424,16.175292236319418,4.004412120569623,1.8209733690360466,0.4134379154800396,0.23464438641480018,0.3031698376119775
1.8204544483763425,16.32599223631942,4.151202120569623,1.6305733690360462,0.47203191548003964,0.31063338641480015,0.25556183761197754
2.0426244483763423,16.441092236319417,4.040122120569623,1.7813733690360465,0.33104091548003967,0.38662238641480023,0.3031698376119775
2.0426244483763423,16.62759223631942,4.151202120569623,1.670273369036046,0.23674091548003962,0.34542338641480014,0.3233108376119775
2.0426244483763423,16.702892236319418,4.226582120569623,1.7059733690360481,0.19004891548003966,0.33169038641480014,0.3031698376119775
2.1140344483763425,16.62759223631942,4.151202120569623,1.856673369036045,0.12504691548003966,0.34542338641480014,0.25556183761197754
2.1140344483763425,16.591792236319417,4.186912120569623,2.158173369036046,0.2074439154800396,0.3655643864148002,0.27570383761197753
2.078334448376342,16.51649223631942,4.226582120569623,2.1978733690360457,0.26603791548003963,0.40035538641480023,0.34986183761197753
2.078334448376342,16.62759223631942,4.186912120569623,2.384373369036048,0.24223391548003959,0.40035538641480023,0.25556183761197754
2.1497444483763424,16.62759223631942,4.226582120569623,2.3446733690360446,0.32463191548003967,0.4287363864148002,0.3031698376119775
2.1140344483763425,16.81799223631942,4.333702120569623,2.3446733690360446,0.3191389154800396,0.4488773864148002,0.34986183761197753
2.1140344483763425,16.47679223631942,4.262292120569623,2.3446733690360446,0.3484359154800396,0.4287363864148002,0.28302783761197753
2.1140344483763425,16.32599223631942,4.333702120569623,2.2335733690360478,0.29533491548003965,0.29690038641480015,0.3159868376119775
2.1497444483763424,16.064192236319418,4.186912120569623,2.158173369036046,0.25413591548003966,0.24837738641480017,0.3297198376119775
2.0426244483763423,15.873792236319417,4.186912120569623,2.047173369036045,0.3072369154800396,0.30330938641480015,0.3159868376119775
2.0426244483763423,16.064192236319418,4.115502120569623,1.856673369036045,0.27244691548003963,0.4287363864148002,0.27570383761197753
2.0426244483763423,16.250692236319416,4.040122120569623,1.7059733690360481,0.1836409154800397,0.4699353864148002,0.3233108376119775
1.8204544483763425,16.401392236319417,4.186912120569623,1.5551733690360479,0.3072369154800396,0.4699353864148002,0.2958448376119775
1.8561644483763424,16.290292236319416,4.004412120569623,1.5194733690360458,0.26603791548003963,0.34542338641480014,0.30957783761197755
1.8561644483763424,16.401392236319417,3.9330021205696237,1.4044733690360474,0.30174391548003965,0.24105338641480017,0.3159868376119775
1.7490444483763423,16.32599223631942,4.115502120569623,1.293373369036047,0.36033691548003965,0.29690038641480015,0.27570383761197753
1.9315444483763424,16.250692236319416,4.004412120569623,1.4044733690360474,0.2074439154800396,0.4076793864148002,0.3031698376119775
2.002954448376342,16.591792236319417,4.186912120569623,1.5194733690360458,0.1781479154800396,0.3655643864148002,0.2894368376119775
1.8958344483763425,16.66719223631942,4.004412120569623,1.7059733690360481,0.04264891548003963,0.4562023864148002,0.3297198376119775
1.8204544483763425,16.853692236319418,4.115502120569623,1.7455733690360447,0.1781479154800396,0.4909923864148002,0.2958448376119775
1.8561644483763424,16.968692236319416,4.004412120569623,1.932073369036047,0.26054491548003966,0.4836683864148002,0.26929483761197753
1.8958344483763425,17.11549223631942,3.8933321205696236,2.047173369036045,0.26603791548003963,0.3655643864148002,0.34345283761197754
1.7490444483763423,17.230592236319417,3.9687121205696236,2.2335733690360478,0.38963391548003967,0.29690038641480015,0.2958448376119775
1.7093744483763422,17.341692236319417,4.040122120569623,2.384373369036048,0.32463191548003967,0.32436638641480015,0.27570383761197753
1.7847544483763422,17.532092236319418,4.115502120569623,2.6461733690360454,0.26054491548003966,0.39394638641480023,0.3700028376119775
1.9672444483763423,17.567792236319416,4.115502120569623,2.761273369036047,0.2898419154800397,0.4699353864148002,0.2894368376119775
1.9672444483763423,17.567792236319416,4.115502120569623,2.761273369036047,0.2898419154800397,0.4699353864148002,0.2894368376119775
2.1140344483763425,17.79389223631942,4.040122120569623,2.947673369036046,0.24223391548003959,0.4626103864148002,0.28302783761197753
1.9672444483763423,17.94469223631942,4.226582120569623,2.8365733690360457,0.1781479154800396,0.4287363864148002,0.3700028376119775
1.9672444483763423,17.908992236319417,4.297992120569623,2.7969733690360457,0.21934591548003968,0.4772593864148002,0.26288583761197754
2.0426244483763423,17.758192236319417,4.262292120569623,2.761273369036047,0.19004891548003966,0.49740038641480017,0.34986183761197753
2.2251244483763424,17.68279223631942,4.333702120569623,2.570773369036047,0.25413591548003966,0.38662238641480023,0.34986183761197753
2.1894144483763425,17.64319223631942,4.409082120569623,2.495473369036045,0.33104091548003967,0.26943438641480016,0.24274483761197752
2.260824448376342,17.492392236319418,4.333702120569623,2.2335733690360478,0.36033691548003965,0.24837738641480017,0.3361288376119775
2.1894144483763425,17.532092236319418,4.409082120569623,2.1224733690360473,0.33653391548003964,0.28316738641480016,0.3159868376119775
2.2251244483763424,17.492392236319418,4.369402120569624,2.047173369036045,0.27244691548003963,0.3655643864148002,0.24274483761197752
2.1497444483763424,17.416992236319416,4.409082120569623,1.856673369036045,0.1836409154800397,0.35183238641480014,0.3031698376119775
2.1497444483763424,17.416992236319416,4.409082120569623,1.856673369036045,0.1836409154800397,0.35183238641480014,0.3031698376119775
1.9672444483763423,17.00439223631942,4.409082120569623,1.6305733690360462,0.1836409154800397,0.29690038641480015,0.28302783761197753
2.1894144483763425,16.66719223631942,4.297992120569623,1.5948733690360477,0.23124791548003965,0.33809938641480014,0.3031698376119775
2.1140344483763425,16.591792236319417,4.333702120569623,1.293373369036047,0.19554291548003966,0.37288938641480024,0.26288583761197754
2.078334448376342,16.552192236319417,4.297992120569623,1.0275733690360447,0.11863791548003966,0.33169038641480014,0.26288583761197754
2.0426244483763423,16.81799223631942,4.444782120569624,1.0275733690360447,0.15434391548003967,0.28316738641480016,0.26288583761197754
2.0426244483763423,16.81799223631942,4.444782120569624,1.0275733690360447,0.15434391548003967,0.28316738641480016,0.26288583761197754
2.078334448376342,17.00439223631942,4.516192120569623,1.1028733690360468,0.07194591548003965,0.22732038641480018,0.3297198376119775
2.260824448376342,17.15519223631942,4.4804921205696235,1.1425733690360467,0.05455091548003965,0.1861213864148002,0.23542083761197752
2.3362044483763422,17.11549223631942,4.444782120569624,1.1028733690360468,0.23124791548003965,0.27584338641480016,0.26288583761197754
2.260824448376342,17.00439223631942,4.4804921205696235,1.3290733690360454,0.23674091548003962,0.34542338641480014,0.3700028376119775
2.3362044483763422,17.00439223631942,4.5558721205696235,1.5551733690360479,0.22483891548003965,0.38662238641480023,0.21527883761197752
2.3362044483763422,17.190892236319417,4.702662120569623,1.670273369036046,0.29533491548003965,0.26943438641480016,0.2491538376119775
2.4433244483763423,17.492392236319418,4.662982120569623,1.896373369036045,0.2074439154800396,0.1723883864148002,0.3562698376119775
2.4829944483763424,17.758192236319417,4.809772120569623,2.1978733690360457,0.13053991548003963,0.13027438641480021,0.28302783761197753
2.5901144483763425,17.83359223631942,4.885152120569623,2.570773369036047,0.22483891548003965,0.25478638641480017,0.28302783761197753
2.6654844483763425,18.020092236319417,4.9565621205696235,2.7215733690360473,0.1836409154800397,0.39394638641480023,0.3297198376119775
2.7765744483763424,18.321592236319418,4.992272120569623,2.7969733690360457,0.11314491548003963,0.4772593864148002,0.28302783761197753
2.847984448376342,18.246192236319416,5.103352120569624,2.947673369036046,0.19004891548003966,0.4424693864148002,0.26288583761197754
2.8836844483763424,18.246192236319416,5.067652120569623,2.987373369036046,0.11314491548003963,0.30330938641480015,0.2958448376119775
2.7765744483763424,18.396992236319416,5.103352120569624,2.9119733690360476,0.07743891548003962,0.2062633864148002,0.2958448376119775
2.7369044483763423,18.51199223631942,5.103352120569624,2.7215733690360473,0.20103591548003963,0.22091138641480018,0.30957783761197755
2.812274448376342,18.698492236319417,4.992272120569623,2.610473369036047,0.3072369154800396,0.1861213864148002,0.3031698376119775
2.812274448376342,18.73419223631942,4.9565621205696235,2.495473369036045,0.26603791548003963,0.23464438641480018,0.34345283761197754
2.6654844483763425,18.809592236319418,5.067652120569623,2.2692733690360463,0.26054491548003966,0.24105338641480017,0.28302783761197753
2.7011944483763424,18.77389223631942,5.0319421205696235,2.047173369036045,0.1836409154800397,0.25478638641480017,0.27570383761197753
2.812274448376342,18.547692236319417,5.067652120569623,1.896373369036045,0.06004391548003962,0.23464438641480018,0.30957783761197755
2.7765744483763424,18.361292236319418,5.103352120569624,1.7813733690360465,0.14244191548003965,0.27584338641480016,0.2958448376119775
2.847984448376342,18.285892236319416,4.992272120569623,1.7455733690360447,0.12504691548003966,0.27584338641480016,0.28302783761197753
2.812274448376342,18.210492236319418,5.067652120569623,1.4044733690360474,0.10124291548003966,0.22732038641480018,0.25556183761197754
2.7765744483763424,18.095392236319416,5.067652120569623,1.293373369036047,0.10124291548003966,0.24837738641480017,0.3031698376119775
2.847984448376342,18.095392236319416,4.920862120569623,1.217973369036045,0.03624091548003966,0.25478638641480017,0.3361288376119775
2.6654844483763425,17.83359223631942,4.992272120569623,1.217973369036045,0.03624091548003966,0.1861213864148002,0.25556183761197754
2.554404448376342,17.758192236319417,5.0319421205696235,1.1782733690360452,0.08934091548003964,0.13027438641480021,0.30957783761197755
2.629784448376342,17.718592236319417,4.9565621205696235,1.1782733690360452,0.15983691548003964,0.1375983864148002,0.3233108376119775
2.7011944483763424,17.64319223631942,4.845482120569623,1.1425733690360467,0.19554291548003966,0.1787973864148002,0.26929483761197753
2.629784448376342,17.532092236319418,4.920862120569623,1.293373369036047,0.21934591548003968,0.23464438641480018,0.3361288376119775
2.629784448376342,17.532092236319418,4.885152120569623,1.293373369036047,0.13694891548003962,0.24837738641480017,0.30957783761197755
2.5186944483763423,17.83359223631942,5.0319421205696235,1.4044733690360474,0.07194591548003965,0.1861213864148002,0.2491538376119775
2.629784448376342,17.98439223631942,5.067652120569623,1.5551733690360479,0.10765191548003966,0.1375983864148002,0.3901448376119775
2.847984448376342,17.98439223631942,4.920862120569623,1.9717733690360468,0.13053991548003963,0.22732038641480018,0.22260283761197752
2.847984448376342,17.98439223631942,4.920862120569623,1.9717733690360468,0.13053991548003963,0.22732038641480018,0.22260283761197752
2.554404448376342,18.095392236319416,5.214442120569624,2.3446733690360446,0.1836409154800397,0.38662238641480023,0.3828208376119775
2.629784448376342,18.13509223631942,5.067652120569623,2.535073369036045,0.15983691548003964,0.40035538641480023,0.26929483761197753
2.9590644483763424,18.246192236319416,5.067652120569623,2.7215733690360473,0.19004891548003966,0.40035538641480023,0.25556183761197754
3.030474448376342,18.47229223631942,5.178732120569624,2.7969733690360457,0.1717389154800396,0.38021338641480024,0.3828208376119775
2.8836844483763424,18.698492236319417,5.214442120569624,2.6858733690360452,0.04814291548003963,0.33809938641480014,0.24274483761197752
2.847984448376342,18.73419223631942,5.361222120569623,2.610473369036047,0.14885091548003965,0.28957638641480016,0.3159868376119775
3.030474448376342,18.62309223631942,5.361222120569623,2.570773369036047,0.21934591548003968,0.1998543864148002,0.28302783761197753
3.105854448376342,18.547692236319417,5.285852120569623,2.6461733690360454,0.25413591548003966,0.1723883864148002,0.25556183761197754
2.9590644483763424,18.698492236319417,5.361222120569623,2.4597733690360464,0.33104091548003967,0.1787973864148002,0.3635938376119775
2.847984448376342,18.658792236319417,5.396932120569623,2.308973369036046,0.22483891548003965,0.1861213864148002,0.25556183761197754
2.9947744483763423,18.924592236319416,5.321552120569623,2.1224733690360473,0.14885091548003965,0.1723883864148002,0.30957783761197755
3.1415644483763425,19.035692236319417,5.250142120569623,1.9717733690360468,0.11314491548003963,0.2062633864148002,0.4029618376119775
3.105854448376342,19.226092236319417,5.361222120569623,1.7813733690360465,0.04814291548003963,0.30330938641480015,0.24274483761197752
2.8836844483763424,19.11109223631942,5.432642120569623,1.5551733690360479,0.03974808451996037,0.28957638641480016,0.28302783761197753
2.923364448376342,19.226092236319417,5.361222120569623,1.3290733690360454,0.010451084519960352,0.22091138641480018,0.3562698376119775
3.1415644483763425,19.15069223631942,5.178732120569624,1.217973369036045,0.11863791548003966,0.09548438641480023,0.22901183761197752
3.030474448376342,19.035692236319417,5.178732120569624,1.1782733690360452,0.1781479154800396,0.07534238641480023,0.2958448376119775
2.8836844483763424,19.075392236319416,5.361222120569623,1.1782733690360452,0.15434391548003967,0.08175138641480023,0.2958448376119775
2.847984448376342,18.999992236319418,5.361222120569623,1.217973369036045,0.11314491548003963,0.09548438641480023,0.22901183761197752
2.9947744483763423,18.924592236319416,5.250142120569623,1.3290733690360454,0.08934091548003964,0.10280838641480022,0.3562698376119775
3.105854448376342,19.075392236319416,5.321552120569623,1.217973369036045,0.04264891548003963,0.1513313864148002,0.2491538376119775
3.030474448376342,18.960292236319418,5.361222120569623,1.4440733690360474,0.05714308451996036,0.22732038641480018,0.2491538376119775
2.923364448376342,19.035692236319417,5.396932120569623,1.5551733690360479,0.14594908451996036,0.26943438641480016,0.3159868376119775
2.9590644483763424,18.849192236319418,5.468342120569623,1.896373369036045,0.04615708451996037,0.22091138641480018,0.25556183761197754
3.2526444483763424,18.62309223631942,5.321552120569623,2.0074733690360453,0.025253915480039635,0.1787973864148002,0.2894368376119775
3.2526444483763424,18.62309223631942,5.321552120569623,2.0074733690360453,0.025253915480039635,0.1787973864148002,0.2894368376119775
3.105854448376342,18.58339223631942,5.361222120569623,2.2335733690360478,0.09574991548003964,0.13027438641480021,0.30957783761197755
2.9947744483763423,18.698492236319417,5.468342120569623,2.384373369036048,0.19554291548003966,0.12386538641480022,0.2894368376119775
3.030474448376342,18.924592236319416,5.432642120569623,2.535073369036045,0.15434391548003967,0.28316738641480016,0.26929483761197753
3.105854448376342,19.035692236319417,5.396932120569623,2.4597733690360464,0.11314491548003963,0.21358738641480018,0.3297198376119775
3.0701544483763423,19.26179223631942,5.361222120569623,2.3446733690360446,0.11314491548003963,0.1375983864148002,0.3635938376119775
3.0701544483763423,19.186392236319417,5.396932120569623,2.4200733690360465,0.08934091548003964,0.1861213864148002,0.27570383761197753
3.105854448376342,19.075392236319416,5.396932120569623,2.4597733690360464,0.05455091548003965,0.1998543864148002,0.2894368376119775
3.105854448376342,18.999992236319418,5.396932120569623,2.4200733690360465,0.07743891548003962,0.1723883864148002,0.3361288376119775
3.105854448376342,19.186392236319417,5.396932120569623,2.308973369036046,0.0014509154800396162,0.1375983864148002,0.3233108376119775
3.0701544483763423,19.26179223631942,5.285852120569623,2.2692733690360463,0.05165008451996034,0.24105338641480017,0.2894368376119775
2.9590644483763424,19.30149223631942,5.250142120569623,2.1978733690360457,0.01884591548003961,0.34542338641480014,0.2894368376119775
2.9947744483763423,19.45229223631942,5.214442120569624,2.0828733690360473,0.04814291548003963,0.32436638641480015,0.34345283761197754
2.847984448376342,19.563292236319416,5.178732120569624,1.896373369036045,0.09574991548003964,0.2062633864148002,0.3159868376119775
2.923364448376342,19.678392236319418,5.214442120569624,1.932073369036047,0.21934591548003968,0.10280838641480022,0.25556183761197754
2.923364448376342,19.527592236319418,5.250142120569623,1.932073369036047,0.20103591548003963,0.019495386414800198,0.28302783761197753
3.030474448376342,19.678392236319418,5.321552120569623,1.7455733690360447,0.11314491548003963,0.06801838641480024,0.34986183761197753
3.1415644483763425,19.638692236319418,5.321552120569623,1.4440733690360474,0.10765191548003966,0.13027438641480021,0.21527883761197752
3.1772644483763424,19.638692236319418,5.321552120569623,1.4044733690360474,0.05455091548003965,0.1440073864148002,0.3159868376119775
3.105854448376342,19.829192236319418,5.396932120569623,1.4044733690360474,0.06355208451996036,0.13027438641480021,0.3233108376119775
2.9947744483763423,20.09099223631942,5.432642120569623,1.293373369036047,0.03974808451996037,0.07534238641480023,0.26288583761197754
3.030474448376342,20.126692236319418,5.321552120569623,1.479773369036046,0.025253915480039635,0.07534238641480023,0.3562698376119775
3.0701544483763423,20.09099223631942,5.396932120569623,1.4044733690360474,0.11863791548003966,0.0130863864148002,0.3159868376119775
2.9590644483763424,20.09099223631942,5.468342120569623,1.5948733690360477,0.21934591548003968,0.040552386414800135,0.3297198376119775
2.9590644483763424,20.09099223631942,5.396932120569623,1.7059733690360481,0.2074439154800396,0.046961386414800244,0.34986183761197753
3.030474448376342,20.015592236319417,5.432642120569623,1.932073369036047,0.2129379154800396,0.06160938641480024,0.3700028376119775
3.030474448376342,20.015592236319417,5.432642120569623,1.932073369036047,0.2129379154800396,0.06160938641480024,0.3700028376119775
3.030474448376342,20.05129223631942,5.5080121205696235,2.308973369036046,0.0014509154800396162,0.1723883864148002,0.3562698376119775
2.9590644483763424,20.015592236319417,5.543722120569623,2.495473369036045,0.09834208451996035,0.1787973864148002,0.4029618376119775
3.105854448376342,19.94019223631942,5.468342120569623,2.570773369036047,0.06355208451996036,0.1998543864148002,0.3828208376119775
3.105854448376342,19.904492236319417,5.432642120569623,2.761273369036047,0.05165008451996034,0.2062633864148002,0.2894368376119775
3.030474448376342,19.78949223631942,5.432642120569623,2.610473369036047,0.004958084519960382,0.24837738641480017,0.3828208376119775
2.9947744483763423,19.829192236319418,5.396932120569623,2.570773369036047,0.13694891548003962,0.1925303864148002,0.3635938376119775
2.9947744483763423,19.638692236319418,5.321552120569623,2.384373369036048,0.2129379154800396,0.1440073864148002,0.30957783761197755
2.9590644483763424,19.487992236319418,5.396932120569623,2.2692733690360463,0.22483891548003965,0.10280838641480022,0.4102858376119775
3.030474448376342,19.527592236319418,5.396932120569623,2.047173369036045,0.15434391548003967,0.05428538641480024,0.34986183761197753
3.105854448376342,19.376892236319417,5.361222120569623,1.9717733690360468,0.05455091548003965,0.11654138641480022,0.2894368376119775
3.105854448376342,19.26179223631942,5.432642120569623,1.7059733690360481,0.0014509154800396162,0.1513313864148002,0.3764118376119775
3.1772644483763424,19.226092236319417,5.396932120569623,1.7059733690360481,0.15785108451996036,0.1925303864148002,0.4029618376119775
3.1772644483763424,19.26179223631942,5.432642120569623,1.5948733690360477,0.16334408451996035,0.30330938641480015,0.3233108376119775
3.105854448376342,19.226092236319417,5.468342120569623,1.5948733690360477,0.08094708451996036,0.29690038641480015,0.3297198376119775
3.105854448376342,19.186392236319417,5.432642120569623,1.5194733690360458,0.06355208451996036,0.22091138641480018,0.34345283761197754
3.105854448376342,19.186392236319417,5.432642120569623,1.5194733690360458,0.06355208451996036,0.22091138641480018,0.34345283761197754
3.105854448376342,19.15069223631942,5.432642120569623,1.4044733690360474,0.0014509154800396162,0.13027438641480021,0.3361288376119775
3.1415644483763425,19.30149223631942,5.468342120569623,1.3290733690360454,0.08934091548003964,0.1586553864148002,0.3635938376119775
3.2169444483763425,19.376892236319417,5.361222120569623,1.253673369036047,0.08934091548003964,0.1586553864148002,0.3562698376119775
3.1415644483763425,19.487992236319418,5.468342120569623,1.1028733690360468,0.08934091548003964,0.040552386414800135,0.34345283761197754
3.105854448376342,19.638692236319418,5.468342120569623,0.9918733690360462,0.05455091548003965,0.019495386414800198,0.4102858376119775
3.1772644483763424,19.602992236319416,5.432642120569623,1.1425733690360467,0.01335291548003964,0.026819386414800195,0.3297198376119775
3.2526444483763424,19.678392236319418,5.543722120569623,1.253673369036047,0.034255084519960344,0.03322838641480019,0.3297198376119775
3.2883544483763423,19.638692236319418,5.761922120569623,1.3687733690360453,0.08735508451996038,0.01529461358519979,0.3764118376119775
3.4351444483763425,19.864892236319417,5.761922120569623,1.3290733690360454,0.15785108451996036,0.03322838641480019,0.3562698376119775
3.5819344483763422,20.09099223631942,5.761922120569623,1.5194733690360458,0.14594908451996036,0.13027438641480021,0.30957783761197755
3.5819344483763422,20.317092236319418,5.837302120569623,1.8209733690360466,0.06355208451996036,0.1440073864148002,0.3635938376119775
3.4708444483763423,20.503592236319417,5.797632120569623,1.896373369036045,0.05165008451996034,0.08907538641480023,0.3562698376119775
3.399434448376342,20.61859223631942,5.837302120569623,1.9717733690360468,0.07194591548003965,0.007970613585199793,0.3828208376119775
3.399434448376342,20.805092236319418,5.797632120569623,2.308973369036046,0.13053991548003963,0.007970613585199793,0.28302783761197753
3.5819344483763422,20.844792236319417,5.873002120569623,2.535073369036045,0.11314491548003963,0.03322838641480019,0.4102858376119775
3.5819344483763422,20.995492236319418,5.944422120569623,2.761273369036047,0.14244191548003965,0.03322838641480019,0.28302783761197753
3.6216044483763423,21.146292236319418,6.055502120569623,2.7215733690360473,0.11314491548003963,0.026819386414800195,0.3297198376119775
3.8040944483763424,21.181992236319417,5.944422120569623,2.7969733690360457,0.004958084519960382,0.06160938641480024,0.4707108376119775
3.9151844483763423,21.221692236319416,6.055502120569623,2.761273369036047,0.04615708451996037,0.13027438641480021,0.28302783761197753
3.6216044483763423,21.10659223631942,5.984092120569623,2.495473369036045,0.07545408451996038,0.09548438641480023,0.4633868376119775
3.5819344483763422,21.146292236319418,6.019792120569623,2.4200733690360465,0.06004391548003962,0.06160938641480024,0.3764118376119775
3.6930144483763425,21.146292236319418,5.908712120569623,2.384373369036048,0.14885091548003965,0.03322838641480019,0.3297198376119775
3.7287244483763424,20.955892236319418,5.797632120569623,2.3446733690360446,0.2129379154800396,0.007970613585199793,0.4166948376119775
3.6216044483763423,20.955892236319418,5.908712120569623,2.2335733690360478,0.19554291548003966,0.0015616135851997948,0.3233108376119775
3.6573144483763422,20.92019223631942,5.908712120569623,2.1224733690360473,0.12504691548003966,0.0130863864148002,0.3764118376119775
3.7287244483763424,20.72969223631942,5.908712120569623,2.0828733690360473,0.04814291548003963,0.005762386414800202,0.3828208376119775
3.875514448376342,20.57899223631942,5.873002120569623,1.932073369036047,0.034255084519960344,0.03322838641480019,0.2958448376119775
3.8040944483763424,20.42819223631942,5.944422120569623,1.7455733690360447,0.06355208451996036,0.12386538641480022,0.3965528376119775
3.7287244483763424,20.317092236319418,5.944422120569623,1.6305733690360462,0.11024408451996037,0.1650643864148002,0.3635938376119775
3.8040944483763424,20.126692236319418,5.944422120569623,1.5948733690360477,0.034255084519960344,0.12386538641480022,0.3700028376119775
3.8040944483763424,19.94019223631942,5.944422120569623,1.5194733690360458,0.030747915480039634,0.005762386414800202,0.4304278376119775
3.7287244483763424,19.904492236319417,5.908712120569623,1.3290733690360454,0.06004391548003962,0.14621461358519983,0.3031698376119775
3.7683944483763425,20.05129223631942,5.944422120569623,1.217973369036045,0.004958084519960382,0.16727161358519982,0.3965528376119775
3.8040944483763424,20.09099223631942,6.091212120569623,1.293373369036047,0.03624091548003966,0.09769161358519979,0.4029618376119775
3.875514448376342,20.202092236319416,6.091212120569623,1.479773369036046,0.05714308451996036,0.049168613585199805,0.2958448376119775
3.9865944483763425,20.05129223631942,6.166582120569623,1.4440733690360474,0.15144208451996036,0.029027613585199785,0.3901448376119775
3.9865944483763425,20.126692236319418,6.273702120569623,1.5551733690360479,0.16334408451996035,0.01529461358519979,0.4102858376119775
3.9865944483763425,20.126692236319418,6.273702120569623,1.5551733690360479,0.16334408451996035,0.01529461358519979,0.4102858376119775
3.9865944483763425,20.166392236319417,6.091212120569623,1.5948733690360477,0.19905008451996037,0.029027613585199785,0.3031698376119775
4.0619744483763425,20.277492236319418,6.091212120569623,1.932073369036047,0.13404708451996036,0.029027613585199785,0.4029618376119775
3.7683944483763425,20.503592236319417,6.126912120569623,2.047173369036045,0.08735508451996038,0.05649361358519983,0.3828208376119775
3.6930144483763425,20.844792236319417,6.019792120569623,2.0828733690360473,0.004958084519960382,0.042760613585199836,0.3031698376119775
3.8040944483763424,21.070892236319416,6.019792120569623,2.2335733690360478,0.04264891548003963,0.08395861358519979,0.4166948376119775
3.7683944483763425,21.070892236319416,5.908712120569623,2.384373369036048,0.11314491548003963,0.08395861358519979,0.34986183761197753
3.7683944483763425,21.181992236319417,5.873002120569623,2.4597733690360464,0.08934091548003964,0.021703613585199788,0.2894368376119775
3.6216044483763423,21.44779223631942,5.984092120569623,2.495473369036045,0.06904508451996039,0.040552386414800135,0.3965528376119775
3.6930144483763425,21.709592236319416,6.019792120569623,2.535073369036045,0.16334408451996035,0.10280838641480022,0.3700028376119775
3.8040944483763424,21.74529223631942,5.873002120569623,2.535073369036045,0.22834708451996036,0.1787973864148002,0.3159868376119775
3.8040944483763424,21.89609223631942,5.873002120569623,2.3446733690360446,0.23384008451996036,0.1650643864148002,0.34345283761197754
3.7287244483763424,22.011192236319417,5.908712120569623,2.158173369036046,0.20454308451996037,0.10280838641480022,0.34986183761197753
3.7287244483763424,22.011192236319417,5.908712120569623,2.158173369036046,0.20454308451996037,0.10280838641480022,0.34986183761197753
3.8040944483763424,22.04689223631942,5.797632120569623,2.1978733690360457,0.09284908451996038,0.03322838641480019,0.3965528376119775
3.8040944483763424,22.08649223631942,5.797632120569623,2.1224733690360473,0.06645291548003962,0.021703613585199788,0.2958448376119775
3.8398044483763423,22.08649223631942,5.873002120569623,2.0828733690360473,0.15434391548003967,0.03543661358519978,0.3361288376119775
3.8040944483763424,22.08649223631942,5.873002120569623,1.932073369036047,0.13053991548003963,0.09769161358519979,0.4432448376119775
3.9151844483763423,22.161892236319417,5.837302120569623,1.932073369036047,0.05455091548003965,0.09769161358519979,0.26288583761197754
3.9865944483763425,21.860392236319417,5.944422120569623,1.856673369036045,0.006943915480039642,0.03543661358519978,0.3700028376119775
4.0619744483763425,21.74529223631942,5.944422120569623,1.7455733690360447,0.07545408451996038,0.0130863864148002,0.4505698376119775
4.097674448376343,21.44779223631942,6.019792120569623,1.7813733690360465,0.07545408451996038,0.026819386414800195,0.3297198376119775
4.097674448376343,21.44779223631942,6.019792120569623,1.7813733690360465,0.07545408451996038,0.026819386414800195,0.3297198376119775
3.9865944483763425,21.40809223631942,6.126912120569623,1.670273369036046,0.06355208451996036,0.0130863864148002,0.3965528376119775
4.0619744483763425,21.29699223631942,6.202292120569623,1.6305733690360462,0.022353084519960376,0.05649361358519983,0.3965528376119775
4.208764448376343,21.221692236319416,6.055502120569623,1.5948733690360477,0.06004391548003962,0.11874861358519984,0.3297198376119775
4.208764448376343,21.146292236319418,6.166582120569623,1.3687733690360453,0.04814291548003963,0.18832961358519978,0.3764118376119775
4.097674448376343,21.031192236319416,6.273702120569623,1.1028733690360468,0.06355208451996036,0.07022661358519983,0.34345283761197754
4.280174448376342,20.693992236319417,6.202292120569623,1.217973369036045,0.12214508451996037,0.019495386414800198,0.4166948376119775
4.280174448376342,20.543292236319417,6.202292120569623,1.217973369036045,0.16334408451996035,0.03543661358519978,0.3562698376119775
4.280174448376342,20.543292236319417,6.166582120569623,1.217973369036045,0.16975308451996035,0.1535396135851998,0.3700028376119775
4.169084448376342,20.352792236319416,6.055502120569623,1.4044733690360474,0.17524608451996035,0.11874861358519984,0.4231038376119775
4.022304448376342,20.202092236319416,6.055502120569623,1.5948733690360477,0.08735508451996038,0.029027613585199785,0.3901448376119775
4.022304448376342,20.352792236319416,5.837302120569623,1.8209733690360466,0.010451084519960352,0.07755061358519982,0.3965528376119775
3.9508844483763426,20.57899223631942,5.873002120569623,1.896373369036045,0.0014509154800396162,0.1535396135851998,0.4432448376119775
3.875514448376342,20.76939223631942,5.761922120569623,2.047173369036045,0.034255084519960344,0.07755061358519982,0.3361288376119775
3.875514448376342,20.92019223631942,5.690512120569624,2.2335733690360478,0.13954008451996036,0.005762386414800202,0.3764118376119775
3.875514448376342,20.844792236319417,5.761922120569623,2.3446733690360446,0.12855408451996037,0.026819386414800195,0.3700028376119775
3.875514448376342,20.955892236319418,5.726222120569623,2.384373369036048,0.09284908451996038,0.029027613585199785,0.4166948376119775
3.875514448376342,21.181992236319417,5.615132120569624,2.495473369036045,0.12855408451996037,0.005762386414800202,0.3233108376119775
3.875514448376342,21.40809223631942,5.761922120569623,2.495473369036045,0.08094708451996036,0.1375983864148002,0.3764118376119775
3.9151844483763423,21.669992236319416,5.726222120569623,2.4597733690360464,0.10475008451996037,0.1998543864148002,0.34986183761197753
4.022304448376342,21.820692236319417,5.6508421205696235,2.384373369036048,0.05165008451996034,0.10280838641480022,0.34345283761197754
4.022304448376342,22.08649223631942,5.761922120569623,2.384373369036048,0.03624091548003966,0.049168613585199805,0.3965528376119775
4.022304448376342,22.19759223631942,5.726222120569623,2.3446733690360446,0.004958084519960382,0.13248161358519983,0.3562698376119775
3.9865944483763425,22.08649223631942,5.797632120569623,2.4200733690360465,0.034255084519960344,0.07022661358519983,0.34345283761197754
4.0619744483763425,22.161892236319417,5.873002120569623,2.384373369036048,0.10475008451996037,0.0130863864148002,0.3764118376119775
4.244464448376342,22.161892236319417,5.944422120569623,2.308973369036046,0.11665208451996037,0.040552386414800135,0.4231038376119775
4.355554448376342,22.272992236319418,6.019792120569623,2.3446733690360446,0.16334408451996035,0.026819386414800195,0.3159868376119775
4.355554448376342,22.387992236319416,6.055502120569623,2.3446733690360446,0.16334408451996035,0.03322838641480019,0.4102858376119775
4.355554448376342,22.387992236319416,6.055502120569623,2.3446733690360446,0.16334408451996035,0.03322838641480019,0.4102858376119775
4.355554448376342,22.387992236319416,6.055502120569623,2.3446733690360446,0.16334408451996035,0.03322838641480019,0.4102858376119775
4.355554448376342,22.387992236319416,6.055502120569623,2.3446733690360446,0.16334408451996035,0.03322838641480019,0.4102858376119775
4.502344448376342,22.649892236319417,6.202292120569623,1.8209733690360466,0.006943915480039642,0.23685261358519982,0.3700028376119775
4.502344448376342,22.649892236319417,6.202292120569623,1.8209733690360466,0.006943915480039642,0.23685261358519982,0.3700028376119775
4.502344448376342,22.689592236319417,6.238002120569623,1.5948733690360477,0.027846084519960346,0.2917836135851998,0.3700028376119775
4.649134448376342,22.649892236319417,6.202292120569623,1.4440733690360474,0.11665208451996037,0.1745966135851998,0.4304278376119775
4.684834448376343,22.689592236319417,6.313372120569623,1.4044733690360474,0.11024408451996037,0.07755061358519982,0.3297198376119775
4.649134448376342,22.61419223631942,6.313372120569623,1.253673369036047,0.12855408451996037,0.1398066135851998,0.3361288376119775
4.756244448376342,22.538792236319416,6.238002120569623,1.253673369036047,0.13954008451996036,0.2295276135851998,0.3635938376119775
4.684834448376343,22.463392236319418,6.238002120569623,1.3687733690360453,0.09284908451996038,0.2643176135851998,0.3828208376119775
4.5380444483763425,22.312692236319418,6.313372120569623,1.479773369036046,0.04615708451996037,0.2643176135851998,0.2894368376119775
4.5380444483763425,22.312692236319418,6.273702120569623,1.5948733690360477,0.06355208451996036,0.2716426135851998,0.3828208376119775
4.609454448376343,22.23729223631942,6.273702120569623,1.7813733690360465,0.05165008451996034,0.23685261358519982,0.4771198376119775
4.684834448376343,22.19759223631942,6.202292120569623,1.896373369036045,0.05714308451996036,0.18832961358519978,0.30957783761197755
4.649134448376342,22.011192236319417,6.019792120569623,2.047173369036045,0.07545408451996038,0.13248161358519983,0.3828208376119775
4.5380444483763425,22.011192236319417,6.166582120569623,2.1978733690360457,0.09834208451996035,0.09128361358519982,0.4505698376119775
4.502344448376342,21.860392236319417,6.166582120569623,2.3446733690360446,0.12855408451996037,0.01529461358519979,0.3297198376119775
4.502344448376342,21.820692236319417,6.166582120569623,2.3446733690360446,0.15785108451996036,0.01529461358519979,0.3700028376119775
4.5380444483763425,21.74529223631942,6.091212120569623,2.4597733690360464,0.15785108451996036,0.07022661358519983,0.4166948376119775
4.609454448376343,21.709592236319416,6.055502120569623,2.4597733690360464,0.17524608451996035,0.14621461358519983,0.3700028376119775
4.609454448376343,21.709592236319416,6.055502120569623,2.4597733690360464,0.17524608451996035,0.14621461358519983,0.3700028376119775
4.502344448376342,21.820692236319417,6.091212120569623,2.4200733690360465,0.19264108451996037,0.18832961358519978,0.3562698376119775
4.426964448376342,21.89609223631942,6.166582120569623,2.4200733690360465,0.13404708451996036,0.10501661358519981,0.4505698376119775
4.502344448376342,21.971492236319417,6.166582120569623,2.384373369036048,0.05714308451996036,0.05649361358519983,0.3031698376119775
4.609454448376343,22.122192236319417,6.126912120569623,2.2692733690360463,0.08735508451996038,0.18832961358519978,0.4102858376119775
4.649134448376342,22.19759223631942,6.126912120569623,2.158173369036046,0.13954008451996036,0.2505846135851998,0.3635938376119775
4.609454448376343,22.122192236319417,6.273702120569623,2.047173369036045,0.14594908451996036,0.18832961358519978,0.34345283761197754
4.756244448376342,22.08649223631942,6.384782120569623,1.9717733690360468,0.22193808451996036,0.07022661358519983,0.3635938376119775
4.831624448376342,22.23729223631942,6.420492120569623,1.896373369036045,0.26954548451996035,0.06381761358519983,0.34345283761197754
4.942714448376343,22.312692236319418,6.384782120569623,1.896373369036045,0.31074418451996033,0.14621461358519983,0.3828208376119775
5.049824448376342,22.387992236319416,6.313372120569623,1.7813733690360465,0.30433548451996034,0.2157946135851998,0.4102858376119775
4.978414448376342,22.463392236319418,6.349082120569623,1.8209733690360466,0.23384008451996036,0.14621461358519983,0.3700028376119775
4.903034448376342,22.499092236319417,6.420492120569623,1.7455733690360447,0.14594908451996036,0.06381761358519983,0.2958448376119775
4.831624448376342,22.649892236319417,6.384782120569623,1.6305733690360462,0.13404708451996036,0.05649361358519983,0.3764118376119775
4.903034448376342,22.875992236319416,6.384782120569623,1.5948733690360477,0.09834208451996035,0.2231196135851998,0.4432448376119775
5.089504448376342,23.062492236319418,6.349082120569623,1.6305733690360462,0.09834208451996035,0.3403066135851998,0.34986183761197753
5.089504448376342,23.17749223631942,6.349082120569623,1.5194733690360458,0.15785108451996036,0.3403066135851998,0.3901448376119775
4.942714448376343,23.17749223631942,6.495872120569623,1.4440733690360474,0.24024808451996038,0.2020616135851998,0.4432448376119775
4.942714448376343,23.328292236319417,6.495872120569623,1.293373369036047,0.23384008451996036,0.14621461358519983,0.2894368376119775
5.014124448376342,23.328292236319417,6.495872120569623,1.293373369036047,0.16334408451996035,0.1947376135851998,0.3700028376119775
5.014124448376342,23.28859223631942,6.420492120569623,1.3687733690360453,0.18714808451996037,0.3201656135851998,0.3965528376119775
4.903034448376342,23.439392236319417,6.495872120569623,1.3687733690360453,0.09284908451996038,0.3613636135851998,0.34345283761197754
4.978414448376342,23.55439223631942,6.349082120569623,1.293373369036047,0.12855408451996037,0.3750968135851998,0.4231038376119775
4.867334448376343,23.439392236319417,6.420492120569623,1.479773369036046,0.13954008451996036,0.29910761358519977,0.3562698376119775
4.867334448376343,23.363992236319415,6.531572120569623,1.6305733690360462,0.12214508451996037,0.2295276135851998,0.3635938376119775
4.867334448376343,23.17749223631942,6.420492120569623,1.7455733690360447,0.22193808451996036,0.23685261358519982,0.4505698376119775
4.903034448376342,22.987092236319416,6.460162120569623,1.932073369036047,0.25215038451996036,0.1947376135851998,0.3297198376119775
4.978414448376342,22.875992236319416,6.495872120569623,2.0828733690360473,0.21644508451996036,0.1608636135851998,0.3828208376119775
5.014124448376342,22.72529223631942,6.313372120569623,2.308973369036046,0.2750385845199604,0.1535396135851998,0.4771198376119775
4.942714448376343,22.689592236319417,6.384782120569623,2.4597733690360464,0.24574178451996037,0.08395861358519979,0.3159868376119775
4.942714448376343,22.689592236319417,6.384782120569623,2.4597733690360464,0.24574178451996037,0.08395861358519979,0.3159868376119775
4.831624448376342,22.72529223631942,6.495872120569623,2.570773369036047,0.25215038451996036,0.09769161358519979,0.3764118376119775
4.867334448376343,22.72529223631942,6.313372120569623,2.610473369036047,0.22834708451996036,0.14621461358519983,0.4835288376119775
4.978414448376342,22.76489223631942,6.313372120569623,2.7215733690360473,0.20454308451996037,0.20938661358519983,0.3764118376119775
5.049824448376342,22.840292236319417,6.384782120569623,2.535073369036045,0.20454308451996037,0.2569936135851998,0.3562698376119775
4.942714448376343,22.800592236319417,6.460162120569623,2.610473369036047,0.2933491845199604,0.1745966135851998,0.4166948376119775
5.014124448376342,22.689592236319417,6.460162120569623,2.6461733690360454,0.28694048451996035,0.07022661358519983,0.34345283761197754
5.014124448376342,22.72529223631942,6.460162120569623,2.495473369036045,0.2750385845199604,0.09769161358519979,0.30957783761197755
5.014124448376342,22.689592236319417,6.313372120569623,2.4597733690360464,0.2576435845199604,0.2295276135851998,0.3700028376119775
5.014124448376342,22.72529223631942,6.420492120569623,2.4200733690360465,0.26954548451996035,0.2853746135851998,0.4633868376119775
5.049824448376342,22.61419223631942,6.420492120569623,2.4200733690360465,0.22834708451996036,0.24326061358519982,0.3562698376119775
5.125204448376342,22.423792236319418,6.384782120569623,2.3446733690360446,0.20454308451996037,0.1398066135851998,0.3965528376119775
5.049824448376342,22.57449223631942,6.420492120569623,2.2335733690360478,0.2576435845199604,0.1260736135851998,0.3901448376119775
5.160914448376342,22.463392236319418,6.460162120569623,2.158173369036046,0.26313678451996037,0.18100461358519981,0.3562698376119775
5.160914448376342,22.272992236319418,6.420492120569623,1.9717733690360468,0.2933491845199604,0.2231196135851998,0.3901448376119775
5.089504448376342,22.272992236319418,6.460162120569623,1.9717733690360468,0.29884228451996037,0.18832961358519978,0.4432448376119775
5.049824448376342,22.19759223631942,6.313372120569623,1.896373369036045,0.22834708451996036,0.14621461358519983,0.2894368376119775
4.978414448376342,22.272992236319418,6.349082120569623,1.8209733690360466,0.14594908451996036,0.2020616135851998,0.3233108376119775
4.942714448376343,22.348392236319416,6.313372120569623,1.5948733690360477,0.15144208451996036,0.3128406135851998,0.4102858376119775
4.942714448376343,22.689592236319417,6.238002120569623,1.5948733690360477,0.19905008451996037,0.3338976135851998,0.4029618376119775
5.014124448376342,22.76489223631942,6.273702120569623,1.6305733690360462,0.23384008451996036,0.3265736135851998,0.3233108376119775
5.014124448376342,22.840292236319417,6.313372120569623,1.4044733690360474,0.23384008451996036,0.2569936135851998,0.4102858376119775
4.903034448376342,22.987092236319416,6.420492120569623,1.293373369036047,0.2576435845199604,0.24326061358519982,0.3635938376119775
4.903034448376342,23.102192236319414,6.349082120569623,1.3290733690360454,0.25215038451996036,0.2569936135851998,0.34986183761197753
4.978414448376342,23.21319223631942,6.313372120569623,1.253673369036047,0.22834708451996036,0.3686881135851998,0.4102858376119775
4.942714448376343,23.21319223631942,6.313372120569623,1.3687733690360453,0.18073908451996037,0.4584097535851998,0.3233108376119775
4.942714448376343,23.363992236319415,6.273702120569623,1.293373369036047,0.24024808451996038,0.4858756135851998,0.4102858376119775
4.867334448376343,23.40369223631942,6.313372120569623,1.3290733690360454,0.24024808451996038,0.4172110135851998,0.4368368376119775
4.903034448376342,23.47909223631942,6.349082120569623,1.4440733690360474,0.22193808451996036,0.2505846135851998,0.34986183761197753
4.831624448376342,23.55439223631942,6.202292120569623,1.5948733690360477,0.22834708451996036,0.2716426135851998,0.3635938376119775
4.795924448376343,23.62979223631942,6.202292120569623,1.6305733690360462,0.2576435845199604,0.3476306135851998,0.4569778376119775
4.756244448376342,23.590092236319418,6.202292120569623,1.7455733690360447,0.28694048451996035,0.3686881135851998,0.3635938376119775
4.795924448376343,23.439392236319417,6.202292120569623,1.856673369036045,0.30433548451996034,0.3201656135851998,0.34986183761197753
4.684834448376343,23.55439223631942,6.126912120569623,1.8209733690360466,0.39314168451996034,0.2157946135851998,0.3828208376119775
4.720544448376343,23.62979223631942,6.166582120569623,1.896373369036045,0.36933788451996036,0.1745966135851998,0.4231038376119775
4.720544448376343,23.62979223631942,6.166582120569623,1.896373369036045,0.36933788451996036,0.1745966135851998,0.4231038376119775
4.720544448376343,23.891592236319415,6.126912120569623,2.1224733690360473,0.38673298451996035,0.29910761358519977,0.3965528376119775
4.720544448376343,23.891592236319415,6.126912120569623,2.1224733690360473,0.38673298451996035,0.29910761358519977,0.3965528376119775
4.720544448376343,23.891592236319415,6.126912120569623,2.1224733690360473,0.38673298451996035,0.29910761358519977,0.3965528376119775
4.609454448376343,24.11779223631942,6.019792120569623,2.384373369036048,0.2576435845199604,0.2231196135851998,0.3635938376119775
4.649134448376342,24.232792236319415,6.091212120569623,2.384373369036048,0.20454308451996037,0.2295276135851998,0.4102858376119775
4.831624448376342,24.193192236319415,6.019792120569623,2.495473369036045,0.22193808451996036,0.2569936135851998,0.3700028376119775
4.756244448376342,24.11779223631942,6.126912120569623,2.570773369036047,0.32264608451996035,0.2917836135851998,0.3700028376119775
4.684834448376343,24.04239223631942,6.238002120569623,2.570773369036047,0.38673298451996035,0.30551661358519977,0.4432448376119775
4.756244448376342,24.193192236319415,6.238002120569623,2.570773369036047,0.49934308451996035,0.3201656135851998,0.34345283761197754
4.795924448376343,24.157492236319417,6.238002120569623,2.570773369036047,0.46363708451996033,0.2643176135851998,0.3828208376119775
4.867334448376343,24.082092236319415,6.202292120569623,2.610473369036047,0.34004105451996036,0.2643176135851998,0.3635938376119775
4.795924448376343,24.04239223631942,6.166582120569623,2.610473369036047,0.33454788451996037,0.2780506135851998,0.3764118376119775
4.831624448376342,23.891592236319415,6.238002120569623,2.495473369036045,0.28694048451996035,0.3128406135851998,0.4102858376119775
4.795924448376343,23.740892236319414,6.313372120569623,2.610473369036047,0.16334408451996035,0.3403066135851998,0.3901448376119775
4.903034448376342,23.93129223631942,6.238002120569623,2.4200733690360465,0.22834708451996036,0.3686881135851998,0.4771198376119775
4.903034448376342,23.891592236319415,6.313372120569623,2.3446733690360446,0.26313678451996037,0.3476306135851998,0.4029618376119775
4.867334448376343,23.855892236319416,6.238002120569623,2.2692733690360463,0.24574178451996037,0.2917836135851998,0.30957783761197755
4.903034448376342,23.780592236319418,6.126912120569623,2.158173369036046,0.2933491845199604,0.29910761358519977,0.4707108376119775
4.720544448376343,23.780592236319418,6.238002120569623,1.9717733690360468,0.31623738451996036,0.3686881135851998,0.3965528376119775
4.720544448376343,23.780592236319418,6.273702120569623,1.8209733690360466,0.22834708451996036,0.3888297135851998,0.4231038376119775
4.756244448376342,23.740892236319414,6.055502120569623,1.7455733690360447,0.2750385845199604,0.4098868135851998,0.4505698376119775
4.831624448376342,23.891592236319415,6.091212120569623,1.7813733690360465,0.2750385845199604,0.3540396135851998,0.34986183761197753
4.720544448376343,23.855892236319416,6.126912120569623,1.6305733690360462,0.21095208451996036,0.3540396135851998,0.4102858376119775
4.867334448376343,23.816292236319416,6.091212120569623,1.5194733690360458,0.33454788451996037,0.3613636135851998,0.3764118376119775
4.756244448376342,23.816292236319416,6.202292120569623,1.670273369036046,0.3986347845199604,0.4098868135851998,0.3764118376119775
4.903034448376342,23.740892236319414,6.091212120569623,1.5948733690360477,0.42793168451996033,0.3888297135851998,0.3965528376119775
4.831624448376342,23.66549223631942,6.202292120569623,1.6305733690360462,0.42243848451996036,0.3824210135851998,0.4102858376119775
4.795924448376343,23.590092236319418,6.238002120569623,1.5948733690360477,0.33454788451996037,0.3403066135851998,0.3700028376119775
4.903034448376342,23.66549223631942,6.126912120569623,1.5551733690360479,0.4169453845199604,0.3128406135851998,0.3562698376119775
4.978414448376342,23.816292236319416,6.273702120569623,1.5551733690360479,0.45173508451996036,0.3824210135851998,0.4569778376119775
4.978414448376342,23.816292236319416,6.273702120569623,1.5551733690360479,0.45173508451996036,0.3824210135851998,0.4569778376119775
4.942714448376343,23.855892236319416,6.273702120569623,1.5551733690360479,0.46913008451996036,0.3961539135851998,0.3764118376119775
4.942714448376343,23.891592236319415,6.349082120569623,1.5194733690360458,0.49293408451996035,0.4172110135851998,0.27570383761197753
4.978414448376342,23.93129223631942,6.166582120569623,1.6305733690360462,0.42243848451996036,0.3540396135851998,0.3764118376119775
4.942714448376343,23.891592236319415,6.202292120569623,1.670273369036046,0.39314168451996034,0.24326061358519982,0.3901448376119775
4.942714448376343,23.855892236319416,6.202292120569623,1.7455733690360447,0.34553422051996036,0.2020616135851998,0.3635938376119775
4.903034448376342,24.00669223631942,6.166582120569623,1.670273369036046,0.4874410845199604,0.3201656135851998,0.4231038376119775
4.903034448376342,24.082092236319415,6.273702120569623,1.8209733690360466,0.5167380845199604,0.3338976135851998,0.3828208376119775
5.014124448376342,24.11779223631942,6.273702120569623,1.856673369036045,0.5286400845199604,0.29910761358519977,0.3764118376119775
5.089504448376342,24.157492236319417,6.238002120569623,1.856673369036045,0.4169453845199604,0.30551661358519977,0.4166948376119775
5.014124448376342,24.11779223631942,6.273702120569623,1.9717733690360468,0.30433548451996034,0.2917836135851998,0.4505698376119775
5.014124448376342,24.11779223631942,6.273702120569623,2.0828733690360473,0.26954548451996035,0.3888297135851998,0.34345283761197754
4.903034448376342,24.082092236319415,6.238002120569623,2.1978733690360457,0.23384008451996036,0.4794669135851998,0.3901448376119775
4.942714448376343,24.157492236319417,6.273702120569623,2.2335733690360478,0.26954548451996035,0.4996085135851998,0.3901448376119775
5.049824448376342,24.343892236319416,6.349082120569623,2.2692733690360463,0.32264608451996035,0.4584097535851998,0.3764118376119775
5.125204448376342,24.53039223631942,6.349082120569623,2.308973369036046,0.2933491845199604,0.3403066135851998,0.3901448376119775
5.089504448376342,24.570092236319415,6.349082120569623,2.4597733690360464,0.31623738451996036,0.3476306135851998,0.3764118376119775
5.125204448376342,24.53039223631942,6.349082120569623,2.4597733690360464,0.34004105451996036,0.3824210135851998,0.4231038376119775
4.978414448376342,24.53039223631942,6.420492120569623,2.6461733690360454,0.2814472845199604,0.3888297135851998,0.34986183761197753
5.125204448376342,24.49469223631942,6.349082120569623,2.6858733690360452,0.31074418451996033,0.4794669135851998,0.4771198376119775
5.125204448376342,24.49469223631942,6.349082120569623,2.6858733690360452,0.31074418451996033,0.4794669135851998,0.4771198376119775
5.049824448376342,24.796192236319417,6.313372120569623,2.4200733690360465,0.30433548451996034,0.3613636135851998,0.30957783761197755
5.014124448376342,24.831892236319415,6.349082120569623,2.4200733690360465,0.36933788451996036,0.4025626135851998,0.4432448376119775
5.049824448376342,24.68109223631942,6.460162120569623,2.495473369036045,0.4462420845199604,0.4309439135851998,0.4166948376119775
5.049824448376342,24.75649223631942,6.495872120569623,2.535073369036045,0.46363708451996033,0.4721426635851998,0.3361288376119775
5.049824448376342,24.75649223631942,6.495872120569623,2.495473369036045,0.46913008451996036,0.4648184475851998,0.3901448376119775
5.089504448376342,24.64539223631942,6.495872120569623,2.570773369036047,0.43983358451996035,0.3750968135851998,0.4231038376119775
5.089504448376342,24.64539223631942,6.495872120569623,2.570773369036047,0.43983358451996035,0.3750968135851998,0.4231038376119775
5.089504448376342,24.64539223631942,6.384782120569623,2.570773369036047,0.42793168451996033,0.29910761358519977,0.3361288376119775
5.014124448376342,24.75649223631942,6.313372120569623,2.4200733690360465,0.49293408451996035,0.3201656135851998,0.4368368376119775
4.831624448376342,24.75649223631942,6.313372120569623,2.3446733690360446,0.5579360845199604,0.3686881135851998,0.4166948376119775
4.831624448376342,24.796192236319417,6.313372120569623,2.308973369036046,0.4810320845199604,0.4098868135851998,0.34986183761197753
4.867334448376343,24.796192236319417,6.126912120569623,2.2335733690360478,0.46363708451996033,0.4025626135851998,0.4102858376119775
4.903034448376342,24.75649223631942,6.202292120569623,2.2692733690360463,0.45173508451996036,0.4025626135851998,0.4231038376119775
4.978414448376342,24.720792236319415,6.238002120569623,2.2335733690360478,0.32264608451996035,0.3824210135851998,0.34986183761197753
4.867334448376343,24.75649223631942,6.126912120569623,2.1224733690360473,0.4169453845199604,0.4510855135851998,0.3635938376119775
4.756244448376342,24.796192236319417,6.202292120569623,2.047173369036045,0.5286400845199604,0.5069327135851998,0.4304278376119775
4.684834448376343,24.75649223631942,6.166582120569623,2.1224733690360473,0.5698380845199604,0.4309439135851998,0.3700028376119775
4.756244448376342,24.75649223631942,6.055502120569623,2.0074733690360453,0.5222310845199604,0.3476306135851998,0.3828208376119775
4.795924448376343,24.796192236319417,6.055502120569623,1.932073369036047,0.5103290845199604,0.3476306135851998,0.3700028376119775
4.573754448376342,24.720792236319415,5.908712120569623,2.047173369036045,0.40504348451996036,0.4931998135851998,0.3901448376119775
4.573754448376342,24.720792236319415,5.908712120569623,2.047173369036045,0.40504348451996036,0.4931998135851998,0.3901448376119775
4.4626644483763425,24.60579223631942,5.873002120569623,2.0828733690360473,0.32264608451996035,0.5417227135851999,0.34345283761197754
4.573754448376342,24.68109223631942,5.908712120569623,1.9717733690360468,0.3281391845199604,0.5554556135851998,0.4835288376119775
4.573754448376342,24.720792236319415,5.908712120569623,1.8209733690360466,0.39314168451996034,0.4931998135851998,0.34986183761197753
4.649134448376342,24.60579223631942,5.873002120569623,1.8209733690360466,0.34553422051996036,0.3403066135851998,0.34986183761197753
4.573754448376342,24.45899223631942,5.908712120569623,1.7455733690360447,0.42793168451996033,0.3824210135851998,0.4368368376119775
4.573754448376342,24.45899223631942,5.908712120569623,1.7455733690360447,0.42793168451996033,0.3824210135851998,0.4368368376119775
4.502344448376342,24.45899223631942,5.984092120569623,1.5948733690360477,0.34004105451996036,0.6177116135851998,0.4029618376119775
4.5380444483763425,24.26849223631942,5.873002120569623,1.5551733690360479,0.34553422051996036,0.6525016135851998,0.4029618376119775
4.609454448376343,24.26849223631942,5.908712120569623,1.479773369036046,0.35743608451996034,0.5481314135851998,0.3297198376119775
4.573754448376342,24.38359223631942,5.944422120569623,1.4044733690360474,0.35194291451996035,0.4858756135851998,0.4633868376119775
4.573754448376342,24.38359223631942,5.908712120569623,1.3290733690360454,0.45814408451996036,0.4098868135851998,0.4304278376119775
4.573754448376342,24.38359223631942,5.908712120569623,1.3290733690360454,0.45814408451996036,0.4098868135851998,0.4304278376119775
4.502344448376342,24.308192236319417,5.908712120569623,1.4044733690360474,0.5515280845199604,0.4648184475851998,0.3233108376119775
4.502344448376342,24.343892236319416,5.944422120569623,1.4044733690360474,0.5634300845199604,0.5618643135851998,0.4029618376119775
4.502344448376342,24.38359223631942,5.837302120569623,1.5948733690360477,0.5286400845199604,0.5618643135851998,0.3764118376119775
4.244464448376342,24.419292236319418,5.726222120569623,1.7813733690360465,0.43983358451996035,0.4721426635851998,0.4368368376119775
4.355554448376342,24.49469223631942,5.837302120569623,1.670273369036046,0.46363708451996033,0.43735261358519983,0.34986183761197753
4.426964448376342,24.49469223631942,5.797632120569623,1.7059733690360481,0.5167380845199604,0.4648184475851998,0.4505698376119775
4.355554448376342,24.53039223631942,5.797632120569623,1.7813733690360465,0.5103290845199604,0.4931998135851998,0.4231038376119775
4.315874448376342,24.570092236319415,5.761922120569623,1.7813733690360465,0.5698380845199604,0.4931998135851998,0.30957783761197755
4.280174448376342,24.64539223631942,5.837302120569623,1.896373369036045,0.5634300845199604,0.4721426635851998,0.4505698376119775
4.315874448376342,24.68109223631942,5.873002120569623,1.932073369036047,0.46363708451996033,0.4721426635851998,0.4029618376119775
4.208764448376343,24.720792236319415,5.873002120569623,2.0828733690360473,0.43983358451996035,0.4996085135851998,0.3562698376119775
4.208764448376343,24.75649223631942,5.690512120569624,2.158173369036046,0.5103290845199604,0.5206656135851998,0.4368368376119775
4.169084448376342,24.831892236319415,5.837302120569623,2.2335733690360478,0.5286400845199604,0.5417227135851999,0.3965528376119775
4.315874448376342,24.946892236319417,5.797632120569623,2.2692733690360463,0.49934308451996035,0.4584097535851998,0.34345283761197754
4.426964448376342,25.173092236319416,5.6508421205696235,2.384373369036048,0.5167380845199604,0.3476306135851998,0.3764118376119775
4.391254448376342,25.13339223631942,5.797632120569623,2.4597733690360464,0.45173508451996036,0.3888297135851998,0.4029618376119775
4.244464448376342,25.173092236319416,5.797632120569623,2.495473369036045,0.37574658451996035,0.43735261358519983,0.3361288376119775
4.244464448376342,25.284192236319416,5.797632120569623,2.495473369036045,0.42243848451996036,0.5069327135851998,0.34986183761197753
4.426964448376342,25.323792236319417,5.726222120569623,2.4597733690360464,0.40504348451996036,0.5902456135851998,0.4633868376119775
4.426964448376342,25.284192236319416,5.908712120569623,2.535073369036045,0.3986347845199604,0.5691886135851998,0.3828208376119775
4.355554448376342,25.51029223631942,5.873002120569623,2.4200733690360465,0.38673298451996035,0.4996085135851998,0.3361288376119775
4.355554448376342,25.700692236319416,5.761922120569623,2.384373369036048,0.4169453845199604,0.4309439135851998,0.4166948376119775
4.355554448376342,25.736392236319414,5.837302120569623,2.4200733690360465,0.3986347845199604,0.4584097535851998,0.3297198376119775
4.4626644483763425,25.736392236319414,5.837302120569623,2.4597733690360464,0.31074418451996033,0.5829216135851998,0.3828208376119775
4.5380444483763425,25.811792236319416,5.761922120569623,2.384373369036048,0.29884228451996037,0.6177116135851998,0.3635938376119775
4.315874448376342,25.811792236319416,5.797632120569623,2.2335733690360478,0.32264608451996035,0.5618643135851998,0.3635938376119775
4.391254448376342,25.776092236319418,5.873002120569623,2.384373369036048,0.3812397845199604,0.4931998135851998,0.4633868376119775
4.5380444483763425,25.811792236319416,5.908712120569623,2.384373369036048,0.4810320845199604,0.4172110135851998,0.3828208376119775
4.573754448376342,25.811792236319416,5.944422120569623,2.4200733690360465,0.5579360845199604,0.4858756135851998,0.3562698376119775
4.5380444483763425,25.926892236319414,6.019792120569623,2.384373369036048,0.6110370845199604,0.5554556135851998,0.4368368376119775
4.609454448376343,25.96259223631942,5.984092120569623,2.4597733690360464,0.6522360845199604,0.43735261358519983,0.3901448376119775
4.649134448376342,25.887192236319418,5.984092120569623,2.535073369036045,0.5167380845199604,0.30551661358519977,0.3562698376119775
4.5380444483763425,25.926892236319414,6.055502120569623,2.7215733690360473,0.5460350845199604,0.3338976135851998,0.4304278376119775
4.5380444483763425,25.99829223631942,5.984092120569623,2.6461733690360454,0.5634300845199604,0.4236197135851998,0.3901448376119775
4.609454448376343,26.07369223631942,5.944422120569623,2.610473369036047,0.5222310845199604,0.5554556135851998,0.4029618376119775
4.649134448376342,26.14899223631942,5.944422120569623,2.6858733690360452,0.5579360845199604,0.6250356135851998,0.4633868376119775
4.609454448376343,26.11329223631942,6.091212120569623,2.610473369036047,0.6403340845199603,0.3888297135851998,0.3361288376119775
4.609454448376343,26.11329223631942,6.091212120569623,2.610473369036047,0.6403340845199603,0.3888297135851998,0.3361288376119775
4.609454448376343,26.14899223631942,6.202292120569623,2.4200733690360465,0.5634300845199604,0.3750968135851998,0.4569778376119775
4.795924448376343,26.11329223631942,6.055502120569623,2.495473369036045,0.5991350845199603,0.4858756135851998,0.4633868376119775
4.795924448376343,25.926892236319414,6.126912120569623,2.4200733690360465,0.6403340845199603,0.6177116135851998,0.3031698376119775
4.684834448376343,25.926892236319414,6.126912120569623,2.495473369036045,0.5927270845199604,0.6387686135851998,0.4304278376119775
4.756244448376342,26.07369223631942,6.091212120569623,2.384373369036048,0.5872330845199604,0.5481314135851998,0.4166948376119775
4.756244448376342,26.07369223631942,6.166582120569623,2.308973369036046,0.45814408451996036,0.4309439135851998,0.3031698376119775
4.720544448376343,25.96259223631942,6.091212120569623,2.308973369036046,0.42243848451996036,0.4794669135851998,0.4505698376119775
4.684834448376343,25.811792236319416,6.055502120569623,2.308973369036046,0.45814408451996036,0.6525016135851998,0.4166948376119775
4.573754448376342,25.85149223631942,5.984092120569623,2.2692733690360463,0.4874410845199604,0.6872916135851999,0.3635938376119775
4.684834448376343,25.887192236319418,6.055502120569623,2.2335733690360478,0.5405410845199603,0.6726436135851999,0.4707108376119775
4.684834448376343,25.811792236319416,6.091212120569623,2.3446733690360446,0.46913008451996036,0.5691886135851998,0.3635938376119775
4.720544448376343,25.776092236319418,5.944422120569623,2.3446733690360446,0.42793168451996033,0.4309439135851998,0.3159868376119775
4.502344448376342,25.700692236319416,5.984092120569623,2.2692733690360463,0.49934308451996035,0.5343985135851999,0.4432448376119775
4.502344448376342,25.661092236319416,5.873002120569623,2.1978733690360457,0.4105366845199604,0.6589106135851999,0.3700028376119775
4.573754448376342,25.700692236319416,5.837302120569623,2.1978733690360457,0.34004105451996036,0.7211656135851998,0.4029618376119775
4.502344448376342,25.736392236319414,5.873002120569623,2.158173369036046,0.40504348451996036,0.6525016135851998,0.4707108376119775
4.280174448376342,25.736392236319414,5.944422120569623,2.047173369036045,0.5405410845199603,0.5481314135851998,0.34986183761197753
4.391254448376342,25.625392236319417,5.837302120569623,1.932073369036047,0.6110370845199604,0.5765126135851998,0.4166948376119775
4.5380444483763425,25.549992236319415,5.873002120569623,1.896373369036045,0.6522360845199604,0.6250356135851998,0.4432448376119775
4.4626644483763425,25.39919223631942,5.873002120569623,1.856673369036045,0.6870260845199604,0.6177116135851998,0.3901448376119775
4.169084448376342,25.284192236319416,5.837302120569623,1.932073369036047,0.6751240845199604,0.5133414135851998,0.3700028376119775
4.0619744483763425,25.284192236319416,5.726222120569623,1.856673369036045,0.6815330845199603,0.4794669135851998,0.4102858376119775
4.097674448376343,25.323792236319417,5.6508421205696235,1.856673369036045,0.5579360845199604,0.5765126135851998,0.3562698376119775
4.280174448376342,25.359492236319415,5.615132120569624,1.7813733690360465,0.5286400845199604,0.6799676135851997,0.4569778376119775
4.097674448376343,25.323792236319417,5.6508421205696235,1.8209733690360466,0.6522360845199604,0.6387686135851998,0.4707108376119775
4.022304448376342,25.248492236319418,5.690512120569624,1.7813733690360465,0.6696310845199603,0.5417227135851999,0.3297198376119775
4.022304448376342,25.173092236319416,5.761922120569623,1.670273369036046,0.6815330845199603,0.4858756135851998,0.3700028376119775
4.315874448376342,25.173092236319416,5.726222120569623,1.670273369036046,0.5991350845199603,0.5279898135851998,0.4368368376119775
4.280174448376342,25.248492236319418,5.726222120569623,1.7059733690360481,0.6229390845199604,0.6314446135851999,0.4029618376119775
3.9508844483763426,25.09769223631942,5.797632120569623,1.7813733690360465,0.7227310845199604,0.6589106135851999,0.3635938376119775
3.9508844483763426,25.09769223631942,5.797632120569623,1.7813733690360465,0.7227310845199604,0.6589106135851999,0.3635938376119775
4.133384448376343,25.284192236319416,5.726222120569623,1.7455733690360447,0.6110370845199604,0.5829216135851998,0.34345283761197754
4.133384448376343,25.284192236319416,5.726222120569623,1.7455733690360447,0.6110370845199604,0.5829216135851998,0.34345283761197754
4.169084448376342,25.661092236319416,5.690512120569624,1.7813733690360465,0.4874410845199604,0.6451776135851999,0.4707108376119775
4.022304448376342,25.549992236319415,5.873002120569623,1.932073369036047,0.49934308451996035,0.6937006135851997,0.34345283761197754
4.169084448376342,25.47459223631942,5.944422120569623,2.047173369036045,0.5405410845199603,0.6387686135851998,0.3965528376119775
4.355554448376342,25.661092236319416,6.019792120569623,2.047173369036045,0.5991350845199603,0.6451776135851999,0.3965528376119775
4.391254448376342,25.776092236319418,6.055502120569623,2.0074733690360453,0.5286400845199604,0.6589106135851999,0.3700028376119775
4.315874448376342,25.85149223631942,6.055502120569623,2.158173369036046,0.5579360845199604,0.6799676135851997,0.3901448376119775
4.280174448376342,25.887192236319418,5.984092120569623,2.2692733690360463,0.5991350845199603,0.7632806135851998,0.3901448376119775
4.391254448376342,25.776092236319418,5.984092120569623,2.2335733690360478,0.43983358451996035,0.8044786135851998,0.3764118376119775
4.315874448376342,25.85149223631942,5.873002120569623,2.158173369036046,0.35194291451996035,0.7696886135851998,0.3562698376119775
4.169084448376342,25.887192236319418,5.944422120569623,2.1978733690360457,0.3986347845199604,0.7632806135851998,0.4432448376119775
4.208764448376343,25.926892236319414,5.984092120569623,2.308973369036046,0.46363708451996033,0.7147576135851998,0.3828208376119775
4.244464448376342,26.03789223631942,5.908712120569623,2.2692733690360463,0.5579360845199604,0.6525016135851998,0.30957783761197755
4.355554448376342,26.07369223631942,5.908712120569623,2.1978733690360457,0.6934350845199604,0.6314446135851999,0.4304278376119775
4.315874448376342,26.11329223631942,5.984092120569623,2.158173369036046,0.7108300845199604,0.6103876135851998,0.3635938376119775
4.280174448376342,26.14899223631942,5.944422120569623,2.2692733690360463,0.7987200845199603,0.5417227135851999,0.3635938376119775
4.208764448376343,26.14899223631942,5.944422120569623,2.4597733690360464,0.7932270845199604,0.5279898135851998,0.4908528376119775
4.133384448376343,26.22439223631942,5.944422120569623,2.495473369036045,0.7227310845199604,0.6177116135851998,0.4102858376119775
4.244464448376342,26.264092236319417,5.908712120569623,2.495473369036045,0.6165300845199604,0.7211656135851998,0.2958448376119775
4.244464448376342,26.264092236319417,5.908712120569623,2.495473369036045,0.6165300845199604,0.7211656135851998,0.2958448376119775
4.208764448376343,26.22439223631942,5.908712120569623,2.4597733690360464,0.5167380845199604,0.7696886135851998,0.4432448376119775
4.169084448376342,26.33949223631942,5.944422120569623,2.4597733690360464,0.6284320845199604,0.7074336135851998,0.4368368376119775
4.355554448376342,26.49019223631942,6.019792120569623,2.4200733690360465,0.6522360845199604,0.6250356135851998,0.3159868376119775
4.4626644483763425,26.450492236319416,6.126912120569623,2.570773369036047,0.5817400845199604,0.6177116135851998,0.3965528376119775
4.426964448376342,26.450492236319416,6.091212120569623,2.495473369036045,0.7108300845199604,0.6451776135851999,0.3965528376119775
4.426964448376342,26.450492236319416,6.126912120569623,2.4597733690360464,0.7639300845199604,0.7074336135851998,0.3700028376119775
4.355554448376342,26.299792236319416,6.202292120569623,2.570773369036047,0.7877340845199603,0.7495476135851998,0.3764118376119775
4.391254448376342,26.375192236319418,6.091212120569623,2.535073369036045,0.7639300845199604,0.6937006135851997,0.3700028376119775
4.4626644483763425,26.49019223631942,6.091212120569623,2.4597733690360464,0.6815330845199603,0.5902456135851998,0.4569778376119775
4.355554448376342,26.640992236319416,6.126912120569623,2.4597733690360464,0.6165300845199604,0.6039786135851998,0.3635938376119775
4.244464448376342,26.640992236319416,6.091212120569623,2.3446733690360446,0.5872330845199604,0.6799676135851997,0.3700028376119775
4.169084448376342,26.525892236319418,6.019792120569623,2.4200733690360465,0.5753310845199604,0.7843376135851998,0.4368368376119775
4.280174448376342,26.525892236319418,6.055502120569623,2.4200733690360465,0.6403340845199603,0.8392696135851998,0.4029618376119775
4.208764448376343,26.676692236319415,5.984092120569623,2.4597733690360464,0.5698380845199604,0.7559566135851998,0.4231038376119775
4.097674448376343,26.676692236319415,6.019792120569623,2.495473369036045,0.5460350845199604,0.6451776135851999,0.4231038376119775
4.133384448376343,26.640992236319416,5.908712120569623,2.570773369036047,0.6165300845199604,0.5691886135851998,0.4166948376119775
3.9865944483763425,26.49019223631942,5.944422120569623,2.535073369036045,0.5341330845199603,0.6387686135851998,0.3965528376119775
3.9508844483763426,26.414792236319418,5.837302120569623,2.495473369036045,0.5048360845199604,0.8255366135851998,0.4231038376119775
3.9508844483763426,26.450492236319416,5.6508421205696235,2.4200733690360465,0.5634300845199604,0.8667346135851999,0.4368368376119775
3.8398044483763423,26.565592236319414,5.761922120569623,2.4200733690360465,0.5460350845199604,0.7358146135851997,0.34986183761197753
3.8398044483763423,26.676692236319415,5.837302120569623,2.4597733690360464,0.6522360845199604,0.6589106135851999,0.3700028376119775
3.8040944483763424,26.676692236319415,5.797632120569623,2.384373369036048,0.7401260845199604,0.6039786135851998,0.4102858376119775
3.8040944483763424,26.565592236319414,5.690512120569624,2.4200733690360465,0.7465350845199603,0.6525016135851998,0.34986183761197753
3.7287244483763424,26.525892236319418,5.726222120569623,2.495473369036045,0.7575210845199604,0.7495476135851998,0.4029618376119775
3.6573144483763422,26.450492236319416,5.6508421205696235,2.4200733690360465,0.7575210845199604,0.7358146135851997,0.4771198376119775
3.5462244483763423,26.60129223631942,5.726222120569623,2.384373369036048,0.7877340845199603,0.6039786135851998,0.3562698376119775
3.6216044483763423,26.716392236319418,5.690512120569624,2.3446733690360446,0.7401260845199604,0.5417227135851999,0.3764118376119775
3.6573144483763422,26.752092236319417,5.615132120569624,2.4200733690360465,0.7575210845199604,0.5902456135851998,0.4304278376119775
3.6216044483763423,26.791692236319417,5.726222120569623,2.3446733690360446,0.7987200845199603,0.7074336135851998,0.3965528376119775
3.5462244483763423,26.676692236319415,5.797632120569623,2.4597733690360464,0.7575210845199604,0.8044786135851998,0.3764118376119775
3.6216044483763423,26.414792236319418,5.761922120569623,2.570773369036047,0.6870260845199604,0.7284906135851998,0.3764118376119775
3.6930144483763425,26.525892236319418,5.726222120569623,2.4200733690360465,0.6522360845199604,0.5691886135851998,0.4029618376119775
3.6930144483763425,26.565592236319414,5.690512120569624,2.535073369036045,0.6641380845199604,0.5343985135851999,0.4166948376119775
3.7287244483763424,26.565592236319414,5.797632120569623,2.495473369036045,0.7813250845199604,0.5765126135851998,0.3965528376119775
3.8398044483763423,26.60129223631942,5.797632120569623,2.535073369036045,0.7758320845199604,0.6726436135851999,0.3700028376119775
3.875514448376342,26.716392236319418,5.761922120569623,2.4597733690360464,0.7575210845199604,0.7422236135851998,0.4231038376119775
3.875514448376342,26.716392236319418,5.761922120569623,2.4597733690360464,0.7575210845199604,0.7422236135851998,0.4231038376119775
3.7683944483763425,26.565592236319414,5.797632120569623,2.4200733690360465,0.7108300845199604,0.7422236135851998,0.3361288376119775
3.7683944483763425,26.525892236319418,5.837302120569623,2.4597733690360464,0.5341330845199603,0.6872916135851999,0.3828208376119775
3.8040944483763424,26.640992236319416,5.761922120569623,2.384373369036048,0.5103290845199604,0.7010246135851999,0.4231038376119775
3.8040944483763424,26.86709223631942,5.726222120569623,2.4597733690360464,0.5927270845199604,0.8118036135851998,0.3764118376119775
3.9865944483763425,26.97819223631942,5.908712120569623,2.308973369036046,0.6403340845199603,0.8465936135851998,0.3764118376119775
3.9865944483763425,26.97819223631942,5.908712120569623,2.308973369036046,0.6403340845199603,0.8465936135851998,0.3764118376119775
4.022304448376342,27.05359223631942,5.944422120569623,2.3446733690360446,0.6339250845199604,0.7632806135851998,0.4231038376119775
3.9508844483763426,26.86709223631942,5.908712120569623,2.495473369036045,0.47553908451996035,0.7147576135851998,0.3635938376119775
4.0619744483763425,26.791692236319417,5.908712120569623,2.495473369036045,0.4462420845199604,0.7422236135851998,0.3700028376119775
4.022304448376342,26.791692236319417,5.944422120569623,2.495473369036045,0.5103290845199604,0.8603266135851998,0.4304278376119775
3.9151844483763423,26.97819223631942,5.984092120569623,2.535073369036045,0.6284320845199604,0.9573726135851999,0.3700028376119775
4.0619744483763425,26.97819223631942,6.019792120569623,2.495473369036045,0.7282250845199604,0.9289906135851997,0.3828208376119775
4.244464448376342,26.86709223631942,6.055502120569623,2.535073369036045,0.7282250845199604,0.7980706135851998,0.4569778376119775
4.355554448376342,26.86709223631942,6.126912120569623,2.4200733690360465,0.7758320845199604,0.6525016135851998,0.3901448376119775
4.208764448376343,26.752092236319417,6.202292120569623,2.495473369036045,0.8225240845199604,0.5481314135851998,0.4231038376119775
4.133384448376343,26.60129223631942,6.202292120569623,2.570773369036047,0.7932270845199604,0.5765126135851998,0.3965528376119775
4.244464448376342,26.49019223631942,6.273702120569623,2.6461733690360454,0.8170310845199604,0.7495476135851998,0.3828208376119775
4.244464448376342,26.565592236319414,6.202292120569623,2.535073369036045,0.7877340845199603,0.9500476135851998,0.3965528376119775
4.133384448376343,26.791692236319417,6.091212120569623,2.495473369036045,0.7346330845199603,0.9436396135851999,0.3700028376119775
4.022304448376342,26.902792236319417,6.126912120569623,2.384373369036048,0.7813250845199604,0.7770136135851998,0.4231038376119775
4.022304448376342,26.902792236319417,6.126912120569623,2.384373369036048,0.7813250845199604,0.7770136135851998,0.4231038376119775
4.0619744483763425,26.791692236319417,6.126912120569623,2.4200733690360465,0.7108300845199604,0.6589106135851999,0.3764118376119775
4.169084448376342,26.791692236319417,6.055502120569623,2.384373369036048,0.6229390845199604,0.6799676135851997,0.3361288376119775
4.0619744483763425,26.640992236319416,6.019792120569623,2.308973369036046,0.7053360845199603,0.7843376135851998,0.4304278376119775
3.9151844483763423,26.565592236319414,6.091212120569623,2.384373369036048,0.7639300845199604,0.8465936135851998,0.3700028376119775
3.9151844483763423,26.525892236319418,6.091212120569623,2.495473369036045,0.8399190845199603,0.8255366135851998,0.3700028376119775
3.9865944483763425,26.716392236319418,5.984092120569623,2.3446733690360446,0.8106220845199603,0.7211656135851998,0.3635938376119775
3.9151844483763423,26.791692236319417,5.944422120569623,2.1978733690360457,0.7694230845199603,0.6662346135851998,0.3297198376119775
3.8040944483763424,26.86709223631942,5.944422120569623,2.158173369036046,0.7694230845199603,0.7559566135851998,0.49726083761197754
3.8040944483763424,26.86709223631942,5.944422120569623,2.158173369036046,0.7694230845199603,0.7559566135851998,0.49726083761197754
3.8040944483763424,26.716392236319418,5.944422120569623,2.2692733690360463,0.6696310845199603,0.8530016135851999,0.4029618376119775
3.7287244483763424,26.49019223631942,5.873002120569623,2.308973369036046,0.6815330845199603,0.9225816135851999,0.4707108376119775
3.7287244483763424,26.450492236319416,5.944422120569623,2.384373369036048,0.5515280845199604,0.8182116135851998,0.3965528376119775
3.7683944483763425,26.49019223631942,5.797632120569623,2.3446733690360446,0.5698380845199604,0.7211656135851998,0.3297198376119775
3.7287244483763424,26.450492236319416,5.797632120569623,2.4200733690360465,0.6165300845199604,0.8118036135851998,0.4505698376119775
3.6216044483763423,26.752092236319417,5.873002120569623,2.1978733690360457,0.6577290845199604,0.9573726135851999,0.34345283761197754
3.5819344483763422,26.676692236319415,5.908712120569623,2.308973369036046,0.6870260845199604,0.9436396135851999,0.4102858376119775
3.5819344483763422,26.676692236319415,5.944422120569623,2.3446733690360446,0.7575210845199604,0.8740596135851998,0.3965528376119775
3.6930144483763425,26.640992236319416,5.944422120569623,2.3446733690360446,0.7932270845199604,0.7495476135851998,0.4029618376119775
3.875514448376342,26.716392236319418,5.908712120569623,2.308973369036046,0.8289330845199603,0.7284906135851998,0.3700028376119775
3.875514448376342,26.60129223631942,5.944422120569623,2.308973369036046,0.8289330845199603,0.7980706135851998,0.3901448376119775
3.8398044483763423,26.60129223631942,5.944422120569623,2.2692733690360463,0.9049210845199603,0.7770136135851998,0.4368368376119775
3.6573144483763422,26.60129223631942,6.126912120569623,2.1978733690360457,0.9580220845199604,0.8044786135851998,0.3828208376119775
3.6573144483763422,26.791692236319417,6.091212120569623,2.1978733690360457,0.8344260845199604,0.8877916135851998,0.34986183761197753
3.7287244483763424,27.017892236319415,5.984092120569623,2.2692733690360463,0.7813250845199604,0.9436396135851999,0.3965528376119775
3.8398044483763423,26.97819223631942,5.908712120569623,2.2692733690360463,0.7575210845199604,0.9152576135851997,0.4231038376119775
3.8398044483763423,26.86709223631942,6.019792120569623,2.384373369036048,0.6870260845199604,0.8603266135851998,0.3562698376119775
3.6930144483763425,26.827392236319415,6.055502120569623,2.308973369036046,0.8051290845199603,0.7980706135851998,0.30957783761197755
3.7683944483763425,26.86709223631942,6.091212120569623,2.308973369036046,0.8344260845199604,0.7770136135851998,0.3901448376119775
3.9151844483763423,27.05359223631942,6.019792120569623,2.3446733690360446,0.8106220845199603,0.8182116135851998,0.3562698376119775
3.875514448376342,27.05359223631942,6.055502120569623,2.308973369036046,0.8756240845199603,0.9152576135851997,0.3700028376119775
3.9508844483763426,27.05359223631942,6.055502120569623,2.2692733690360463,0.8344260845199604,0.9088496135851998,0.3700028376119775
3.9508844483763426,27.05359223631942,6.091212120569623,2.158173369036046,0.8344260845199604,0.8603266135851998,0.3764118376119775
3.9151844483763423,27.05359223631942,6.126912120569623,2.1978733690360457,0.8170310845199604,0.8667346135851999,0.4368368376119775
3.9508844483763426,27.09319223631942,6.055502120569623,2.0828733690360473,0.6577290845199604,0.8951166135851998,0.4166948376119775
4.0619744483763425,27.168592236319416,6.091212120569623,2.1978733690360457,0.6165300845199604,0.9500476135851998,0.3233108376119775
3.9865944483763425,27.243992236319418,6.126912120569623,2.1978733690360457,0.7227310845199604,1.0397696135851997,0.4231038376119775
3.9865944483763425,27.279692236319416,6.238002120569623,2.1978733690360457,0.7108300845199604,0.9848376135851997,0.3965528376119775
4.0619744483763425,27.204292236319414,6.166582120569623,2.158173369036046,0.6934350845199604,0.8182116135851998,0.3031698376119775
3.9508844483763426,27.204292236319414,6.055502120569623,2.308973369036046,0.6696310845199603,0.8319446135851998,0.4166948376119775
3.8398044483763423,27.09319223631942,6.091212120569623,2.308973369036046,0.5817400845199604,1.0058946135851998,0.4304278376119775
3.6930144483763425,27.279692236319416,5.908712120569623,2.3446733690360446,0.5698380845199604,1.1093496135852,0.25556183761197754
3.7287244483763424,27.204292236319414,5.873002120569623,2.384373369036048,0.6165300845199604,1.1368156135852,0.4029618376119775
3.6216044483763423,27.243992236319418,5.944422120569623,2.4200733690360465,0.7053360845199603,1.0058946135851998,0.4707108376119775
3.6930144483763425,27.355092236319418,5.984092120569623,2.3446733690360446,0.7639300845199604,0.7843376135851998,0.34986183761197753
3.8040944483763424,27.394792236319415,5.873002120569623,2.3446733690360446,0.8399190845199603,0.7284906135851998,0.3965528376119775
3.6930144483763425,27.43049223631942,5.873002120569623,2.4597733690360464,0.8811180845199603,0.8182116135851998,0.4231038376119775
3.5819344483763422,27.46619223631942,5.837302120569623,2.495473369036045,0.9287250845199604,0.8530016135851999,0.3700028376119775
3.399434448376342,27.46619223631942,5.761922120569623,2.535073369036045,0.8994280845199604,0.8877916135851998,0.4102858376119775
3.2526444483763424,27.46619223631942,5.726222120569623,2.610473369036047,0.7987200845199603,0.9152576135851997,0.4029618376119775
3.1772644483763424,27.61689223631942,5.615132120569624,2.570773369036047,0.7987200845199603,0.9289906135851997,0.34345283761197754
3.1415644483763425,27.767692236319416,5.579432120569623,2.610473369036047,0.7639300845199604,0.8667346135851999,0.4505698376119775
3.1415644483763425,27.80739223631942,5.5080121205696235,2.570773369036047,0.7639300845199604,0.8182116135851998,0.34986183761197753
3.1415644483763425,27.80739223631942,5.5080121205696235,2.570773369036047,0.7639300845199604,0.8182116135851998,0.34986183761197753
3.105854448376342,27.843092236319418,5.5080121205696235,2.570773369036047,0.8344260845199604,0.8118036135851998,0.3700028376119775
3.0701544483763423,27.882692236319418,5.579432120569623,2.610473369036047,0.7987200845199603,0.7980706135851998,0.4633868376119775
2.9590644483763424,27.767692236319416,5.432642120569623,2.610473369036047,0.9049210845199603,0.8740596135851998,0.3965528376119775
2.9590644483763424,27.843092236319418,5.543722120569623,2.6461733690360454,0.8811180845199603,0.8877916135851998,0.4368368376119775
2.847984448376342,27.95809223631942,5.468342120569623,2.570773369036047,0.8637230845199604,0.7980706135851998,0.2894368376119775
2.923364448376342,27.99379223631942,5.396932120569623,2.4597733690360464,0.8344260845199604,0.7770136135851998,0.4304278376119775
2.923364448376342,27.99379223631942,5.396932120569623,2.4597733690360464,0.8344260845199604,0.7770136135851998,0.4304278376119775
2.9590644483763424,28.033492236319415,5.468342120569623,2.384373369036048,0.7346330845199603,0.8951166135851998,0.27570383761197753
2.9590644483763424,28.033492236319415,5.468342120569623,2.384373369036048,0.7346330845199603,0.8951166135851998,0.27570383761197753
3.0701544483763423,27.99379223631942,5.432642120569623,2.3446733690360446,0.7227310845199604,0.9500476135851998,0.4633868376119775
3.0701544483763423,27.918392236319416,5.6508421205696235,2.3446733690360446,0.7932270845199604,0.9637806135851998,0.3965528376119775
3.1415644483763425,27.80739223631942,5.797632120569623,2.3446733690360446,0.6641380845199604,0.9363146135851999,0.34986183761197753
3.1415644483763425,27.99379223631942,5.579432120569623,2.308973369036046,0.6696310845199603,0.9436396135851999,0.34345283761197754
3.2169444483763425,28.033492236319415,5.579432120569623,2.1978733690360457,0.6110370845199604,1.0333606135851998,0.3901448376119775
3.1415644483763425,28.06919223631942,5.761922120569623,2.047173369036045,0.5817400845199604,1.1029406135851998,0.3828208376119775
3.2169444483763425,27.95809223631942,5.6508421205696235,2.047173369036045,0.7108300845199604,1.0745596135851998,0.3828208376119775
3.324054448376342,27.882692236319418,5.873002120569623,1.9717733690360468,0.8399190845199603,0.9711046135851997,0.34345283761197754
3.324054448376342,27.882692236319418,5.873002120569623,1.9717733690360468,0.8399190845199603,0.9711046135851997,0.34345283761197754
3.5462244483763423,27.767692236319416,5.837302120569623,1.932073369036047,0.9937270845199604,0.8118036135851998,0.4166948376119775
3.399434448376342,27.882692236319418,5.984092120569623,1.932073369036047,0.9992210845199604,0.8118036135851998,0.34345283761197754
3.399434448376342,27.95809223631942,5.944422120569623,1.932073369036047,0.9287250845199604,0.9152576135851997,0.3828208376119775
3.4708444483763423,28.144592236319415,5.873002120569623,1.896373369036045,0.8994280845199604,0.9921626135851997,0.4102858376119775
3.4708444483763423,28.144592236319415,5.873002120569623,1.896373369036045,0.8994280845199604,0.9921626135851997,0.4102858376119775
3.5105244483763425,28.108892236319416,5.837302120569623,1.7813733690360465,0.8518210845199604,1.0470936135851998,0.3635938376119775
3.5105244483763425,28.18429223631942,5.908712120569623,1.7813733690360465,0.8106220845199603,1.0544176135852,0.3562698376119775
3.4708444483763423,28.18429223631942,5.837302120569623,1.932073369036047,0.8518210845199604,0.9363146135851999,0.3901448376119775
3.5462244483763423,27.99379223631942,5.908712120569623,1.9717733690360468,0.8463280845199603,0.8392696135851998,0.3031698376119775
3.399434448376342,27.95809223631942,6.019792120569623,2.0074733690360453,0.7877340845199603,0.8603266135851998,0.3901448376119775
3.4708444483763423,27.918392236319416,5.873002120569623,1.9717733690360468,0.9342180845199604,0.9848376135851997,0.3901448376119775
3.5462244483763423,27.918392236319416,5.873002120569623,1.9717733690360468,1.0166160845199603,1.0058946135851998,0.3361288376119775
3.5819344483763422,27.918392236319416,5.984092120569623,1.9717733690360468,0.9754170845199603,0.9711046135851997,0.3965528376119775
3.5819344483763422,27.95809223631942,5.944422120569623,1.896373369036045,0.9699240845199604,0.9289906135851997,0.4569778376119775
3.3637344483763423,27.99379223631942,5.797632120569623,1.9717733690360468,0.8811180845199603,0.8603266135851998,0.3297198376119775
3.1772644483763424,27.843092236319418,5.797632120569623,1.9717733690360468,0.7575210845199604,0.8804676135851999,0.30957783761197755
3.1772644483763424,27.80739223631942,5.615132120569624,1.9717733690360468,0.6522360845199604,1.0397696135851997,0.4368368376119775
3.1415644483763425,27.843092236319418,5.432642120569623,1.896373369036045,0.6934350845199604,1.1789296135851999,0.3297198376119775
2.9947744483763423,27.918392236319416,5.615132120569624,1.8209733690360466,0.7401260845199604,1.0882926135851998,0.34345283761197754
2.9590644483763424,27.767692236319416,5.543722120569623,1.8209733690360466,0.7575210845199604,0.9637806135851998,0.3828208376119775
2.9947744483763423,27.80739223631942,5.396932120569623,1.7455733690360447,0.8051290845199603,0.8667346135851999,0.4029618376119775
2.847984448376342,27.80739223631942,5.432642120569623,1.670273369036046,0.6870260845199604,0.9289906135851997,0.3562698376119775
2.847984448376342,27.69229223631942,5.361222120569623,1.670273369036046,0.6870260845199604,1.0681506135852,0.34986183761197753
2.847984448376342,27.656592236319415,5.178732120569624,1.670273369036046,0.7694230845199603,1.1304066135851998,0.4432448376119775
2.847984448376342,27.656592236319415,5.178732120569624,1.670273369036046,0.7694230845199603,1.1304066135851998,0.4432448376119775
2.847984448376342,27.656592236319415,5.178732120569624,1.670273369036046,0.7694230845199603,1.1304066135851998,0.4432448376119775
2.6654844483763425,27.69229223631942,5.543722120569623,1.5551733690360479,0.8463280845199603,0.9225816135851999,0.3635938376119775
2.7369044483763423,27.656592236319415,5.361222120569623,1.670273369036046,0.9223160845199604,0.8603266135851998,0.34986183761197753
2.923364448376342,27.61689223631942,5.321552120569623,1.670273369036046,0.9342180845199604,0.9225816135851999,0.3700028376119775
2.923364448376342,27.656592236319415,5.432642120569623,1.5948733690360477,0.9342180845199604,1.0470936135851998,0.4166948376119775
2.923364448376342,27.54159223631942,5.468342120569623,1.6305733690360462,0.9406270845199604,1.0608266135851998,0.3965528376119775
2.847984448376342,27.54159223631942,5.615132120569624,1.670273369036046,1.0111220845199602,0.9088496135851998,0.3764118376119775
2.7765744483763424,27.58119223631942,5.690512120569624,1.7455733690360447,0.9937270845199604,0.8182116135851998,0.3562698376119775
2.923364448376342,27.58119223631942,5.726222120569623,1.7455733690360447,0.9287250845199604,0.8804676135851999,0.34986183761197753
3.1415644483763425,27.61689223631942,5.615132120569624,1.7059733690360481,0.9461200845199603,1.0745596135851998,0.27570383761197753
3.1415644483763425,27.656592236319415,5.6508421205696235,1.7059733690360481,0.9049210845199603,1.2137196135851998,0.4166948376119775
2.923364448376342,27.58119223631942,5.761922120569623,1.7455733690360447,0.8994280845199604,1.1651966135851999,0.3965528376119775
2.923364448376342,27.54159223631942,5.761922120569623,1.7059733690360481,0.9406270845199604,0.9848376135851997,0.27570383761197753
3.0701544483763423,27.58119223631942,5.726222120569623,1.7455733690360447,0.9168230845199603,0.8951166135851998,0.4166948376119775
3.105854448376342,27.58119223631942,5.797632120569623,1.670273369036046,0.9525290845199603,0.9985706135851997,0.4102858376119775
3.2526444483763424,27.656592236319415,5.690512120569624,1.6305733690360462,0.9580220845199604,1.1029406135851998,0.3233108376119775
3.1415644483763425,27.61689223631942,5.690512120569624,1.670273369036046,0.9525290845199603,1.0196276135851998,0.4166948376119775
3.030474448376342,27.43049223631942,5.761922120569623,1.670273369036046,0.9168230845199603,0.9289906135851997,0.3828208376119775
3.030474448376342,27.46619223631942,5.690512120569624,1.7059733690360481,0.8051290845199603,0.9436396135851999,0.3965528376119775
3.1415644483763425,27.58119223631942,5.690512120569624,1.6305733690360462,0.8344260845199604,1.0882926135851998,0.34986183761197753
2.9947744483763423,27.54159223631942,5.615132120569624,1.7059733690360481,0.8344260845199604,1.1853386135851998,0.3901448376119775
3.1415644483763425,27.54159223631942,5.579432120569623,1.670273369036046,0.6641380845199604,1.1999866135851998,0.3764118376119775
3.030474448376342,27.50579223631942,5.468342120569623,1.670273369036046,0.6458270845199603,1.0681506135852,0.3562698376119775
2.847984448376342,27.50579223631942,5.432642120569623,1.7059733690360481,0.6046280845199603,0.9985706135851997,0.3965528376119775
2.6654844483763425,27.46619223631942,5.432642120569623,1.670273369036046,0.6696310845199603,1.0681506135852,0.4231038376119775
2.6654844483763425,27.43049223631942,5.396932120569623,1.6305733690360462,0.7813250845199604,1.1853386135851998,0.3828208376119775
2.7369044483763423,27.394792236319415,5.250142120569623,1.6305733690360462,0.8930190845199604,1.2063956135851999,0.34986183761197753
2.7765744483763424,27.31939223631942,5.321552120569623,1.7455733690360447,0.9818260845199603,1.0544176135852,0.3700028376119775
2.5901144483763425,27.279692236319416,5.361222120569623,1.6305733690360462,1.0578140845199604,0.8255366135851998,0.3562698376119775
2.4829944483763424,27.204292236319414,5.321552120569623,1.5948733690360477,1.0990130845199604,0.7495476135851998,0.3635938376119775
2.4433244483763423,27.05359223631942,5.285852120569623,1.5948733690360477,1.0697160845199605,0.8804676135851999,0.4368368376119775
2.4433244483763423,27.05359223631942,5.178732120569624,1.6305733690360462,0.9113300845199603,1.0818836135852,0.3828208376119775
2.3719044483763425,27.204292236319414,5.0319421205696235,1.6305733690360462,0.9223160845199604,1.1789296135851999,0.3159868376119775
2.1894144483763425,27.168592236319416,5.067652120569623,1.6305733690360462,0.9049210845199603,1.1441396135851998,0.4368368376119775
2.078334448376342,27.204292236319414,5.178732120569624,1.670273369036046,0.8225240845199604,0.9921626135851997,0.3562698376119775
2.1497444483763424,27.168592236319416,4.992272120569623,1.7059733690360481,0.8930190845199604,0.9289906135851997,0.3031698376119775
2.1140344483763425,27.128992236319416,5.0319421205696235,1.6305733690360462,0.9818260845199603,0.9637806135851998,0.5375448376119776
2.1140344483763425,27.128992236319416,5.0319421205696235,1.6305733690360462,0.9818260845199603,0.9637806135851998,0.5375448376119776
2.1894144483763425,27.204292236319414,5.0319421205696235,1.5194733690360458,0.9873190845199603,1.0882926135851998,0.34986183761197753
2.078334448376342,27.279692236319416,5.103352120569624,1.5948733690360477,1.0935200845199604,0.9775136135851998,0.5238118376119776
2.1140344483763425,27.243992236319418,5.139062120569624,1.5194733690360458,1.0230240845199603,0.9015246135851998,0.3233108376119775
2.296534448376342,27.355092236319418,5.103352120569624,1.479773369036046,0.9049210845199603,1.0058946135851998,0.3297198376119775
2.296534448376342,27.355092236319418,5.103352120569624,1.479773369036046,0.9049210845199603,1.0058946135851998,0.3297198376119775
2.296534448376342,27.355092236319418,4.9565621205696235,1.4044733690360474,0.8811180845199603,1.1853386135851998,0.5036698376119776
2.2251244483763424,27.243992236319418,5.0319421205696235,1.3687733690360453,0.7987200845199603,1.1789296135851999,0.3635938376119775
2.1497444483763424,27.128992236319416,5.139062120569624,1.4044733690360474,0.7282250845199604,1.0882926135851998,0.3361288376119775
2.078334448376342,27.128992236319416,5.067652120569623,1.4440733690360474,0.8637230845199604,1.0681506135852,0.4368368376119775
2.1497444483763424,27.204292236319414,5.103352120569624,1.4440733690360474,0.8875260845199604,1.0681506135852,0.3965528376119775
2.3719044483763425,27.243992236319418,5.103352120569624,1.4044733690360474,0.8170310845199604,1.1304066135851998,0.3297198376119775
2.4829944483763424,27.31939223631942,4.992272120569623,1.4044733690360474,0.8170310845199604,1.1441396135851998,0.4432448376119775
2.260824448376342,27.279692236319416,5.139062120569624,1.3290733690360454,0.8170310845199604,1.1514636135851999,0.3965528376119775
2.1894144483763425,27.243992236319418,5.178732120569624,1.293373369036047,0.7932270845199604,1.1578726135851998,0.34345283761197754
2.3362044483763422,27.204292236319414,5.250142120569623,1.253673369036047,0.8399190845199603,1.1926626135851999,0.4029618376119775
2.3362044483763422,27.31939223631942,5.321552120569623,1.293373369036047,0.8994280845199604,1.2201286135851999,0.4231038376119775
2.4076144483763424,27.43049223631942,5.361222120569623,1.293373369036047,0.9406270845199604,1.2137196135851998,0.3635938376119775
2.5901144483763425,27.43049223631942,5.361222120569623,1.1782733690360452,0.9406270845199604,1.1578726135851998,0.3700028376119775
2.6654844483763425,27.46619223631942,5.321552120569623,1.1425733690360467,1.0285180845199604,1.0544176135852,0.3562698376119775
2.4433244483763423,27.355092236319418,5.432642120569623,1.0671733690360448,1.0935200845199604,0.9775136135851998,0.4368368376119775
2.3719044483763425,27.355092236319418,5.396932120569623,0.9918733690360462,1.0523210845199604,1.0397696135851997,0.3764118376119775
2.4829944483763424,27.50579223631942,5.250142120569623,0.9521733690360463,1.0404190845199603,1.0882926135851998,0.3361288376119775
2.4829944483763424,27.394792236319415,5.214442120569624,1.0671733690360448,0.9992210845199604,1.0882926135851998,0.4835288376119775
2.4433244483763423,27.394792236319415,5.067652120569623,0.9164733690360478,0.9223160845199604,1.0397696135851997,0.3297198376119775
2.1497444483763424,27.31939223631942,5.139062120569624,0.9164733690360478,0.9818260845199603,1.1368156135852,0.5238118376119776
2.1140344483763425,27.243992236319418,5.103352120569624,0.9164733690360478,0.9168230845199603,1.1441396135851998,0.3901448376119775
2.1497444483763424,27.355092236319418,4.992272120569623,0.8053733690360474,0.9287250845199604,1.1166736135851998,0.3031698376119775
2.1497444483763424,27.243992236319418,4.992272120569623,0.8807733690360458,0.9525290845199603,1.1230826135852,0.4633868376119775
2.1140344483763425,27.31939223631942,4.920862120569623,0.8807733690360458,0.9699240845199604,1.1029406135851998,0.3700028376119775
2.078334448376342,27.355092236319418,4.920862120569623,0.8410733690360459,1.0111220845199602,1.0260366135851997,0.34345283761197754
1.9672444483763423,27.204292236319414,4.885152120569623,0.9164733690360478,0.9754170845199603,0.9848376135851997,0.3965528376119775
1.7847544483763422,27.355092236319418,4.809772120569623,0.9521733690360463,0.8930190845199604,1.1166736135851998,0.3562698376119775
1.9315444483763424,27.46619223631942,4.738362120569623,0.8807733690360458,0.9113300845199603,1.1304066135851998,0.4166948376119775
2.0426244483763423,27.50579223631942,4.885152120569623,0.9521733690360463,0.8637230845199604,1.1166736135851998,0.3562698376119775
2.0426244483763423,27.43049223631942,4.845482120569623,1.1028733690360468,0.7639300845199604,1.0956166135852,0.3828208376119775
1.8204544483763425,27.243992236319418,4.774072120569623,1.1425733690360467,0.7520280845199603,1.0882926135851998,0.3828208376119775
1.6022544483763423,27.243992236319418,4.845482120569623,1.217973369036045,0.6934350845199604,1.1578726135851998,0.2958448376119775
1.8561644483763424,27.243992236319418,4.845482120569623,1.4440733690360474,0.7108300845199604,1.2897086135851998,0.34986183761197753
2.0426244483763423,27.46619223631942,4.992272120569623,1.479773369036046,0.9992210845199604,1.2338616135851999,0.3562698376119775
1.9672444483763423,27.54159223631942,5.178732120569624,1.6305733690360462,1.1228170845199603,1.0544176135852,0.3901448376119775
2.0426244483763423,27.54159223631942,5.178732120569624,1.7059733690360481,1.1640160845199605,0.8951166135851998,0.4231038376119775
2.2251244483763424,27.54159223631942,5.178732120569624,1.7455733690360447,1.0871110845199605,0.9363146135851999,0.2958448376119775
2.2251244483763424,27.54159223631942,5.178732120569624,1.7455733690360447,1.0871110845199605,0.9363146135851999,0.2958448376119775
2.1894144483763425,27.58119223631942,5.139062120569624,1.7059733690360481,1.0523210845199604,1.1651966135851999,0.3764118376119775
2.1140344483763425,27.54159223631942,5.0319421205696235,1.7059733690360481,1.0523210845199604,1.3382316135851997,0.4368368376119775
2.002954448376342,27.731992236319417,5.103352120569624,1.856673369036045,0.9818260845199603,1.2686516135851997,0.2894368376119775
2.1140344483763425,27.656592236319415,5.214442120569624,1.856673369036045,0.9342180845199604,1.1651966135851999,0.4029618376119775
2.2251244483763424,27.882692236319418,5.285852120569623,1.8209733690360466,0.9873190845199603,1.1514636135851999,0.4304278376119775
2.1894144483763425,27.843092236319418,5.321552120569623,1.7813733690360465,1.0642230845199605,1.1578726135851998,0.2894368376119775
2.078334448376342,27.882692236319418,5.361222120569623,1.7455733690360447,1.1759170845199605,1.2274526135851997,0.4102858376119775
2.1894144483763425,27.80739223631942,5.321552120569623,1.8209733690360466,1.0990130845199604,1.2475946135851999,0.4166948376119775
2.1894144483763425,27.731992236319417,5.250142120569623,1.8209733690360466,1.0404190845199603,1.2137196135851998,0.27570383761197753
2.1140344483763425,27.882692236319418,5.250142120569623,1.7455733690360447,1.0871110845199605,1.2063956135851999,0.4569778376119775
1.8958344483763425,27.918392236319416,5.285852120569623,1.6305733690360462,1.0404190845199603,1.2338616135851999,0.3965528376119775
1.9672444483763423,27.80739223631942,5.103352120569624,1.6305733690360462,0.9580220845199604,1.2274526135851997,0.3562698376119775
2.0426244483763423,27.80739223631942,4.992272120569623,1.6305733690360462,0.9168230845199603,1.2201286135851999,0.3965528376119775
2.0426244483763423,27.843092236319418,4.920862120569623,1.4440733690360474,0.8051290845199603,1.2338616135851999,0.3562698376119775
1.9315444483763424,27.918392236319416,4.920862120569623,1.293373369036047,0.8756240845199603,1.2411856135851997,0.34345283761197754
1.7490444483763423,27.80739223631942,4.774072120569623,1.3687733690360453,0.9937270845199604,1.1789296135851999,0.4569778376119775
1.7490444483763423,27.767692236319416,4.738362120569623,1.4440733690360474,0.9168230845199603,1.0956166135852,0.3700028376119775
1.7490444483763423,27.767692236319416,4.627282120569623,1.3290733690360454,0.8106220845199603,1.1368156135852,0.3233108376119775
1.6736644483763423,27.843092236319418,4.516192120569623,1.217973369036045,0.8463280845199603,1.2063956135851999,0.4432448376119775
1.4554644483763424,27.843092236319418,4.627282120569623,1.0671733690360448,0.7813250845199604,1.1926626135851999,0.3562698376119775
1.5625844483763422,27.61689223631942,4.627282120569623,1.1782733690360452,0.7987200845199603,1.1716056135851998,0.3764118376119775
1.6736644483763423,27.61689223631942,4.4804921205696235,1.1425733690360467,0.8637230845199604,1.1999866135851998,0.4102858376119775
1.5268744483763423,27.61689223631942,4.662982120569623,1.0275733690360447,0.9113300845199603,1.1789296135851999,0.4102858376119775
1.3443844483763423,27.69229223631942,4.627282120569623,0.9164733690360478,0.9937270845199604,1.1368156135852,0.3297198376119775
1.4554644483763424,27.656592236319415,4.444782120569624,1.1425733690360467,1.0230240845199603,1.0818836135852,0.4304278376119775
1.4157944483763423,27.69229223631942,4.4804921205696235,1.1425733690360467,1.0047140845199602,1.0608266135851998,0.3635938376119775
1.2690044483763423,27.656592236319415,4.516192120569623,1.293373369036047,1.0230240845199603,1.0745596135851998,0.3233108376119775
1.1222144483763423,27.731992236319417,4.516192120569623,1.3290733690360454,1.0990130845199604,1.1093496135852,0.49726083761197754
1.4554644483763424,27.58119223631942,4.702662120569623,1.6305733690360462,1.0111220845199602,1.0333606135851998,0.30957783761197755
1.6379644483763423,27.58119223631942,4.662982120569623,1.7455733690360447,1.0871110845199605,1.1230826135852,0.4231038376119775
1.4911744483763423,27.58119223631942,4.774072120569623,1.7813733690360465,1.0935200845199604,1.1999866135851998,0.4432448376119775
1.4911744483763423,27.58119223631942,4.774072120569623,1.7813733690360465,1.0935200845199604,1.1999866135851998,0.4432448376119775
1.4157944483763423,27.656592236319415,4.845482120569623,1.896373369036045,1.0697160845199605,1.2274526135851997,0.3361288376119775
1.4157944483763423,27.58119223631942,4.845482120569623,2.158173369036046,0.9873190845199603,1.2338616135851999,0.4505698376119775
1.4554644483763424,27.58119223631942,4.885152120569623,2.4200733690360465,0.9873190845199603,1.2759756135851998,0.34986183761197753
1.4911744483763423,27.61689223631942,4.845482120569623,2.495473369036045,1.0166160845199603,1.3309076135851998,0.3361288376119775
1.5268744483763423,27.843092236319418,4.885152120569623,2.570773369036047,1.0340110845199604,1.3382316135851997,0.4368368376119775
1.7490444483763423,27.918392236319416,4.920862120569623,2.535073369036045,1.0459130845199605,1.2475946135851999,0.3031698376119775
1.6379644483763423,28.295292236319415,4.992272120569623,2.570773369036047,1.0578140845199604,1.1514636135851999,0.4505698376119775
1.5625844483763422,28.41039223631942,5.0319421205696235,2.6461733690360454,1.0935200845199604,1.2686516135851997,0.3700028376119775
1.6379644483763423,28.41039223631942,4.9565621205696235,2.6461733690360454,1.0935200845199604,1.3794306135852,0.4029618376119775
1.7490444483763423,28.52149223631942,4.9565621205696235,2.6858733690360452,0.9754170845199603,1.4078116135852,0.4231038376119775
1.7093744483763422,28.59679223631942,4.845482120569623,2.570773369036047,0.7813250845199604,1.3730216135851998,0.3361288376119775
1.5625844483763422,28.747592236319417,4.845482120569623,2.610473369036047,0.8344260845199604,1.3309076135851998,0.4432448376119775
1.3800844483763424,28.78729223631942,4.9565621205696235,2.495473369036045,0.8344260845199604,1.3519646135851997,0.3965528376119775
1.4911744483763423,28.711892236319418,4.9565621205696235,2.308973369036046,0.8225240845199604,1.3931636135852,0.3764118376119775
1.7093744483763422,28.711892236319418,4.738362120569623,2.047173369036045,0.9525290845199603,1.4416866135851998,0.4102858376119775
1.6379644483763423,28.672192236319415,4.702662120569623,1.932073369036047,1.0642230845199605,1.4078116135852,0.3828208376119775
1.4911744483763423,28.52149223631942,4.738362120569623,1.856673369036045,1.1466210845199605,1.2137196135851998,0.3764118376119775
1.3443844483763423,28.41039223631942,4.738362120569623,1.7059733690360481,1.1640160845199605,1.0123036135851997,0.34345283761197754
1.3086744483763424,28.485792236319416,4.662982120569623,1.6305733690360462,1.1695090845199605,0.9637806135851998,0.4304278376119775
1.3086744483763424,28.485792236319416,4.662982120569623,1.6305733690360462,1.1695090845199605,0.9637806135851998,0.4304278376119775
1.2690044483763423,28.44609223631942,4.591572120569623,1.479773369036046,1.0871110845199605,1.1651966135851999,0.3901448376119775
1.0865044483763424,28.41039223631942,4.444782120569624,1.3290733690360454,1.0578140845199604,1.4004876135851998,0.3297198376119775
1.0508044483763423,28.41039223631942,4.297992120569623,1.3290733690360454,1.0459130845199605,1.4078116135852,0.3828208376119775
1.0865044483763424,28.370692236319417,4.369402120569624,1.293373369036047,0.9699240845199604,1.1514636135851999,0.4029618376119775
1.0508044483763423,28.33499223631942,4.369402120569624,1.293373369036047,0.9818260845199603,0.9088496135851998,0.3297198376119775
0.9397144483763424,28.370692236319417,4.333702120569623,1.293373369036047,1.1054220845199603,0.9289906135851997,0.4432448376119775
0.9040144483763424,28.219992236319417,4.333702120569623,1.4044733690360474,1.1576070845199604,1.1166736135851998,0.4102858376119775
1.0111344483763423,28.18429223631942,4.333702120569623,1.5551733690360479,1.0697160845199605,1.2823846135851997,0.3297198376119775
1.0508044483763423,28.219992236319417,4.262292120569623,1.5948733690360477,1.1164080845199602,1.3592886135851998,0.3764118376119775
0.8643444483763423,28.41039223631942,4.444782120569624,1.670273369036046,1.1466210845199605,1.2338616135851999,0.3635938376119775
0.8286344483763424,28.485792236319416,4.627282120569623,1.8209733690360466,1.1228170845199603,1.1166736135851998,0.3159868376119775
1.0111344483763423,28.44609223631942,4.444782120569624,2.0074733690360453,1.0578140845199604,1.1716056135851998,0.4432448376119775
1.2332944483763424,28.485792236319416,4.4804921205696235,2.1224733690360473,0.9525290845199603,1.2549186135851997,0.4029618376119775
1.1579244483763422,28.52149223631942,4.662982120569623,2.1224733690360473,0.9754170845199603,1.3867546135851998,0.3233108376119775
1.1222144483763423,28.561092236319414,4.662982120569623,2.3446733690360446,1.0523210845199604,1.4279536135851998,0.4166948376119775
1.1222144483763423,28.561092236319414,4.662982120569623,2.3446733690360446,1.0523210845199604,1.4279536135851998,0.4166948376119775
1.0865044483763424,28.561092236319414,4.774072120569623,2.4597733690360464,1.0697160845199605,1.3382316135851997,0.3361288376119775
1.1975944483763423,28.485792236319416,4.845482120569623,2.535073369036045,1.0111220845199602,1.2549186135851997,0.3562698376119775
1.1579244483763422,28.636492236319416,4.738362120569623,2.4200733690360465,0.9223160845199604,1.3519646135851997,0.4231038376119775
1.1579244483763422,28.78729223631942,4.702662120569623,2.308973369036046,0.8582290845199604,1.5185856135851998,0.3361288376119775
1.2690044483763423,28.485792236319416,4.774072120569623,2.308973369036046,0.9049210845199603,1.4490106135852,0.3764118376119775
1.2690044483763423,28.33499223631942,4.702662120569623,2.2335733690360478,1.0111220845199602,1.3309076135851998,0.4102858376119775
1.2690044483763423,28.295292236319415,4.774072120569623,1.9717733690360468,0.9818260845199603,1.2823846135851997,0.30957783761197755
1.1579244483763422,28.219992236319417,4.738362120569623,1.856673369036045,1.0578140845199604,1.3309076135851998,0.4505698376119775
1.4157944483763423,27.99379223631942,4.627282120569623,1.7813733690360465,1.1695090845199605,1.4078116135852,0.4505698376119775
1.3800844483763424,27.882692236319418,4.662982120569623,1.670273369036046,1.1164080845199602,1.3382316135851997,0.27570383761197753
1.2690044483763423,27.918392236319416,4.809772120569623,1.4440733690360474,1.1521140845199604,1.2686516135851997,0.3700028376119775
1.0508044483763423,27.99379223631942,4.774072120569623,1.3687733690360453,1.2052140845199604,1.2622426135851998,0.4432448376119775
1.0865044483763424,27.99379223631942,4.702662120569623,1.4440733690360474,1.0935200845199604,1.2823846135851997,0.3361288376119775
1.1975944483763423,27.843092236319418,4.4804921205696235,1.479773369036046,1.0047140845199602,1.3171746135851998,0.34986183761197753
1.1975944483763423,27.767692236319416,4.409082120569623,1.5948733690360477,1.0230240845199603,1.3107656135851997,0.3635938376119775
0.9040144483763424,27.767692236319416,4.5558721205696235,1.670273369036046,1.0816180845199603,1.2823846135851997,0.3764118376119775
0.6461404483763422,27.767692236319416,4.627282120569623,1.7059733690360481,1.1521140845199604,1.2475946135851999,0.4368368376119775
0.6461404483763422,27.767692236319416,4.627282120569623,1.7059733690360481,1.1521140845199604,1.2475946135851999,0.4368368376119775
0.6461404483763422,27.767692236319416,4.627282120569623,1.7059733690360481,1.1521140845199604,1.2475946135851999,0.4368368376119775
0.6461404483763422,27.767692236319416,4.627282120569623,1.7059733690360481,1.1521140845199604,1.2475946135851999,0.4368368376119775
0.4636454483763423,28.370692236319417,4.226582120569623,2.384373369036048,1.1988060845199604,1.3931636135852,0.34345283761197754
0.4636454483763423,28.370692236319417,4.186912120569623,2.6858733690360452,1.1109150845199602,1.2274526135851997,0.2958448376119775
0.35256144837634223,28.44609223631942,3.9687121205696236,2.987373369036046,1.0578140845199604,1.1441396135851998,0.4707108376119775
0.27718244837634226,28.636492236319416,4.004412120569623,3.1381733690360463,1.0523210845199604,1.2201286135851999,0.3297198376119775
0.20577144837634226,28.711892236319418,3.9687121205696236,3.213473369036045,0.9461200845199603,1.4142206135851998,0.2894368376119775
0.27718244837634226,29.009392236319417,3.8219221205696234,3.249173369036047,0.9818260845199603,1.4902056135851998,0.4432448376119775
0.31685544837634233,29.04909223631942,3.8576221205696237,3.3245733690360453,1.0404190845199603,1.3730216135851998,0.3965528376119775
0.31685544837634233,29.08479223631942,4.004412120569623,3.5150733690360454,0.9168230845199603,1.2411856135851997,0.3297198376119775
0.31685544837634233,29.16019223631942,3.9687121205696236,3.364273369036045,0.9635150845199604,1.3592886135851998,0.4368368376119775
0.4636454483763423,29.124492236319416,4.040122120569623,3.2888733690360468,0.8811180845199603,1.4837956135852,0.3361288376119775
0.4993504483763423,28.89839223631942,4.079792120569623,3.062773369036048,0.9342180845199604,1.4975356135851998,0.3233108376119775
0.4993504483763423,28.89839223631942,4.079792120569623,3.062773369036048,0.9342180845199604,1.4975356135851998,0.3233108376119775
0.5350564483763423,28.82299223631942,4.151202120569623,2.8723733690360476,1.0404190845199603,1.4490106135852,0.4569778376119775
0.4993504483763423,28.747592236319417,4.444782120569624,2.610473369036047,1.1759170845199605,1.2961176135851997,0.3764118376119775
0.7572244483763422,28.561092236319414,4.409082120569623,2.384373369036048,1.1695090845199605,1.2759756135851998,0.2894368376119775
0.8643444483763423,28.33499223631942,4.409082120569623,2.2335733690360478,1.1576070845199604,1.3171746135851998,0.4166948376119775
0.9040144483763424,28.06919223631942,4.4804921205696235,2.158173369036046,1.1759170845199605,1.3656976135852,0.4029618376119775
0.8643444483763423,27.843092236319418,4.516192120569623,2.0074733690360453,1.1988060845199604,1.3730216135851998,0.3562698376119775
0.9040144483763424,27.656592236319415,4.702662120569623,1.932073369036047,1.1933120845199605,1.4078116135852,0.3901448376119775
1.0865044483763424,27.69229223631942,4.809772120569623,1.7813733690360465,1.1640160845199605,1.3592886135851998,0.3233108376119775
1.0508044483763423,27.656592236319415,4.885152120569623,1.856673369036045,1.1814110845199604,1.4416866135851998,0.4432448376119775
1.0508044483763423,27.58119223631942,4.845482120569623,1.896373369036045,1.1521140845199604,1.5323256135852,0.4166948376119775
1.1222144483763423,27.58119223631942,4.809772120569623,1.9717733690360468,1.1878190845199603,1.5323256135852,0.3031698376119775
1.1579244483763422,27.54159223631942,4.774072120569623,2.047173369036045,1.1109150845199602,1.5387356135852,0.4707108376119775
1.0111344483763423,27.54159223631942,4.774072120569623,2.047173369036045,1.1283100845199603,1.5039456135851998,0.4166948376119775
0.7572244483763422,27.656592236319415,4.738362120569623,1.9717733690360468,1.2052140845199604,1.4279536135851998,0.30957783761197755
1.0508044483763423,27.767692236319416,4.591572120569623,1.9717733690360468,1.1347190845199604,1.3931636135852,0.4505698376119775
1.1222144483763423,27.918392236319416,4.4804921205696235,1.896373369036045,1.0935200845199604,1.4837956135852,0.4231038376119775
0.9754244483763423,27.882692236319418,4.369402120569624,1.7455733690360447,1.1814110845199604,1.4902056135851998,0.3361288376119775
0.6104344483763422,27.80739223631942,4.4804921205696235,1.6305733690360462,1.1347190845199604,1.3931636135852,0.4029618376119775
0.5350564483763423,27.58119223631942,4.409082120569623,1.6305733690360462,1.0523210845199604,1.3382316135851997,0.3700028376119775
0.6818454483763423,27.394792236319415,4.186912120569623,1.670273369036046,1.0285180845199604,1.3244986135851997,0.3562698376119775
0.6461404483763422,27.43049223631942,4.115502120569623,1.4440733690360474,0.9287250845199604,1.3656976135852,0.3764118376119775
0.3882664483763422,27.243992236319418,4.004412120569623,1.4044733690360474,0.9168230845199603,1.4627436135851999,0.4029618376119775
0.31685544837634233,27.204292236319414,3.8576221205696237,1.3290733690360454,0.9580220845199604,1.4700656135852,0.4166948376119775
0.3882664483763422,26.791692236319417,4.004412120569623,1.253673369036047,0.9168230845199603,1.3244986135851997,0.30957783761197755
0.4636454483763423,26.565592236319414,4.004412120569623,1.253673369036047,0.9580220845199604,1.3171746135851998,0.34345283761197754
0.3882664483763422,26.299792236319416,3.8933321205696236,1.293373369036047,1.0578140845199604,1.3931636135852,0.4231038376119775
0.31685544837634233,26.33949223631942,3.9687121205696236,1.3290733690360454,1.1054220845199603,1.4416866135851998,0.3159868376119775
0.31685544837634233,26.188692236319415,4.004412120569623,1.4044733690360474,1.1347190845199604,1.3867546135851998,0.4166948376119775
0.4636454483763423,26.07369223631942,3.8576221205696237,1.5948733690360477,1.1640160845199605,1.2759756135851998,0.3562698376119775
0.35256144837634223,26.07369223631942,3.9687121205696236,1.7813733690360465,1.1283100845199603,1.2475946135851999,0.34986183761197753
0.13039344837634226,26.14899223631942,3.9687121205696236,1.8209733690360466,1.2107070845199603,1.3519646135851997,0.4166948376119775
0.20577144837634226,26.33949223631942,3.9330021205696237,1.896373369036045,1.1759170845199605,1.4700656135852,0.4029618376119775
0.3882664483763422,26.60129223631942,4.004412120569623,2.0074733690360453,1.1283100845199603,1.4554186135851999,0.3233108376119775
0.3882664483763422,26.791692236319417,4.079792120569623,2.1224733690360473,1.1466210845199605,1.3656976135852,0.4231038376119775
0.31685544837634233,26.94249223631942,4.151202120569623,2.535073369036045,1.2290180845199603,1.3107656135851997,0.3635938376119775
0.24147744837634227,26.902792236319417,4.262292120569623,2.610473369036047,1.2464130845199604,1.3931636135852,0.34986183761197753
0.35256144837634223,27.017892236319415,4.262292120569623,2.570773369036047,1.2052140845199604,1.5323256135852,0.4231038376119775
0.42397244837634224,27.204292236319414,4.186912120569623,2.535073369036045,1.1347190845199604,1.6083156135852,0.3233108376119775
0.3882664483763422,27.46619223631942,4.151202120569623,2.610473369036047,1.0871110845199605,1.5735256135851998,0.3764118376119775
0.31685544837634233,27.46619223631942,4.226582120569623,2.495473369036045,1.1164080845199602,1.4902056135851998,0.4102858376119775
0.4636454483763423,27.279692236319416,4.297992120569623,2.158173369036046,1.2052140845199604,1.4416866135851998,0.3233108376119775
0.6818454483763423,27.128992236319416,4.186912120569623,2.1224733690360473,1.1466210845199605,1.4902056135851998,0.3233108376119775
0.4993504483763423,26.97819223631942,4.151202120569623,1.896373369036045,1.1814110845199604,1.4215446135852,0.4432448376119775
0.27718244837634226,26.94249223631942,4.151202120569623,1.7059733690360481,1.0578140845199604,1.3730216135851998,0.3700028376119775
0.4993504483763423,26.791692236319417,4.079792120569623,1.5948733690360477,1.0990130845199604,1.4764756135852,0.3965528376119775
0.35256144837634223,26.565592236319414,4.186912120569623,1.5948733690360477,1.0459130845199605,1.5671156135851998,0.4231038376119775
0.27718244837634226,26.60129223631942,4.040122120569623,1.5551733690360479,0.9937270845199604,1.5808456135851998,0.2894368376119775
0.20577144837634226,26.525892236319418,4.004412120569623,1.5948733690360477,0.9699240845199604,1.4627436135851999,0.4908528376119775
0.0946874483763423,26.49019223631942,4.004412120569623,1.6305733690360462,0.9406270845199604,1.3730216135851998,0.3635938376119775
0.17006644837634227,26.375192236319418,3.9330021205696237,1.7455733690360447,1.0166160845199603,1.4078116135852,0.3361288376119775
0.17006644837634227,26.375192236319418,3.9330021205696237,1.7455733690360447,1.0166160845199603,1.4078116135852,0.3361288376119775
0.23459705162365774,26.676692236319415,3.8576221205696237,1.7813733690360465,1.2052140845199604,1.5524656135852,0.3901448376119775
0.16318595162365773,26.94249223631942,3.6751321205696232,1.670273369036046,1.2702170845199605,1.4279536135851998,0.4102858376119775
0.08780755162365772,27.09319223631942,3.603722120569623,1.7455733690360447,1.2171160845199602,1.2475946135851999,0.3828208376119775
0.27030265162365774,27.05359223631942,3.6751321205696232,1.7455733690360447,1.1466210845199605,1.1789296135851999,0.3635938376119775
0.30997555162365775,27.017892236319415,3.528342120569623,1.5551733690360479,1.2226090845199602,1.2759756135851998,0.3965528376119775
0.4170925516236577,27.017892236319415,3.6394221205696233,1.4044733690360474,1.2345110845199603,1.4490106135852,0.4304278376119775
0.38138655162365775,26.94249223631942,3.528342120569623,1.217973369036045,1.1933120845199605,1.4764756135852,0.34345283761197754
0.4924705516236577,26.752092236319417,3.3458421205696234,1.3290733690360454,1.1054220845199603,1.3867546135851998,0.4231038376119775
0.6392605516236578,26.525892236319418,3.3815521205696233,1.3687733690360453,1.0642230845199605,1.2622426135851998,0.3965528376119775
0.7503445516236578,26.299792236319416,3.417262120569623,1.217973369036045,1.1347190845199604,1.2338616135851999,0.3635938376119775
0.6392605516236578,26.188692236319415,3.4569321205696233,1.253673369036047,1.2052140845199604,1.3244986135851997,0.4029618376119775
0.4924705516236577,26.11329223631942,3.3815521205696233,1.4440733690360474,1.2107070845199603,1.4004876135851998,0.3297198376119775
0.38138655162365775,25.96259223631942,3.492632120569623,1.7059733690360481,1.1695090845199605,1.4142206135851998,0.3700028376119775
0.4170925516236577,25.96259223631942,3.528342120569623,1.8209733690360466,1.2171160845199602,1.3730216135851998,0.3562698376119775
0.4170925516236577,25.96259223631942,3.528342120569623,1.8209733690360466,1.2171160845199602,1.3730216135851998,0.3562698376119775
0.38138655162365775,25.811792236319416,3.6751321205696232,2.384373369036048,1.1283100845199603,1.3867546135851998,0.4432448376119775
0.19889152162365772,25.99829223631942,3.5640421205696233,2.6461733690360454,1.1283100845199603,1.5735256135851998,0.3159868376119775
0.19889152162365772,25.99829223631942,3.5640421205696233,2.6461733690360454,1.1283100845199603,1.5735256135851998,0.3159868376119775
0.3456815516236577,26.22439223631942,3.6751321205696232,2.8365733690360457,1.1283100845199603,1.7328256135851998,0.4166948376119775
0.5281765516236577,26.49019223631942,3.7505121205696232,2.8723733690360476,1.0642230845199605,1.7117656135852,0.3828208376119775
0.5281765516236577,26.676692236319415,3.6751321205696232,3.023073369036048,1.1054220845199603,1.5460556135852,0.34345283761197754
0.19889152162365772,26.86709223631942,3.6751321205696232,3.0984733690360464,1.1109150845199602,1.4764756135852,0.3764118376119775
0.23459705162365774,27.243992236319418,3.7862121205696235,3.062773369036048,1.0285180845199604,1.5597856135852,0.34986183761197753
0.19889152162365772,27.355092236319418,3.6751321205696232,2.987373369036046,1.0871110845199605,1.6293656135852,0.3361288376119775
0.30997555162365775,27.50579223631942,3.7108321205696235,2.8723733690360476,1.1402120845199604,1.6220456135852,0.3828208376119775
0.30997555162365775,27.50579223631942,3.7108321205696235,2.8723733690360476,1.1402120845199604,1.6220456135852,0.3828208376119775
0.30997555162365775,27.50579223631942,3.7108321205696235,2.8723733690360476,1.1402120845199604,1.6220456135852,0.3828208376119775
0.4170925516236577,27.50579223631942,3.603722120569623,2.2335733690360478,1.0752090845199604,1.4554186135851999,0.3361288376119775
0.38138655162365775,27.394792236319415,3.7108321205696235,2.047173369036045,1.1347190845199604,1.5323256135852,0.3700028376119775
0.38138655162365775,27.394792236319415,3.7108321205696235,2.047173369036045,1.1347190845199604,1.5323256135852,0.3700028376119775
0.30997555162365775,27.279692236319416,3.7108321205696235,1.896373369036045,1.2702170845199605,1.4764756135852,0.34986183761197753
0.23459705162365774,26.902792236319417,3.7108321205696235,1.8209733690360466,1.2638080845199604,1.3931636135852,0.3562698376119775
0.19889152162365772,26.752092236319417,3.7108321205696235,1.896373369036045,1.2345110845199603,1.3446406135851998,0.4432448376119775
0.5281765516236577,26.60129223631942,3.6394221205696233,1.932073369036047,1.2400040845199602,1.3730216135851998,0.3361288376119775
0.4924705516236577,26.60129223631942,3.7108321205696235,1.9717733690360468,1.2171160845199602,1.4490106135852,0.34986183761197753
0.38138655162365775,26.375192236319418,3.5640421205696233,2.0074733690360453,1.2400040845199602,1.5735256135851998,0.3965528376119775
0.4924705516236577,26.264092236319417,3.603722120569623,2.1978733690360457,1.1814110845199604,1.6293656135852,0.3635938376119775
0.8574605516236578,26.49019223631942,3.4569321205696233,2.158173369036046,1.2171160845199602,1.4902056135851998,0.3901448376119775
0.7860495516236576,26.49019223631942,3.274432120569623,2.047173369036045,1.1228170845199603,1.3730216135851998,0.3965528376119775
0.7106715516236577,26.60129223631942,3.0879721205696233,1.932073369036047,1.1109150845199602,1.3034416135851998,0.30957783761197755
0.7106715516236577,26.752092236319417,3.0522621205696234,1.670273369036046,1.1109150845199602,1.4078116135852,0.3901448376119775
0.9685445516236577,26.86709223631942,3.0879721205696233,1.3687733690360453,1.2171160845199602,1.4490106135852,0.4304278376119775
1.1510395516236578,26.86709223631942,3.1276421205696234,1.1425733690360467,1.2931050845199603,1.3794306135852,0.4166948376119775
1.0042505516236577,26.565592236319414,2.9808521205696232,1.0275733690360447,1.2290180845199603,1.2411856135851997,0.3159868376119775
0.8574605516236578,26.525892236319418,2.8697721205696234,0.8807733690360458,1.1466210845199605,1.1926626135851999,0.3901448376119775
0.9685445516236577,26.375192236319418,2.941182120569623,0.7299733690360455,1.1988060845199604,1.2475946135851999,0.4166948376119775
1.0042505516236577,26.11329223631942,3.0879721205696233,0.9521733690360463,1.1109150845199602,1.3446406135851998,0.3764118376119775
0.8971335516236578,25.811792236319416,3.0522621205696234,1.1425733690360467,1.1054220845199603,1.4352776135852,0.3361288376119775
0.8574605516236578,25.434892236319417,3.016562120569623,1.4440733690360474,1.0642230845199605,1.4700656135852,0.4166948376119775
0.8574605516236578,25.434892236319417,3.016562120569623,1.4440733690360474,1.0642230845199605,1.4700656135852,0.4166948376119775
0.7860495516236576,25.323792236319417,3.1276421205696234,1.5194733690360458,1.0340110845199604,1.4554186135851999,0.34345283761197754
0.9328395516236576,25.057992236319418,3.199052120569623,1.856673369036045,0.9818260845199603,1.4975356135851998,0.4029618376119775
0.7860495516236576,24.831892236319415,3.0879721205696233,2.384373369036048,1.0404190845199603,1.4975356135851998,0.3901448376119775
0.7503445516236578,24.68109223631942,3.199052120569623,2.6461733690360454,1.1109150845199602,1.5460556135852,0.3562698376119775
0.8217555516236577,24.720792236319415,3.3101421205696235,2.7215733690360473,1.1164080845199602,1.6568356135851998,0.4304278376119775
0.7860495516236576,24.946892236319417,3.2347621205696235,2.7969733690360457,1.2345110845199603,1.7602856135851999,0.3764118376119775
0.9328395516236576,25.248492236319418,3.417262120569623,2.7969733690360457,1.2226090845199602,1.7264156135851998,0.4231038376119775
0.7860495516236576,25.39919223631942,3.4569321205696233,2.761273369036047,1.2400040845199602,1.5524656135852,0.4505698376119775
0.6749655516236577,25.58569223631942,3.3815521205696233,2.761273369036047,1.2345110845199603,1.4215446135852,0.3965528376119775
0.6749655516236577,25.85149223631942,3.417262120569623,2.3446733690360446,1.2400040845199602,1.4490106135852,0.3700028376119775
0.8971335516236578,26.03789223631942,3.528342120569623,1.9717733690360468,1.3050070845199604,1.5808456135851998,0.3562698376119775
0.7860495516236576,25.99829223631942,3.3815521205696233,1.7813733690360465,1.3343040845199603,1.6705656135851998,0.4029618376119775
0.8971335516236578,25.85149223631942,3.3101421205696235,1.6305733690360462,1.2226090845199602,1.6147256135852,0.3764118376119775
0.9685445516236577,25.811792236319416,3.3458421205696234,1.3290733690360454,1.1576070845199604,1.4279536135851998,0.3562698376119775
1.0439235516236578,25.811792236319416,3.3458421205696234,1.1782733690360452,1.2464130845199604,1.3171746135851998,0.4569778376119775
0.8574605516236578,25.47459223631942,3.274432120569623,1.293373369036047,1.2171160845199602,1.3867546135851998,0.3901448376119775
0.8574605516236578,25.47459223631942,3.274432120569623,1.293373369036047,1.2171160845199602,1.3867546135851998,0.3901448376119775
0.8574605516236578,25.248492236319418,3.199052120569623,1.4440733690360474,1.2400040845199602,1.5249956135851999,0.3031698376119775
1.0042505516236577,25.09769223631942,3.1633521205696233,1.5948733690360477,1.3343040845199603,1.6083156135852,0.3901448376119775
1.1153345516236577,24.946892236319417,3.199052120569623,1.5551733690360479,1.1695090845199605,1.5460556135852,0.4231038376119775
1.1907125516236576,24.75649223631942,3.0522621205696234,1.7813733690360465,1.1164080845199602,1.4837956135852,0.3635938376119775
1.1907125516236576,24.720792236319415,2.941182120569623,1.932073369036047,1.1466210845199605,1.4837956135852,0.4029618376119775
1.2621255516236576,24.831892236319415,2.834062120569623,2.0074733690360453,1.1576070845199604,1.5808456135851998,0.3233108376119775
1.4485855516236577,24.946892236319417,2.8697721205696234,1.8209733690360466,1.1466210845199605,1.6568356135851998,0.4368368376119775
1.4842955516236576,25.173092236319416,2.6872771205696235,1.5948733690360477,1.2519060845199603,1.5671156135851998,0.3700028376119775
1.5557055516236578,25.434892236319417,2.6872771205696235,1.217973369036045,1.2400040845199602,1.3794306135852,0.3297198376119775
1.5557055516236578,25.700692236319416,2.6118981205696232,0.9918733690360462,1.0404190845199603,1.2961176135851997,0.3965528376119775
1.6310855516236578,25.926892236319414,2.3936981205696233,0.6902733690360456,1.0340110845199604,1.2823846135851997,0.3700028376119775
1.6667855516236576,25.926892236319414,2.4294031205696234,0.4641733690360468,1.0578140845199604,1.3171746135851998,0.3031698376119775
1.6310855516236578,25.926892236319414,2.576193120569623,0.277673369036048,1.1109150845199602,1.3519646135851997,0.3828208376119775
1.7024955516236577,25.85149223631942,2.3936981205696233,0.5395733690360451,1.1640160845199605,1.4627436135851999,0.3764118376119775
1.9960755516236577,25.549992236319415,2.465109120569623,0.9521733690360463,1.0230240845199603,1.3171746135851998,0.2958448376119775
1.7778755516236577,25.248492236319418,2.3222861205696232,1.253673369036047,1.0871110845199605,1.2897086135851998,0.3828208376119775
1.6310855516236578,25.173092236319416,2.4294031205696234,1.932073369036047,1.1347190845199604,1.4352776135852,0.3965528376119775
1.5953755516236576,25.09769223631942,2.6118981205696232,2.3446733690360446,1.1933120845199605,1.5872556135851998,0.27570383761197753
1.6310855516236578,25.02229223631942,2.6872771205696235,2.9119733690360476,1.3526190845199602,1.6431056135851998,0.3700028376119775
1.5199955516236576,25.02229223631942,2.798362120569623,3.3245733690360453,1.3407120845199603,1.6357756135852,0.4569778376119775
1.4485855516236577,25.09769223631942,2.7586921205696235,3.5150733690360454,1.2400040845199602,1.5671156135851998,0.34345283761197754
1.4089155516236576,25.248492236319418,2.722982120569623,3.5150733690360454,1.1814110845199604,1.6083156135852,0.34986183761197753
1.5557055516236578,25.434892236319417,2.7586921205696235,3.701473369036048,1.2171160845199602,1.7117656135852,0.4505698376119775
1.5953755516236576,25.776092236319418,2.941182120569623,3.399973369036047,1.2931050845199603,1.7749356135852,0.3965528376119775
1.4485855516236577,26.14899223631942,3.016562120569623,2.9119733690360476,1.3407120845199603,1.7602856135851999,0.3233108376119775
1.3732055516236576,26.22439223631942,2.941182120569623,2.6461733690360454,1.3114150845199604,1.6916256135852,0.3901448376119775
1.2621255516236576,26.375192236319418,2.834062120569623,2.4200733690360465,1.2464130845199604,1.5671156135851998,0.34345283761197754
1.3375055516236576,26.450492236319416,2.9054821205696233,2.158173369036046,1.2171160845199602,1.3867546135851998,0.3233108376119775
1.3375055516236576,26.450492236319416,2.9808521205696232,1.8209733690360466,1.2638080845199604,1.3592886135851998,0.3361288376119775
1.3375055516236576,26.299792236319416,2.9808521205696232,1.932073369036047,1.2107070845199603,1.4627436135851999,0.4102858376119775
1.3375055516236576,25.99829223631942,2.941182120569623,1.896373369036045,1.2290180845199603,1.6147256135852,0.3159868376119775
1.2621255516236576,25.887192236319418,3.016562120569623,1.856673369036045,1.2812030845199605,1.7264156135851998,0.4102858376119775
1.3732055516236576,25.700692236319416,3.1633521205696233,2.0828733690360473,1.2876120845199603,1.7538856135852,0.4166948376119775
1.1153345516236577,25.248492236319418,3.0879721205696233,2.308973369036046,1.1933120845199605,1.6293656135852,0.3828208376119775
1.1153345516236577,25.248492236319418,3.0879721205696233,2.308973369036046,1.1933120845199605,1.6293656135852,0.3828208376119775
1.0796285516236577,25.173092236319416,3.1276421205696234,2.4200733690360465,1.2702170845199605,1.5872556135851998,0.34345283761197754
1.0796285516236577,25.173092236319416,3.1276421205696234,2.4200733690360465,1.2702170845199605,1.5872556135851998,0.34345283761197754
1.3375055516236576,24.98269223631942,3.2347621205696235,2.308973369036046,1.1814110845199604,1.7264156135851998,0.4029618376119775
1.3375055516236576,24.946892236319417,2.941182120569623,1.856673369036045,1.2171160845199602,1.7676156135852,0.3828208376119775
1.1907125516236576,25.057992236319418,2.798362120569623,1.5194733690360458,1.0459130845199605,1.7602856135851999,0.3828208376119775
1.3375055516236576,25.13339223631942,2.7586921205696235,0.6545733690360471,1.0752090845199604,1.5387356135852,0.3233108376119775
1.3375055516236576,25.13339223631942,2.7586921205696235,0.6545733690360471,1.0752090845199604,1.5387356135852,0.3233108376119775
1.4485855516236577,25.057992236319418,2.798362120569623,0.38877336903604487,1.1402120845199604,1.3244986135851997,0.34345283761197754
1.4485855516236577,25.09769223631942,2.6872771205696235,0.3134733690360463,1.1695090845199605,1.2622426135851998,0.3764118376119775
1.4089155516236576,25.057992236319418,2.576193120569623,0.20237336903604586,1.1283100845199603,1.3592886135851998,0.3764118376119775
1.5557055516236578,25.02229223631942,2.5047821205696232,0.23807336903604792,1.1521140845199604,1.5039456135851998,0.3901448376119775
1.7778755516236577,24.946892236319417,2.465109120569623,0.6545733690360471,1.1402120845199604,1.5671156135851998,0.3901448376119775
1.8492855516236577,24.720792236319415,2.3222861205696232,1.217973369036045,1.2107070845199603,1.4554186135851999,0.3361288376119775
1.5953755516236576,24.570092236319415,2.3222861205696232,1.5948733690360477,1.1988060845199604,1.3382316135851997,0.4102858376119775
1.5953755516236576,24.343892236319416,2.357992120569623,2.0074733690360453,1.1988060845199604,1.4004876135851998,0.34345283761197754
1.8135755516236576,24.26849223631942,2.357992120569623,2.535073369036045,1.3224020845199602,1.5460556135852,0.3635938376119775
1.7778755516236577,24.157492236319417,2.3936981205696233,2.8723733690360476,1.3874090845199603,1.6632456135851998,0.3965528376119775
1.7778755516236577,24.11779223631942,2.3222861205696232,3.0984733690360464,1.2290180845199603,1.7264156135851998,0.3031698376119775
1.7024955516236577,24.082092236319415,2.135824120569623,3.062773369036048,1.1988060845199604,1.6843056135852,0.4166948376119775
1.9603655516236578,24.38359223631942,2.3222861205696232,2.7969733690360457,1.2583150845199604,1.6357756135852,0.3901448376119775
1.9960755516236577,24.343892236319416,2.4294031205696234,2.535073369036045,1.2876120845199603,1.5945756135851998,0.34345283761197754
1.7778755516236577,24.308192236319417,2.357992120569623,2.3446733690360446,1.2638080845199604,1.5872556135851998,0.3562698376119775
1.7421655516236576,24.343892236319416,2.3222861205696232,1.932073369036047,1.2638080845199604,1.4975356135851998,0.3700028376119775
1.7778755516236577,24.49469223631942,2.4294031205696234,1.4440733690360474,1.3581090845199602,1.4764756135852,0.3297198376119775
1.8135755516236576,24.53039223631942,2.6118981205696232,1.3290733690360454,1.2464130845199604,1.5945756135851998,0.4166948376119775
1.7024955516236577,24.26849223631942,2.5047821205696232,1.3687733690360453,1.2464130845199604,1.6431056135851998,0.3297198376119775
1.5557055516236578,24.232792236319415,2.5404871205696233,1.4044733690360474,1.2171160845199602,1.5671156135851998,0.3031698376119775
1.6667855516236576,24.11779223631942,2.7586921205696235,1.3290733690360454,1.2464130845199604,1.5323256135852,0.34345283761197754
1.6667855516236576,23.891592236319415,2.798362120569623,1.5551733690360479,1.3050070845199604,1.5872556135851998,0.4231038376119775
1.5557055516236578,23.705192236319416,2.7586921205696235,1.7059733690360481,1.3169090845199602,1.5872556135851998,0.3562698376119775
1.4842955516236576,23.740892236319414,2.6515711205696233,1.8209733690360466,1.2400040845199602,1.6632456135851998,0.21527883761197752
1.4089155516236576,23.51479223631942,2.5404871205696233,1.7455733690360447,1.1164080845199602,1.8088156135851998,0.3764118376119775
1.6310855516236578,23.55439223631942,2.6872771205696235,1.253673369036047,1.1347190845199604,1.7813456135852,0.4432448376119775
1.8135755516236576,23.780592236319418,2.7586921205696235,0.9521733690360463,1.1109150845199602,1.7264156135851998,0.3159868376119775
1.6667855516236576,23.705192236319416,2.576193120569623,0.7656733690360475,1.0752090845199604,1.7117656135852,0.4633868376119775
1.5199955516236576,23.705192236319416,2.3936981205696233,0.6902733690360456,1.0752090845199604,1.6568356135851998,0.3901448376119775
1.5953755516236576,23.891592236319415,2.5047821205696232,0.4284733690360447,1.1402120845199604,1.4837956135852,0.3361288376119775
1.8492855516236577,24.00669223631942,2.6872771205696235,0.23807336903604792,1.2290180845199603,1.4352776135852,0.3764118376119775
1.6310855516236578,23.93129223631942,2.465109120569623,0.4641733690360468,1.2052140845199604,1.5112656135851998,0.4368368376119775
1.6310855516236578,24.082092236319415,2.4294031205696234,0.8053733690360474,1.1283100845199603,1.6293656135852,0.3159868376119775
1.7778755516236577,24.157492236319417,2.4294031205696234,1.0275733690360447,1.1228170845199603,1.6778956135852,0.3233108376119775
1.9246655516236577,24.343892236319416,2.5047821205696232,1.4044733690360474,1.2638080845199604,1.6568356135851998,0.3700028376119775
1.9246655516236577,24.343892236319416,2.3936981205696233,1.896373369036045,1.2464130845199604,1.6083156135852,0.4707108376119775
1.7778755516236577,24.26849223631942,2.2826141205696233,2.4597733690360464,1.1759170845199605,1.5524656135852,0.3828208376119775
1.9246655516236577,24.308192236319417,2.175497120569623,2.7969733690360457,1.2757100845199605,1.5872556135851998,0.34345283761197754
2.107155551623658,24.308192236319417,2.2112021205696233,3.1381733690360463,1.3874090845199603,1.7117656135852,0.4029618376119775
2.3293255516236577,24.45899223631942,2.246908120569623,3.1381733690360463,1.3526190845199602,1.7749356135852,0.4029618376119775
2.2896555516236576,24.570092236319415,1.8819181205696234,3.062773369036048,1.3288100845199604,1.7749356135852,0.34986183761197753
2.3650255516236576,24.64539223631942,1.7351283205696233,3.0984733690360464,1.2226090845199602,1.7328256135851998,0.4304278376119775
2.5118155516236578,24.68109223631942,1.7351283205696233,2.7969733690360457,1.2464130845199604,1.6495156135851998,0.4029618376119775
2.6586055516236575,24.720792236319415,1.7708339205696233,2.384373369036048,1.2702170845199605,1.5185856135851998,0.4102858376119775
2.5118155516236578,24.68109223631942,1.7351283205696233,2.2692733690360463,1.2995140845199602,1.5249956135851999,0.3361288376119775
2.4364355516236578,24.570092236319415,1.6240443205696233,2.2692733690360463,1.2876120845199603,1.6147256135852,0.3635938376119775
2.4007355516236575,24.49469223631942,1.7351283205696233,2.158173369036046,1.2290180845199603,1.6495156135851998,0.4029618376119775
2.4007355516236575,24.49469223631942,1.7351283205696233,2.158173369036046,1.2290180845199603,1.6495156135851998,0.4029618376119775
2.6229055516236577,24.157492236319417,1.8065395205696233,2.047173369036045,1.2812030845199605,1.6220456135852,0.4102858376119775
2.5118155516236578,23.966992236319417,1.7351283205696233,2.158173369036046,1.2226090845199602,1.6083156135852,0.4231038376119775
2.3650255516236576,23.780592236319418,1.6994228205696233,2.158173369036046,1.2345110845199603,1.6495156135851998,0.3031698376119775
2.5832255516236575,23.62979223631942,1.8065395205696233,1.932073369036047,1.3114150845199604,1.6778956135852,0.4166948376119775
2.6586055516236575,23.47909223631942,1.8065395205696233,1.670273369036046,1.3224020845199602,1.6778956135852,0.4707108376119775
2.6586055516236575,23.47909223631942,1.8065395205696233,1.670273369036046,1.3224020845199602,1.6778956135852,0.4707108376119775
2.3293255516236577,23.328292236319417,1.7351283205696233,1.3290733690360454,1.1640160845199605,1.6293656135852,0.3700028376119775
2.218235551623658,23.062492236319418,1.6994228205696233,1.1425733690360467,1.0816180845199603,1.6009856135851999,0.28302783761197753
2.4761155516236575,23.02679223631942,1.8065395205696233,0.7656733690360475,1.1054220845199603,1.6147256135852,0.3635938376119775
2.6229055516236577,22.951392236319418,1.9176231205696233,0.4284733690360447,1.2400040845199602,1.6495156135851998,0.3828208376119775
2.2896555516236576,22.840292236319417,1.7708339205696233,0.4641733690360468,1.2052140845199604,1.5945756135851998,0.3901448376119775
2.2539455516236577,22.72529223631942,1.6597499205696233,0.614973369036047,1.1466210845199605,1.4837956135852,0.2894368376119775
2.3293255516236577,22.800592236319417,1.7708339205696233,0.6545733690360471,1.2171160845199602,1.4352776135852,0.3828208376119775
2.5475255516236577,22.91569223631942,1.9533291205696233,0.7656733690360475,1.2400040845199602,1.4700656135852,0.4102858376119775
2.3293255516236577,22.840292236319417,1.8819181205696234,0.9521733690360463,1.2400040845199602,1.5808456135851998,0.3700028376119775
2.035745551623658,22.840292236319417,1.8462121205696234,1.4044733690360474,1.1814110845199604,1.7465556135851998,0.4029618376119775
2.182535551623658,22.840292236319417,1.8065395205696233,1.6305733690360462,1.1933120845199605,1.8024056135851998,0.3700028376119775
2.4364355516236578,22.987092236319416,2.0287071205696234,1.7813733690360465,1.2812030845199605,1.7117656135852,0.34986183761197753
2.4007355516236575,23.02679223631942,2.135824120569623,2.047173369036045,1.3169090845199602,1.6495156135851998,0.3764118376119775
2.182535551623658,22.951392236319418,1.9176231205696233,2.2335733690360478,1.3169090845199602,1.6568356135851998,0.4029618376119775
2.107155551623658,23.102192236319414,1.9533291205696233,2.0074733690360453,1.3169090845199602,1.7053556135852,0.4231038376119775
2.3293255516236577,23.21319223631942,1.9533291205696233,1.7455733690360447,1.3700090845199604,1.7538856135852,0.3159868376119775
2.4007355516236575,23.328292236319417,2.0287071205696234,1.7455733690360447,1.3343040845199603,1.7676156135852,0.34345283761197754
2.218235551623658,23.17749223631942,1.9176231205696233,1.6305733690360462,1.2995140845199602,1.6431056135851998,0.4432448376119775
2.218235551623658,23.17749223631942,1.9176231205696233,1.6305733690360462,1.2995140845199602,1.6431056135851998,0.4432448376119775
2.2896555516236576,23.21319223631942,1.7708339205696233,1.7059733690360481,1.2290180845199603,1.5185856135851998,0.3031698376119775
2.2896555516236576,23.102192236319414,1.7351283205696233,1.7059733690360481,1.2464130845199604,1.5808456135851998,0.2894368376119775
2.4364355516236578,22.987092236319416,1.7708339205696233,1.5948733690360477,1.2400040845199602,1.6632456135851998,0.4707108376119775
2.4761155516236575,22.91569223631942,1.7351283205696233,1.670273369036046,1.3169090845199602,1.6568356135851998,0.30957783761197755
2.3293255516236577,22.649892236319417,1.6994228205696233,1.856673369036045,1.2995140845199602,1.6980356135852,0.3159868376119775
2.4007355516236575,22.61419223631942,1.7351283205696233,1.932073369036047,1.1933120845199605,1.7190956135851998,0.4835288376119775
2.5832255516236575,22.76489223631942,1.7351283205696233,1.7059733690360481,1.2757100845199605,1.6632456135851998,0.3828208376119775
2.5475255516236577,22.840292236319417,1.6994228205696233,1.4440733690360474,1.1759170845199605,1.7264156135851998,0.3361288376119775
2.3650255516236576,22.649892236319417,1.5883391205696233,1.293373369036047,1.1402120845199604,1.7401456135851998,0.3901448376119775
2.5832255516236575,22.57449223631942,1.6597499205696233,0.8807733690360458,1.2931050845199603,1.4490106135852,0.3562698376119775
2.5832255516236575,22.57449223631942,1.6597499205696233,0.8807733690360458,1.2931050845199603,1.4490106135852,0.3562698376119775
2.5832255516236575,22.57449223631942,1.6597499205696233,0.8807733690360458,1.2931050845199603,1.4490106135852,0.3562698376119775
2.7300155516236577,22.689592236319417,1.4058441205696233,0.7299733690360455,1.1521140845199604,1.5323256135852,0.4102858376119775
2.7300155516236577,22.689592236319417,1.4058441205696233,0.7299733690360455,1.1521140845199604,1.5323256135852,0.4102858376119775
2.7300155516236577,22.689592236319417,1.4058441205696233,0.7299733690360455,1.1521140845199604,1.5323256135852,0.4102858376119775
2.7300155516236577,22.689592236319417,1.4058441205696233,0.7299733690360455,1.1521140845199604,1.5323256135852,0.4102858376119775
2.6586055516236575,22.800592236319417,1.2947601205696233,2.2692733690360463,1.2995140845199602,1.5735256135851998,0.3764118376119775
2.5832255516236575,22.875992236319416,1.2590541205696233,2.535073369036045,1.2876120845199603,1.6568356135851998,0.3764118376119775
2.769695551623658,23.02679223631942,1.4058441205696233,2.7969733690360457,1.2519060845199603,1.7749356135852,0.3901448376119775
2.987895551623658,23.21319223631942,1.4415491205696234,2.8365733690360457,1.2702170845199605,1.8994456135851998,0.4231038376119775
2.987895551623658,23.363992236319415,1.3701381205696233,2.9119733690360476,1.1814110845199604,1.9406456135852,0.3635938376119775
2.9164855516236576,23.51479223631942,1.3701381205696233,2.8365733690360457,1.0990130845199604,1.9617056135851998,0.3700028376119775
2.8053955516236577,23.40369223631942,1.2590541205696233,2.6858733690360452,1.1576070845199604,1.8921256135851998,0.4569778376119775
2.9521855516236575,23.51479223631942,1.2590541205696233,2.535073369036045,1.2757100845199605,1.6980356135852,0.3159868376119775
2.7300155516236577,23.28859223631942,1.2590541205696233,2.384373369036048,1.4871990845199603,1.4837956135852,0.4505698376119775
2.769695551623658,23.13789223631942,1.2233481205696233,2.2335733690360478,1.4816990845199602,1.5808456135851998,0.3361288376119775
3.0989755516236577,22.91569223631942,1.3304651205696234,2.2692733690360463,1.4047990845199605,1.7328256135851998,0.3828208376119775
3.1346855516236576,22.72529223631942,1.2233481205696233,2.2692733690360463,1.3407120845199603,1.8436056135852,0.4368368376119775
2.987895551623658,22.499092236319417,1.2590541205696233,2.1224733690360473,1.2171160845199602,1.8088156135851998,0.4166948376119775
2.8053955516236577,22.19759223631942,1.2590541205696233,2.047173369036045,1.1988060845199604,1.7676156135852,0.3159868376119775
2.8053955516236577,22.011192236319417,1.2947601205696233,1.8209733690360466,1.2345110845199603,1.7465556135851998,0.3901448376119775
2.9164855516236576,21.820692236319417,1.4415491205696234,1.5551733690360479,1.2931050845199603,1.7465556135851998,0.3764118376119775
2.9164855516236576,21.709592236319416,1.4772551205696234,1.0671733690360448,1.3343040845199603,1.6778956135852,0.3635938376119775
2.9164855516236576,21.709592236319416,1.4772551205696234,1.0671733690360448,1.3343040845199603,1.6778956135852,0.3635938376119775
2.694315551623658,21.25739223631942,1.2947601205696233,0.6545733690360471,1.2464130845199604,1.5671156135851998,0.4029618376119775
2.8053955516236577,21.221692236319416,1.2947601205696233,0.579273369036045,1.2931050845199603,1.5872556135851998,0.3828208376119775
2.9521855516236575,21.181992236319417,1.3304651205696234,0.5395733690360451,1.3700090845199604,1.6220456135852,0.34986183761197753
2.987895551623658,21.29699223631942,1.3701381205696233,0.6545733690360471,1.3462090845199604,1.6568356135851998,0.4102858376119775
2.769695551623658,21.372392236319417,1.0765591205696232,0.9521733690360463,1.3114150845199604,1.6431056135851998,0.3635938376119775
2.769695551623658,21.372392236319417,1.0765591205696232,0.9521733690360463,1.3114150845199604,1.6431056135851998,0.3635938376119775
3.063275551623658,21.634292236319418,1.1836761205696233,1.4044733690360474,1.1988060845199604,1.5597856135852,0.4102858376119775
3.0235955516236577,21.669992236319416,1.1836761205696233,1.5551733690360479,1.1640160845199605,1.5945756135851998,0.4029618376119775
2.8768055516236575,21.709592236319416,1.1122641205696233,1.856673369036045,1.1283100845199603,1.7117656135852,0.2958448376119775
2.8411055516236576,21.784992236319418,1.0368861205696231,2.0828733690360473,1.1878190845199603,1.8225456135851998,0.3635938376119775
2.8768055516236575,21.971492236319417,1.1122641205696233,1.9717733690360468,1.2931050845199603,1.9058556135851998,0.4368368376119775
2.987895551623658,22.122192236319417,1.1479701205696233,1.7455733690360447,1.3462090845199604,1.8161356135851998,0.3965528376119775
3.0235955516236577,22.08649223631942,1.1836761205696233,1.856673369036045,1.2583150845199604,1.6083156135852,0.30957783761197755
2.8411055516236576,22.08649223631942,0.9654751205696233,1.896373369036045,1.2519060845199603,1.4627436135851999,0.3562698376119775
2.8411055516236576,22.08649223631942,0.9654751205696233,1.896373369036045,1.2519060845199603,1.4627436135851999,0.3562698376119775
2.8411055516236576,22.04689223631942,0.9654751205696233,1.6305733690360462,1.2171160845199602,1.4975356135851998,0.3901448376119775
2.987895551623658,21.89609223631942,1.0765591205696232,1.4044733690360474,1.1695090845199605,1.6843056135852,0.3361288376119775
3.063275551623658,21.784992236319418,0.9297691205696232,1.5551733690360479,1.2052140845199604,1.8573356135852,0.3828208376119775
2.9521855516236575,21.594592236319418,0.9654751205696233,1.670273369036046,1.1695090845199605,1.6980356135852,0.3297198376119775
2.9521855516236575,21.594592236319418,0.9654751205696233,1.670273369036046,1.1695090845199605,1.6980356135852,0.3297198376119775
3.0989755516236577,21.29699223631942,1.0765591205696232,1.479773369036046,1.3819090845199602,1.5872556135851998,0.3965528376119775
3.1346855516236576,21.29699223631942,0.9654751205696233,1.4044733690360474,1.3462090845199604,1.6916256135852,0.30957783761197755
3.0235955516236577,21.25739223631942,0.8186851205696233,1.1028733690360468,1.3819090845199602,1.7190956135851998,0.4102858376119775
3.0989755516236577,21.332792236319417,0.7829801205696233,0.9164733690360478,1.2812030845199605,1.6147256135852,0.3764118376119775
3.281475551623658,21.332792236319417,0.8940641205696233,0.8410733690360459,1.1878190845199603,1.5323256135852,0.3297198376119775
3.3925555516236576,21.29699223631942,0.7829801205696233,0.8053733690360474,1.2226090845199602,1.5524656135852,0.3700028376119775
3.170385551623658,21.221692236319416,0.7076021205696232,1.0275733690360447,1.2931050845199603,1.6705656135851998,0.3764118376119775
3.2100655516236576,21.29699223631942,0.7076021205696232,1.5194733690360458,1.3754990845199604,1.6843056135852,0.3901448376119775
3.2100655516236576,21.29699223631942,0.7076021205696232,1.5194733690360458,1.3754990845199604,1.6843056135852,0.3901448376119775
3.281475551623658,21.332792236319417,0.7472741205696233,1.8209733690360466,1.3938090845199604,1.6568356135851998,0.3700028376119775
3.281475551623658,21.44779223631942,0.7829801205696233,2.158173369036046,1.3635990845199601,1.6778956135852,0.4029618376119775
3.3171755516236576,21.594592236319418,0.7829801205696233,2.4597733690360464,1.3343040845199603,1.7053556135852,0.34345283761197754
3.3171755516236576,21.669992236319416,0.7076021205696232,2.7215733690360473,1.2400040845199602,1.8161356135851998,0.3562698376119775
3.281475551623658,21.89609223631942,0.7076021205696232,2.8723733690360476,1.2812030845199605,1.9131856135852,0.4368368376119775
3.4282655516236575,21.971492236319417,0.7076021205696232,2.8723733690360476,1.2757100845199605,1.9543856135851998,0.3233108376119775
3.4282655516236575,21.860392236319417,0.6361921205696233,2.7969733690360457,1.3224020845199602,1.9195956135852,0.3297198376119775
3.463965551623658,21.709592236319416,0.5608121205696233,2.7969733690360457,1.3526190845199602,1.7886756135851998,0.4505698376119775
3.539345551623658,21.55889223631942,0.5251021205696234,2.570773369036047,1.3407120845199603,1.6357756135852,0.3361288376119775
3.5036355516236575,21.51919223631942,0.4179921205696233,2.4200733690360465,1.3407120845199603,1.6293656135852,0.3361288376119775
3.539345551623658,21.372392236319417,0.3783121205696234,2.158173369036046,1.2519060845199603,1.7117656135852,0.4368368376119775
3.614725551623658,21.221692236319416,0.4179921205696233,2.047173369036045,1.2702170845199605,1.7886756135851998,0.30957783761197755
3.614725551623658,21.221692236319416,0.4179921205696233,2.047173369036045,1.2702170845199605,1.7886756135851998,0.30957783761197755
3.797215551623658,21.10659223631942,0.4179921205696233,2.1224733690360473,1.3050070845199604,1.7950756135852,0.3562698376119775
3.5750555516236577,20.57899223631942,0.3069021205696232,1.856673369036045,1.2876120845199603,1.7117656135852,0.3635938376119775
3.539345551623658,20.317092236319418,0.3069021205696232,1.6305733690360462,1.2226090845199602,1.6778956135852,0.30957783761197755
3.6861355516236576,19.97989223631942,0.3069021205696232,1.3290733690360454,1.2290180845199603,1.6843056135852,0.4432448376119775
3.6861355516236576,19.678392236319418,0.3426121205696233,0.9164733690360478,1.2464130845199604,1.7053556135852,0.3764118376119775
3.614725551623658,19.602992236319416,0.3426121205696233,0.7656733690360475,1.1347190845199604,1.6843056135852,0.3901448376119775
3.539345551623658,19.638692236319418,0.3069021205696232,0.5395733690360451,1.1933120845199605,1.6431056135851998,0.3159868376119775
3.5750555516236577,19.714092236319416,0.27120212056962334,0.4641733690360468,1.2052140845199604,1.6357756135852,0.4166948376119775
3.6861355516236576,19.753792236319416,0.3069021205696232,0.5395733690360451,1.2400040845199602,1.5872556135851998,0.3562698376119775
3.6861355516236576,19.753792236319416,0.3069021205696232,0.5395733690360451,1.2400040845199602,1.5872556135851998,0.3562698376119775
3.5750555516236577,19.829192236319418,0.3069021205696232,0.7299733690360455,1.2876120845199603,1.5524656135852,0.2958448376119775
3.5036355516236575,19.904492236319417,0.23153212056962325,0.9918733690360462,1.3635990845199601,1.5735256135851998,0.3965528376119775
3.614725551623658,20.09099223631942,0.27120212056962334,1.1782733690360452,1.3938090845199604,1.5945756135851998,0.4707108376119775
3.5750555516236577,20.241692236319416,0.3426121205696233,1.3687733690360453,1.3526190845199602,1.6431056135851998,0.3635938376119775
3.6504255516236577,20.317092236319418,0.3069021205696232,1.670273369036046,1.2702170845199605,1.6495156135851998,0.3965528376119775
3.5750555516236577,20.543292236319417,0.3069021205696232,1.932073369036047,1.2519060845199603,1.6495156135851998,0.3901448376119775
3.5036355516236575,20.654292236319417,0.27120212056962334,2.047173369036045,1.2812030845199605,1.7117656135852,0.3361288376119775
3.463965551623658,20.693992236319417,0.3426121205696233,1.932073369036047,1.3114150845199604,1.7886756135851998,0.4029618376119775
3.5750555516236577,20.693992236319417,0.4536921205696234,1.896373369036045,1.3343040845199603,1.8161356135851998,0.3764118376119775
3.614725551623658,20.805092236319418,0.4179921205696233,1.932073369036047,1.3581090845199602,1.7401456135851998,0.28302783761197753
3.6504255516236577,20.805092236319418,0.4536921205696234,1.7813733690360465,1.3407120845199603,1.6568356135851998,0.4029618376119775
3.6504255516236577,20.805092236319418,0.4536921205696234,1.7813733690360465,1.3407120845199603,1.6568356135851998,0.4029618376119775
3.6504255516236577,20.805092236319418,0.4536921205696234,1.7813733690360465,1.3407120845199603,1.6568356135851998,0.4029618376119775
3.5750555516236577,20.543292236319417,0.3426121205696233,1.7059733690360481,1.2995140845199602,1.7264156135851998,0.4102858376119775
3.7615155516236576,20.46789223631942,0.3069021205696232,1.7813733690360465,1.2995140845199602,1.7813456135852,0.3901448376119775
3.6504255516236577,20.503592236319417,0.1601121205696232,1.7455733690360447,1.2583150845199604,1.7538856135852,0.3297198376119775
3.5750555516236577,20.46789223631942,0.23153212056962325,1.6305733690360462,1.2757100845199605,1.7813456135852,0.4432448376119775
3.7218455516236575,20.352792236319416,0.19582212056962334,1.479773369036046,1.3874090845199603,1.7950756135852,0.3764118376119775
3.6861355516236576,20.09099223631942,0.23153212056962325,1.253673369036047,1.3169090845199602,1.7328256135851998,0.3031698376119775
3.614725551623658,19.97989223631942,0.1601121205696232,1.1425733690360467,1.2400040845199602,1.6705656135851998,0.4505698376119775
3.6504255516236577,19.904492236319417,0.23153212056962325,0.9521733690360463,1.2702170845199605,1.6293656135852,0.4029618376119775
3.614725551623658,19.94019223631942,0.23153212056962325,1.1782733690360452,1.1640160845199605,1.6293656135852,0.3901448376119775
3.6504255516236577,20.015592236319417,0.1601121205696232,1.253673369036047,1.1933120845199605,1.7264156135851998,0.3828208376119775
3.6504255516236577,20.126692236319418,0.1601121205696232,1.4044733690360474,1.2757100845199605,1.8088156135851998,0.4231038376119775
3.6504255516236577,20.166392236319417,0.23153212056962325,1.7813733690360465,1.3169090845199602,1.8088156135851998,0.3233108376119775
3.614725551623658,20.392492236319416,0.23153212056962325,1.9717733690360468,1.3874090845199603,1.6916256135852,0.3562698376119775
3.5750555516236577,20.42819223631942,0.23153212056962325,2.2335733690360478,1.3635990845199601,1.7190956135851998,0.4029618376119775
3.7218455516236575,20.352792236319416,0.08474212056962327,2.495473369036045,1.2702170845199605,1.8298656135851998,0.3965528376119775
3.8686255516236576,20.42819223631942,0.13346787943037675,2.6858733690360452,1.2226090845199602,1.9479756135851998,0.4231038376119775
3.8686255516236576,20.42819223631942,0.13346787943037675,2.6858733690360452,1.2226090845199602,1.9479756135851998,0.4231038376119775
3.9440055516236576,20.46789223631942,0.20487787943037672,2.6858733690360452,1.2290180845199603,1.9617056135851998,0.3361288376119775
4.015415551623658,20.317092236319418,0.20487787943037672,2.570773369036047,1.2757100845199605,1.8921256135851998,0.4166948376119775
4.0550955516236575,20.09099223631942,0.3516678794303767,2.535073369036045,1.2519060845199603,1.7886756135851998,0.3965528376119775
4.090795551623658,19.97989223631942,0.42703787943037663,2.1978733690360457,1.3700090845199604,1.7053556135852,0.3233108376119775
4.0550955516236575,19.753792236319416,0.28024787943037666,2.1224733690360473,1.4871990845199603,1.6705656135851998,0.4231038376119775
4.0550955516236575,19.678392236319418,0.2445478794303768,1.932073369036047,1.5402990845199604,1.6843056135852,0.4368368376119775
4.015415551623658,19.41259223631942,0.3913378794303768,1.896373369036045,1.4697990845199604,1.6916256135852,0.3297198376119775
4.090795551623658,19.11109223631942,0.3516678794303767,1.896373369036045,1.3169090845199602,1.7401456135851998,0.3233108376119775
4.201885551623658,19.035692236319417,0.42703787943037663,1.7455733690360447,1.2464130845199604,1.7813456135852,0.4231038376119775
4.201885551623658,19.035692236319417,0.46274787943037654,1.3290733690360454,1.1933120845199605,1.8088156135851998,0.34345283761197754
3.9797155516236575,18.658792236319417,0.42703787943037663,0.9521733690360463,1.2464130845199604,1.7676156135852,0.4304278376119775
3.832925551623658,18.58339223631942,0.3516678794303767,0.8807733690360458,1.2702170845199605,1.6220456135852,0.28302783761197753
4.015415551623658,18.547692236319417,0.28024787943037666,0.579273369036045,1.4405090845199604,1.5185856135851998,0.4029618376119775
4.015415551623658,18.58339223631942,0.28024787943037666,0.8807733690360458,1.4871990845199603,1.5387356135852,0.4569778376119775
4.015415551623658,18.58339223631942,0.28024787943037666,0.8807733690360458,1.4871990845199603,1.5387356135852,0.4569778376119775
3.832925551623658,18.62309223631942,0.3516678794303767,1.1028733690360468,1.3938090845199604,1.5945756135851998,0.3297198376119775
3.908305551623658,18.77389223631942,0.3159578794303768,1.217973369036045,1.3754990845199604,1.6980356135852,0.3361288376119775
4.0550955516236575,18.884892236319416,0.09775787943037662,1.4044733690360474,1.2995140845199602,1.8298656135851998,0.4231038376119775
3.9440055516236576,18.924592236319416,0.2445478794303768,1.5948733690360477,1.1759170845199605,1.8509256135852,0.30957783761197755
3.797215551623658,18.999992236319418,0.2445478794303768,1.896373369036045,1.1283100845199603,1.8436056135852,0.3764118376119775
3.7615155516236576,19.15069223631942,0.20487787943037672,1.932073369036047,1.2464130845199604,1.8783956135851998,0.3828208376119775
3.7615155516236576,19.41259223631942,0.13346787943037675,2.1224733690360473,1.3938090845199604,1.8225456135851998,0.3965528376119775
3.832925551623658,19.45229223631942,0.2445478794303768,2.2335733690360478,1.4524090845199602,1.7328256135851998,0.3361288376119775
3.8686255516236576,19.563292236319416,0.3913378794303768,2.0828733690360473,1.3526190845199602,1.8088156135851998,0.4368368376119775
4.090795551623658,19.602992236319416,0.28024787943037666,2.047173369036045,1.2812030845199605,1.8371956135852,0.2894368376119775
4.0550955516236575,19.527592236319418,0.2445478794303768,1.856673369036045,1.1695090845199605,1.8710656135852,0.34345283761197754
3.908305551623658,19.45229223631942,0.3516678794303767,1.7813733690360465,1.2400040845199602,1.8857156135851998,0.4166948376119775
3.832925551623658,19.376892236319417,0.20487787943037672,1.670273369036046,1.2345110845199603,1.8436056135852,0.34986183761197753
3.832925551623658,19.26179223631942,0.28024787943037666,1.670273369036046,1.3407120845199603,1.7538856135852,0.3828208376119775
3.797215551623658,19.11109223631942,0.28024787943037666,1.8209733690360466,1.4459990845199604,1.7117656135852,0.4102858376119775
3.797215551623658,19.075392236319416,0.20487787943037672,1.7059733690360481,1.4047990845199605,1.6705656135851998,0.3700028376119775
3.7218455516236575,18.999992236319418,0.28024787943037666,1.4440733690360474,1.3754990845199604,1.6980356135852,0.4231038376119775
3.9440055516236576,18.77389223631942,0.3516678794303767,1.217973369036045,1.1521140845199604,1.8921256135851998,0.3361288376119775
3.9797155516236575,18.73419223631942,0.42703787943037663,1.1782733690360452,1.1283100845199603,1.8783956135851998,0.4029618376119775
3.9440055516236576,18.58339223631942,0.42703787943037663,1.1782733690360452,1.1228170845199603,1.7950756135852,0.3635938376119775
3.8686255516236576,18.396992236319416,0.46274787943037654,1.3290733690360454,1.1347190845199604,1.7264156135851998,0.3700028376119775
3.908305551623658,18.285892236319416,0.3913378794303768,1.4044733690360474,1.3635990845199601,1.6980356135852,0.3635938376119775
3.8686255516236576,18.285892236319416,0.28024787943037666,1.6305733690360462,1.4936090845199606,1.8225456135851998,0.3828208376119775
3.832925551623658,18.361292236319418,0.42703787943037663,1.856673369036045,1.5174090845199601,1.8646556135852,0.4432448376119775
3.908305551623658,18.436592236319417,0.5341578794303767,2.047173369036045,1.2812030845199605,1.8088156135851998,0.3700028376119775
4.126505551623658,18.361292236319418,0.5738278794303768,2.1978733690360457,1.2638080845199604,1.8298656135851998,0.3965528376119775
4.237585551623658,18.170792236319418,0.5738278794303768,2.384373369036048,1.2226090845199602,1.8857156135851998,0.3562698376119775
4.126505551623658,18.095392236319416,0.7206178794303766,2.2692733690360463,1.2345110845199603,1.9195956135852,0.3700028376119775
4.0550955516236575,18.020092236319417,0.7563278794303765,2.0828733690360473,1.3581090845199602,1.9617056135851998,0.4505698376119775
4.162205551623658,18.020092236319417,0.7206178794303766,1.856673369036045,1.3874090845199603,1.8783956135851998,0.3635938376119775
4.237585551623658,18.059692236319417,0.7206178794303766,1.856673369036045,1.4350090845199603,1.7465556135851998,0.3297198376119775
4.201885551623658,17.98439223631942,0.7920278794303768,1.7059733690360481,1.4112090845199603,1.6778956135852,0.4505698376119775
4.201885551623658,17.94469223631942,0.8674078794303768,1.5948733690360477,1.3938090845199604,1.6568356135851998,0.4102858376119775
4.201885551623658,17.908992236319417,0.9031178794303767,1.5194733690360458,1.3819090845199602,1.7328256135851998,0.3764118376119775
4.308995551623657,17.68279223631942,0.9031178794303767,1.6305733690360462,1.3874090845199603,1.8161356135851998,0.3764118376119775
4.348675551623658,17.567792236319416,0.9388178794303765,1.5551733690360479,1.2812030845199605,1.8371956135852,0.3700028376119775
4.308995551623657,17.532092236319418,1.0102378794303768,1.3687733690360453,1.1878190845199603,1.7749356135852,0.4231038376119775
4.308995551623657,17.567792236319416,0.9745278794303769,1.293373369036047,1.2052140845199604,1.7538856135852,0.3764118376119775
4.348675551623658,17.567792236319416,1.049907879430377,1.0671733690360448,1.2876120845199603,1.7465556135851998,0.3700028376119775
4.4557855516236575,17.492392236319418,1.0856078794303767,1.0671733690360448,1.4231090845199605,1.7538856135852,0.4707108376119775
4.4557855516236575,17.30599223631942,1.157017879430377,1.0671733690360448,1.4231090845199605,1.6778956135852,0.34345283761197754
4.348675551623658,17.230592236319417,1.1966978794303766,1.293373369036047,1.3819090845199602,1.5872556135851998,0.3361288376119775
4.495465551623657,17.341692236319417,1.2681078794303768,1.3290733690360454,1.3169090845199602,1.6293656135852,0.4231038376119775
4.677955551623658,17.532092236319418,1.1966978794303766,1.479773369036046,1.2812030845199605,1.7749356135852,0.34345283761197754
4.677955551623658,17.68279223631942,1.3038078794303767,1.6305733690360462,1.2226090845199602,1.9406456135852,0.4029618376119775
4.602575551623658,17.869292236319417,1.3038078794303767,1.7455733690360447,1.2519060845199603,1.9754356135851998,0.3635938376119775
4.5311655516236575,18.020092236319417,1.2681078794303768,1.8209733690360466,1.2400040845199602,1.8921256135851998,0.3233108376119775
4.5311655516236575,18.020092236319417,1.2681078794303768,1.8209733690360466,1.2400040845199602,1.8921256135851998,0.3233108376119775
4.5311655516236575,18.020092236319417,1.2681078794303768,1.8209733690360466,1.2400040845199602,1.8921256135851998,0.3233108376119775
4.5311655516236575,18.020092236319417,1.2681078794303768,1.8209733690360466,1.2400040845199602,1.8921256135851998,0.3233108376119775
4.566875551623657,18.210492236319418,1.1966978794303766,2.158173369036046,1.4112090845199603,1.6916256135852,0.3297198376119775
4.642255551623657,18.47229223631942,1.2681078794303768,2.0074733690360453,1.4285990845199605,1.8161356135851998,0.4432448376119775
4.713665551623658,18.547692236319417,1.3434878794303768,1.896373369036045,1.3407120845199603,1.9479756135851998,0.34986183761197753
4.642255551623657,18.58339223631942,1.4505978794303769,1.9717733690360468,1.1695090845199605,1.9058556135851998,0.34986183761197753
4.566875551623657,18.396992236319416,1.4505978794303769,1.856673369036045,1.1933120845199605,1.8436056135852,0.4029618376119775
4.602575551623658,18.246192236319416,1.2681078794303768,1.8209733690360466,1.1988060845199604,1.7886756135851998,0.3901448376119775
4.566875551623657,18.13509223631942,1.2681078794303768,1.8209733690360466,1.2702170845199605,1.6980356135852,0.3700028376119775
4.4557855516236575,18.13509223631942,1.3038078794303767,1.932073369036047,1.4166990845199603,1.7676156135852,0.3562698376119775
4.4557855516236575,17.94469223631942,1.3038078794303767,1.856673369036045,1.5283990845199602,1.8298656135851998,0.4368368376119775
4.5311655516236575,17.83359223631942,1.3434878794303768,1.7813733690360465,1.5348090845199605,1.7749356135852,0.4304278376119775
4.566875551623657,17.567792236319416,1.4148978794303766,1.5551733690360479,1.4643090845199604,1.7401456135851998,0.30957783761197755
4.495465551623657,17.190892236319417,1.4148978794303766,1.479773369036046,1.2757100845199605,1.7465556135851998,0.3901448376119775
4.602575551623658,16.893392236319418,1.4863078794303768,1.4044733690360474,1.1878190845199603,1.7676156135852,0.3297198376119775
4.677955551623658,16.742592236319418,1.3791878794303767,1.253673369036047,1.2400040845199602,1.8298656135851998,0.34986183761197753
4.677955551623658,16.62759223631942,1.232397879430377,1.3290733690360454,1.2757100845199605,1.9058556135851998,0.4166948376119775
4.4557855516236575,16.552192236319417,1.3038078794303767,1.4440733690360474,1.3938090845199604,1.9195956135852,0.3965528376119775
4.348675551623658,16.552192236319417,1.3038078794303767,1.6305733690360462,1.4459990845199604,1.8298656135851998,0.34345283761197754
4.384375551623657,16.401392236319417,1.2681078794303768,1.7455733690360447,1.4112090845199603,1.6916256135852,0.4166948376119775
4.495465551623657,16.32599223631942,1.3038078794303767,1.8209733690360466,1.4816990845199602,1.6632456135851998,0.3901448376119775
4.677955551623658,16.32599223631942,1.3434878794303768,1.896373369036045,1.4405090845199604,1.7328256135851998,0.3700028376119775
4.677955551623658,16.51649223631942,1.5259778794303769,1.8209733690360466,1.4231090845199605,1.8921256135851998,0.3700028376119775
4.566875551623657,16.702892236319418,1.5973878794303766,2.0828733690360473,1.3407120845199603,2.0303656135851997,0.3965528376119775
4.642255551623657,17.00439223631942,1.4863078794303768,2.047173369036045,1.3050070845199604,1.9681156135851998,0.4368368376119775
4.602575551623658,17.04409223631942,1.4863078794303768,2.047173369036045,1.1933120845199605,1.8573356135852,0.3635938376119775
4.566875551623657,16.968692236319416,1.5616878794303768,2.1224733690360473,1.1521140845199604,1.7950756135852,0.34345283761197754
4.642255551623657,17.00439223631942,1.5616878794303768,2.0828733690360473,1.2583150845199604,1.8161356135851998,0.4771198376119775
4.713665551623658,16.968692236319416,1.6330978794303765,2.047173369036045,1.5402990845199604,1.8436056135852,0.3901448376119775
4.713665551623658,16.968692236319416,1.6727678794303766,2.158173369036046,1.5402990845199604,1.7886756135851998,0.4166948376119775
4.677955551623658,16.702892236319418,1.8552678794303767,2.1224733690360473,1.4166990845199603,1.7676156135852,0.3828208376119775
4.749365551623658,16.441092236319417,1.7798878794303767,2.0828733690360473,1.2931050845199603,1.7749356135852,0.3828208376119775
4.935825551623657,16.32599223631942,1.6727678794303766,1.8209733690360466,1.1988060845199604,1.8921256135851998,0.3764118376119775
4.789035551623658,16.32599223631942,1.7084778794303765,1.670273369036046,1.1878190845199603,2.0029056135851997,0.3700028376119775
4.602575551623658,16.36569223631942,1.6727678794303766,1.5194733690360458,1.1814110845199604,1.9964956135852,0.3635938376119775
4.602575551623658,16.36569223631942,1.6727678794303766,1.5194733690360458,1.1814110845199604,1.9964956135852,0.3635938376119775
4.5311655516236575,16.290292236319416,1.5616878794303768,1.4044733690360474,1.3114150845199604,1.8857156135851998,0.4029618376119775
4.566875551623657,16.36569223631942,1.5259778794303769,1.5194733690360458,1.4047990845199605,1.7117656135852,0.3901448376119775
4.566875551623657,16.51649223631942,1.5616878794303768,1.5948733690360477,1.4459990845199604,1.5597856135852,0.3700028376119775
4.5311655516236575,16.51649223631942,1.6330978794303765,1.7059733690360481,1.5228990845199601,1.6083156135852,0.4166948376119775
4.566875551623657,16.51649223631942,1.6330978794303765,1.7455733690360447,1.4643090845199604,1.7602856135851999,0.3700028376119775
4.713665551623658,16.742592236319418,1.7798878794303767,1.7813733690360465,1.3874090845199603,1.8573356135852,0.3297198376119775
4.860455551623658,16.968692236319416,1.6330978794303765,1.7059733690360481,1.3050070845199604,1.9617056135851998,0.4166948376119775
4.677955551623658,17.04409223631942,1.7441778794303768,1.896373369036045,1.1759170845199605,1.9342356135852,0.3828208376119775
4.495465551623657,17.04409223631942,1.7441778794303768,2.047173369036045,1.0935200845199604,1.8225456135851998,0.3562698376119775
4.5311655516236575,17.11549223631942,1.6727678794303766,2.158173369036046,1.1521140845199604,1.7886756135851998,0.34345283761197754
4.602575551623658,17.04409223631942,1.6330978794303765,2.158173369036046,1.3114150845199604,1.8509256135852,0.4304278376119775
4.602575551623658,17.15519223631942,1.6727678794303766,2.1978733690360457,1.3700090845199604,1.9131856135852,0.3233108376119775
4.602575551623658,17.00439223631942,1.7798878794303767,2.1978733690360457,1.4990990845199605,1.8994456135851998,0.2958448376119775
4.642255551623657,16.66719223631942,1.7798878794303767,2.2335733690360478,1.5640990845199605,1.8225456135851998,0.4633868376119775
4.677955551623658,16.51649223631942,1.7441778794303768,2.0828733690360473,1.5283990845199602,1.7749356135852,0.3764118376119775
4.602575551623658,16.250692236319416,1.7084778794303765,2.0074733690360453,1.3938090845199604,1.7813456135852,0.3700028376119775
4.602575551623658,15.98879223631942,1.8552678794303767,1.896373369036045,1.3114150845199604,1.9195956135852,0.3965528376119775
4.4557855516236575,15.762692236319417,1.7441778794303768,1.7455733690360447,1.2226090845199602,2.0102256135851997,0.4231038376119775
4.602575551623658,15.576192236319418,1.5616878794303768,1.5551733690360479,1.2638080845199604,1.9681156135851998,0.4166948376119775
4.4557855516236575,15.31039223631942,1.5259778794303769,1.253673369036047,1.2702170845199605,1.9131856135852,0.3635938376119775
4.273295551623658,15.048592236319418,1.5973878794303766,1.1425733690360467,1.2876120845199603,1.8161356135851998,0.4102858376119775
4.273295551623658,15.048592236319418,1.5973878794303766,1.1425733690360467,1.2876120845199603,1.8161356135851998,0.4102858376119775
4.237585551623658,14.897792236319418,1.5616878794303768,0.9918733690360462,1.3938090845199604,1.7264156135851998,0.3901448376119775
4.4557855516236575,14.707392236319418,1.5259778794303769,0.9164733690360478,1.4524090845199602,1.6632456135851998,0.3901448376119775
4.384375551623657,14.67169223631942,1.5973878794303766,0.8807733690360458,1.5174090845199601,1.6431056135851998,0.3700028376119775
4.308995551623657,14.67169223631942,1.5973878794303766,0.9918733690360462,1.4990990845199605,1.7538856135852,0.34345283761197754
4.273295551623658,14.782792236319416,1.6330978794303765,1.1028733690360468,1.4459990845199604,1.8646556135852,0.4029618376119775
4.420085551623657,15.008892236319419,1.5973878794303766,1.217973369036045,1.3526190845199602,1.8710656135852,0.4029618376119775
4.384375551623657,15.159692236319419,1.4863078794303768,1.3687733690360453,1.2400040845199602,1.8225456135851998,0.30957783761197755
4.308995551623657,15.385792236319418,1.6330978794303765,1.5194733690360458,1.2107070845199603,1.8371956135852,0.4102858376119775
4.273295551623658,15.461192236319416,1.6727678794303766,1.5948733690360477,1.1640160845199605,1.8994456135851998,0.4707108376119775
4.348675551623658,15.647592236319419,1.6330978794303765,1.7813733690360465,1.2995140845199602,1.8994456135851998,0.3764118376119775
4.420085551623657,15.798392236319419,1.5973878794303766,2.158173369036046,1.4697990845199604,1.8573356135852,0.3764118376119775
4.384375551623657,15.687292236319418,1.6330978794303765,2.4200733690360465,1.5586090845199605,1.8646556135852,0.3965528376119775
4.237585551623658,15.762692236319417,1.7441778794303768,2.4597733690360464,1.5879090845199602,1.8783956135851998,0.34345283761197754
4.384375551623657,15.798392236319419,1.7441778794303768,2.384373369036048,1.4697990845199604,1.9195956135852,0.3965528376119775
4.495465551623657,15.98879223631942,1.7084778794303765,2.3446733690360446,1.3581090845199602,1.9891756135852,0.3965528376119775
4.4557855516236575,16.024492236319418,1.6727678794303766,2.308973369036046,1.2226090845199602,2.0239656135851996,0.3700028376119775
4.420085551623657,15.94909223631942,1.7441778794303768,2.0828733690360473,1.2052140845199604,2.0376956135852,0.34345283761197754
4.237585551623658,15.873792236319417,1.7084778794303765,2.1224733690360473,1.2519060845199603,2.0166356135852,0.4368368376119775
4.308995551623657,15.913392236319417,1.7084778794303765,2.0828733690360473,1.3635990845199601,1.9681156135851998,0.3297198376119775
4.308995551623657,15.913392236319417,1.7084778794303765,2.0828733690360473,1.3635990845199601,1.9681156135851998,0.3297198376119775
4.308995551623657,15.913392236319417,1.7084778794303765,2.0828733690360473,1.3635990845199601,1.9681156135851998,0.3297198376119775
4.348675551623658,15.762692236319417,1.8552678794303767,1.5551733690360479,1.4697990845199604,1.7401456135851998,0.2958448376119775
4.384375551623657,15.647592236319419,1.8909678794303766,1.4044733690360474,1.4578990845199602,1.7676156135852,0.4368368376119775
4.5311655516236575,15.762692236319417,1.7798878794303767,1.3687733690360453,1.4285990845199605,1.8298656135851998,0.3828208376119775
4.420085551623657,15.687292236319418,1.8195578794303768,1.4440733690360474,1.2812030845199605,1.8994456135851998,0.34345283761197754
4.348675551623658,15.798392236319419,1.8195578794303768,1.670273369036046,1.2400040845199602,1.8994456135851998,0.3635938376119775
4.308995551623657,15.98879223631942,1.7798878794303767,1.7455733690360447,1.1933120845199605,1.8857156135851998,0.3965528376119775
4.384375551623657,15.98879223631942,1.7441778794303768,1.8209733690360466,1.2345110845199603,1.8994456135851998,0.3700028376119775
4.384375551623657,15.913392236319417,1.8552678794303767,1.932073369036047,1.2876120845199603,1.9058556135851998,0.3965528376119775
4.384375551623657,15.798392236319419,1.8909678794303766,2.0828733690360473,1.2757100845199605,1.8783956135851998,0.3562698376119775
4.420085551623657,15.722992236319417,2.0020578794303763,2.0828733690360473,1.4816990845199602,1.8857156135851998,0.3965528376119775
4.5311655516236575,15.536492236319418,1.9623778794303768,2.2335733690360478,1.4990990845199605,1.8710656135852,0.4368368376119775
4.4557855516236575,15.500792236319416,1.9623778794303768,2.384373369036048,1.5348090845199605,1.8710656135852,0.26288583761197754
4.420085551623657,15.536492236319418,1.9623778794303768,2.3446733690360446,1.5640990845199605,1.8994456135851998,0.4029618376119775
4.495465551623657,15.425492236319418,1.8909678794303766,2.2692733690360463,1.4578990845199602,1.9479756135851998,0.3828208376119775
4.420085551623657,15.199292236319419,1.9266778794303765,2.0828733690360473,1.3462090845199604,1.9195956135852,0.34986183761197753
4.384375551623657,14.897792236319418,1.9623778794303768,2.0074733690360453,1.2171160845199602,1.9342356135852,0.34986183761197753
4.495465551623657,14.520892236319419,2.1091678794303768,1.479773369036046,1.2638080845199604,1.9827656135851999,0.4029618376119775
4.566875551623657,14.294792236319417,2.1091678794303768,1.5551733690360479,1.3635990845199601,1.9342356135852,0.2958448376119775
4.642255551623657,14.179692236319418,2.2202578794303767,1.4044733690360474,1.4643090845199604,1.8161356135851998,0.3361288376119775
4.602575551623658,14.255092236319417,2.255957879430377,1.253673369036047,1.5521990845199602,1.7538856135852,0.34345283761197754
4.566875551623657,14.068692236319418,2.2202578794303767,0.9521733690360463,1.4936090845199606,1.7190956135851998,0.3562698376119775
4.5311655516236575,13.99329223631942,2.1845478794303768,0.9918733690360462,1.4166990845199603,1.7465556135851998,0.3635938376119775
4.602575551623658,14.104392236319416,2.255957879430377,0.8807733690360458,1.3874090845199603,1.7676156135852,0.4029618376119775
4.642255551623657,14.104392236319416,2.2202578794303767,1.0671733690360448,1.2702170845199605,1.8371956135852,0.3901448376119775
4.602575551623658,14.179692236319418,2.2956378794303767,1.293373369036047,1.2583150845199604,1.8573356135852,0.4102858376119775
4.642255551623657,14.143992236319416,2.2956378794303767,1.5948733690360477,1.2519060845199603,1.8994456135851998,0.3361288376119775
4.642255551623657,14.219392236319418,2.331337879430377,1.7455733690360447,1.3050070845199604,1.9269156135852,0.4166948376119775
4.677955551623658,14.179692236319418,2.402747879430377,1.896373369036045,1.4047990845199605,1.9269156135852,0.4432448376119775
4.713665551623658,14.255092236319417,2.402747879430377,2.1224733690360473,1.3526190845199602,1.9195956135852,0.30957783761197755
4.713665551623658,14.445492236319417,2.438457879430377,2.1224733690360473,1.3938090845199604,1.9131856135852,0.4166948376119775
4.749365551623658,14.63199223631942,2.402747879430377,2.308973369036046,1.4697990845199604,1.9269156135852,0.4029618376119775
4.713665551623658,14.933492236319417,2.402747879430377,2.6858733690360452,1.4697990845199604,1.8921256135851998,0.3700028376119775
4.677955551623658,15.159692236319419,2.402747879430377,2.6858733690360452,1.4285990845199605,1.9543856135851998,0.4304278376119775
4.749365551623658,15.084292236319417,2.402747879430377,2.6858733690360452,1.3526190845199602,2.0239656135851996,0.34986183761197753
4.824745551623658,15.084292236319417,2.5495378794303774,2.6461733690360454,1.2583150845199604,1.9964956135852,0.4231038376119775
4.896155551623657,15.159692236319419,2.5852478794303773,2.495473369036045,1.2812030845199605,2.0102256135851997,0.3562698376119775
4.935825551623657,15.123892236319417,2.5852478794303773,2.384373369036048,1.3993090845199605,2.0029056135851997,0.4368368376119775
4.789035551623658,15.084292236319417,2.6249178794303774,2.2335733690360478,1.4047990845199605,1.9479756135851998,0.3562698376119775
4.789035551623658,15.084292236319417,2.6249178794303774,2.2335733690360478,1.4047990845199605,1.9479756135851998,0.3562698376119775
4.860455551623658,14.933492236319417,2.6249178794303774,2.047173369036045,1.4990990845199605,1.8509256135852,0.5036698376119776
4.824745551623658,14.67169223631942,2.478127879430377,1.8209733690360466,1.4285990845199605,1.8161356135851998,0.3635938376119775
4.713665551623658,14.520892236319419,2.5495378794303774,1.7455733690360447,1.3635990845199601,1.8024056135851998,0.3361288376119775
4.713665551623658,14.294792236319417,2.5495378794303774,1.670273369036046,1.3700090845199604,1.8646556135852,0.4633868376119775
4.824745551623658,14.143992236319416,2.5852478794303773,1.5551733690360479,1.3288100845199604,1.9195956135852,0.3297198376119775
4.824745551623658,13.917892236319418,2.5852478794303773,1.5948733690360477,1.2995140845199602,1.9058556135851998,0.3635938376119775
4.789035551623658,13.731392236319419,2.5495378794303774,1.856673369036045,1.3224020845199602,1.9479756135851998,0.4569778376119775
4.713665551623658,13.691792236319419,2.6606278794303773,1.932073369036047,1.3700090845199604,1.9891756135852,0.3233108376119775
4.789035551623658,13.656092236319417,2.5852478794303773,1.856673369036045,1.3700090845199604,1.9827656135851999,0.3562698376119775
4.713665551623658,13.580692236319418,2.6249178794303774,1.7813733690360465,1.3114150845199604,1.9479756135851998,0.3361288376119775
4.642255551623657,13.505292236319416,2.5852478794303773,1.670273369036046,1.2812030845199605,1.9131856135852,0.4231038376119775
4.713665551623658,13.390192236319418,2.5852478794303773,1.7059733690360481,1.3526190845199602,1.8783956135851998,0.34345283761197754
4.713665551623658,13.465592236319416,2.6249178794303774,1.896373369036045,1.3343040845199603,1.8646556135852,0.3965528376119775
4.677955551623658,13.429892236319418,2.5852478794303773,1.856673369036045,1.4697990845199604,1.8573356135852,0.3901448376119775
4.677955551623658,13.656092236319417,2.513837879430377,1.7813733690360465,1.4936090845199606,1.9131856135852,0.3233108376119775
4.677955551623658,13.806792236319417,2.6249178794303774,1.7813733690360465,1.4578990845199602,1.9195956135852,0.4432448376119775
4.642255551623657,13.84249223631942,2.513837879430377,1.856673369036045,1.4047990845199605,1.9269156135852,0.3562698376119775
4.713665551623658,13.917892236319418,2.513837879430377,1.7059733690360481,1.3462090845199604,1.8857156135851998,0.3159868376119775
4.602575551623658,13.767092236319417,2.513837879430377,1.670273369036046,1.3114150845199604,1.8783956135851998,0.4304278376119775
4.642255551623657,13.540992236319418,2.5852478794303773,1.7059733690360481,1.3114150845199604,1.9342356135852,0.34345283761197754
4.749365551623658,13.429892236319418,2.513837879430377,1.670273369036046,1.4047990845199605,1.9406456135852,0.34986183761197753
4.749365551623658,13.354492236319416,2.478127879430377,1.670273369036046,1.3938090845199604,1.9543856135851998,0.5036698376119776
4.713665551623658,13.279192236319417,2.6249178794303774,1.6305733690360462,1.4405090845199604,1.8857156135851998,0.3233108376119775
4.749365551623658,13.20379223631942,2.5495378794303774,1.5551733690360479,1.3819090845199602,1.8371956135852,0.3562698376119775
4.824745551623658,13.16409223631942,2.5495378794303774,1.479773369036046,1.4047990845199605,1.8573356135852,0.4102858376119775
4.789035551623658,13.128392236319417,2.5852478794303773,1.5194733690360458,1.4166990845199603,1.9131856135852,0.34986183761197753
4.824745551623658,13.128392236319417,2.5495378794303774,1.7455733690360447,1.3874090845199603,1.9269156135852,0.4633868376119775
4.713665551623658,13.279192236319417,2.513837879430377,1.8209733690360466,1.4350090845199603,1.9754356135851998,0.3901448376119775
4.642255551623657,13.580692236319418,2.5852478794303773,2.0074733690360453,1.3819090845199602,1.9827656135851999,0.3901448376119775
4.713665551623658,13.691792236319419,2.5495378794303774,1.9717733690360468,1.3462090845199604,1.9754356135851998,0.34345283761197754
4.749365551623658,13.691792236319419,2.5495378794303774,2.0828733690360473,1.3169090845199602,1.9891756135852,0.3828208376119775
4.789035551623658,13.656092236319417,2.6963278794303767,2.0828733690360473,1.3819090845199602,1.9543856135851998,0.4102858376119775
4.824745551623658,13.882192236319419,2.6963278794303767,2.0828733690360473,1.3343040845199603,1.9269156135852,0.3297198376119775
4.824745551623658,14.143992236319416,2.7320378794303766,2.158173369036046,1.4350090845199603,1.9269156135852,0.4102858376119775
4.824745551623658,14.330492236319419,2.7717078794303767,2.4200733690360465,1.4578990845199602,1.9617056135851998,0.4102858376119775
4.824745551623658,14.445492236319417,2.7717078794303767,2.610473369036047,1.4936090845199606,1.9269156135852,0.26929483761197753
4.824745551623658,14.445492236319417,2.8074178794303766,2.6858733690360452,1.5402990845199604,1.9543856135851998,0.4707108376119775
4.860455551623658,14.255092236319417,2.8074178794303766,2.8365733690360457,1.4816990845199602,2.0303656135851997,0.3828208376119775
4.896155551623657,14.068692236319418,2.8074178794303766,2.761273369036047,1.4047990845199605,2.0303656135851997,0.26288583761197754
4.971535551623657,14.032892236319416,2.954197879430377,2.610473369036047,1.3526190845199602,2.0862156135851997,0.4505698376119775
5.042945551623657,13.917892236319418,2.914527879430377,2.570773369036047,1.3224020845199602,2.0862156135851997,0.3700028376119775
5.007245551623658,13.731392236319419,2.8788278794303768,2.384373369036048,1.3526190845199602,2.0239656135851996,0.3031698376119775
5.007245551623658,13.390192236319418,2.914527879430377,2.2692733690360463,1.4578990845199602,1.9891756135852,0.3764118376119775
5.007245551623658,13.390192236319418,2.914527879430377,2.2692733690360463,1.4578990845199602,1.9891756135852,0.3764118376119775
5.007245551623658,13.390192236319418,2.914527879430377,2.2692733690360463,1.4578990845199602,1.9891756135852,0.3764118376119775
4.896155551623657,12.600792236319418,2.914527879430377,1.5194733690360458,1.4578990845199602,1.8573356135852,0.4231038376119775
4.896155551623657,12.489692236319417,2.843117879430377,1.4044733690360474,1.4578990845199602,1.8710656135852,0.4166948376119775
4.935825551623657,12.338892236319417,2.914527879430377,1.3687733690360453,1.3754990845199604,1.9058556135851998,0.4102858376119775
4.896155551623657,12.188192236319416,2.843117879430377,1.3687733690360453,1.3526190845199602,1.9543856135851998,0.3828208376119775
4.935825551623657,12.112792236319418,2.8788278794303768,1.4044733690360474,1.3635990845199601,1.9681156135851998,0.3361288376119775
5.007245551623658,12.148492236319417,2.8788278794303768,1.5551733690360479,1.3407120845199603,1.9342356135852,0.4029618376119775
4.896155551623657,12.449992236319417,2.843117879430377,1.479773369036046,1.3114150845199604,1.9195956135852,0.3764118376119775
4.713665551623658,12.711792236319418,2.843117879430377,1.479773369036046,1.2931050845199603,1.9406456135852,0.3562698376119775
4.824745551623658,12.787192236319417,2.8788278794303768,1.3687733690360453,1.3526190845199602,1.9342356135852,0.34345283761197754
4.824745551623658,12.826892236319416,2.7717078794303767,1.5194733690360458,1.3754990845199604,1.9131856135852,0.4368368376119775
4.749365551623658,12.826892236319416,2.843117879430377,1.7059733690360481,1.4231090845199605,1.8994456135851998,0.3159868376119775
4.896155551623657,12.937992236319417,2.914527879430377,2.2335733690360478,1.4285990845199605,1.9479756135851998,0.3700028376119775
5.042945551623657,13.088692236319417,2.954197879430377,2.2692733690360463,1.4231090845199605,2.0239656135851996,0.3901448376119775
4.935825551623657,12.937992236319417,3.025617879430377,2.4200733690360465,1.4166990845199603,2.0935456135851997,0.3965528376119775
5.042945551623657,12.937992236319417,3.0613178794303773,2.384373369036048,1.4405090845199604,2.1210056135852,0.3764118376119775
5.007245551623658,12.902292236319418,3.0613178794303773,2.4200733690360465,1.4459990845199604,2.0514256135851996,0.3635938376119775
4.935825551623657,12.787192236319417,3.025617879430377,2.3446733690360446,1.4762090845199602,2.0303656135851997,0.4102858376119775
4.896155551623657,12.826892236319416,2.989907879430377,2.2335733690360478,1.4816990845199602,2.0239656135851996,0.3828208376119775
4.896155551623657,12.826892236319416,3.025617879430377,1.9717733690360468,1.4231090845199605,2.0029056135851997,0.3031698376119775
5.042945551623657,12.826892236319416,3.1366978794303773,1.856673369036045,1.4047990845199605,1.9827656135851999,0.4231038376119775
5.0826155516236575,12.636492236319416,3.0613178794303773,1.7455733690360447,1.3526190845199602,1.9617056135851998,0.3828208376119775
5.229405551623658,12.600792236319418,3.172407879430377,1.6305733690360462,1.3224020845199602,1.8994456135851998,0.34986183761197753
5.154035551623657,12.52539223631942,3.2834878794303766,1.4440733690360474,1.3993090845199605,1.8857156135851998,0.3700028376119775
5.154035551623657,12.600792236319418,3.2081078794303766,1.5194733690360458,1.4524090845199602,1.9058556135851998,0.3828208376119775
5.154035551623657,12.600792236319418,3.2834878794303766,1.5194733690360458,1.4762090845199602,1.8573356135852,0.4029618376119775
5.265115551623658,12.600792236319418,3.2477778794303767,1.7813733690360465,1.5055090845199603,1.8509256135852,0.4304278376119775
5.189735551623658,12.636492236319416,3.2834878794303766,1.856673369036045,1.5174090845199601,1.8573356135852,0.34986183761197753
5.229405551623658,12.600792236319418,3.3548978794303768,2.047173369036045,1.4762090845199602,1.9195956135852,0.3700028376119775
5.189735551623658,12.449992236319417,3.4302778794303768,2.158173369036046,1.3938090845199604,1.9827656135851999,0.3828208376119775
5.265115551623658,12.299192236319417,3.4302778794303768,2.1224733690360473,1.3819090845199602,2.0166356135852,0.3233108376119775
5.336525551623658,12.263492236319419,3.319187879430377,2.158173369036046,1.3526190845199602,2.0303656135851997,0.4368368376119775
5.265115551623658,12.112792236319418,3.4302778794303768,2.2335733690360478,1.3938090845199604,2.0166356135852,0.4166948376119775
5.265115551623658,12.112792236319418,3.4302778794303768,2.2335733690360478,1.3938090845199604,2.0166356135852,0.4166948376119775
5.336525551623658,12.188192236319416,3.3906078794303767,2.384373369036048,1.3938090845199604,2.0102256135851997,0.3031698376119775
5.189735551623658,12.112792236319418,3.3906078794303767,2.6858733690360452,1.4578990845199602,2.0166356135852,0.3700028376119775
5.265115551623658,12.037392236319416,3.465977879430377,2.7969733690360457,1.5283990845199602,2.0376956135852,0.3562698376119775
5.265115551623658,11.84699223631942,3.3548978794303768,2.7215733690360473,1.5348090845199605,2.0514256135851996,0.4029618376119775
5.265115551623658,11.660492236319417,3.501687879430377,2.7215733690360473,1.4350090845199603,2.1484756135852,0.3901448376119775
5.336525551623658,11.660492236319417,3.537397879430377,2.6461733690360454,1.3224020845199602,2.1695256135851997,0.3635938376119775
5.376195551623658,11.585092236319419,3.577067879430377,2.384373369036048,1.3343040845199603,2.1210056135852,0.3901448376119775
5.376195551623658,11.545492236319419,3.577067879430377,2.1978733690360457,1.3526190845199602,2.0514256135851996,0.3635938376119775
5.376195551623658,11.394692236319418,3.6127678794303772,1.896373369036045,1.4166990845199603,1.9964956135852,0.4231038376119775
5.229405551623658,11.470092236319417,3.648477879430377,1.8209733690360466,1.4816990845199602,1.8857156135851998,0.34345283761197754
5.300815551623658,11.470092236319417,3.501687879430377,1.6305733690360462,1.5174090845199601,1.8298656135851998,0.3764118376119775
5.376195551623658,11.545492236319419,3.537397879430377,1.4440733690360474,1.4643090845199604,1.8509256135852,0.4835288376119775
5.336525551623658,11.545492236319419,3.537397879430377,1.3687733690360453,1.3874090845199603,1.8371956135852,0.2958448376119775
5.447605551623657,11.434392236319418,3.648477879430377,1.4044733690360474,1.3635990845199601,1.8857156135851998,0.30957783761197755
5.336525551623658,11.509792236319417,3.648477879430377,1.5194733690360458,1.3635990845199601,1.9827656135851999,0.3828208376119775
5.376195551623658,11.358992236319416,3.648477879430377,1.7059733690360481,1.4350090845199603,2.0239656135851996,0.3297198376119775
5.376195551623658,11.358992236319416,3.648477879430377,1.7059733690360481,1.4350090845199603,2.0239656135851996,0.3297198376119775
5.411905551623658,11.283592236319418,3.577067879430377,2.0074733690360453,1.4231090845199605,1.9964956135852,0.4166948376119775
5.411905551623658,11.319292236319416,3.6127678794303772,2.2335733690360478,1.4231090845199605,1.9406456135852,0.2894368376119775
5.411905551623658,11.545492236319419,3.537397879430377,2.047173369036045,1.3874090845199603,1.9406456135852,0.3901448376119775
5.265115551623658,11.84699223631942,3.684187879430377,2.047173369036045,1.4524090845199602,2.0376956135852,0.2894368376119775
5.336525551623658,11.88659223631942,3.7595578794303766,1.932073369036047,1.4459990845199604,2.0029056135851997,0.4166948376119775
5.447605551623657,11.997692236319416,3.684187879430377,2.0074733690360453,1.4524090845199602,1.9891756135852,0.34986183761197753
5.411905551623658,12.148492236319417,3.684187879430377,2.2335733690360478,1.4166990845199603,1.9342356135852,0.3965528376119775
5.336525551623658,12.148492236319417,3.7952678794303774,2.6461733690360454,1.4285990845199605,1.9195956135852,0.34986183761197753
5.336525551623658,12.299192236319417,3.723857879430377,2.495473369036045,1.4350090845199603,1.9543856135851998,0.34345283761197754
5.336525551623658,12.414292236319419,3.684187879430377,2.384373369036048,1.4697990845199604,2.0862156135851997,0.4368368376119775
5.300815551623658,12.299192236319417,3.7595578794303766,2.384373369036048,1.3874090845199603,2.1484756135852,0.3700028376119775
5.265115551623658,12.449992236319417,3.7595578794303766,2.2335733690360478,1.3407120845199603,2.0587556135851997,0.4569778376119775
5.229405551623658,12.338892236319417,3.7595578794303766,2.2335733690360478,1.3581090845199602,1.9891756135852,0.3562698376119775
5.265115551623658,12.073092236319418,3.684187879430377,2.1224733690360473,1.3462090845199604,1.9342356135852,0.30957783761197755
5.189735551623658,11.84699223631942,3.684187879430377,1.932073369036047,1.4047990845199605,1.9681156135851998,0.4771198376119775
5.265115551623658,11.545492236319419,3.684187879430377,1.8209733690360466,1.4578990845199602,1.9891756135852,0.3159868376119775
5.336525551623658,11.545492236319419,3.648477879430377,1.7059733690360481,1.4643090845199604,1.9479756135851998,0.3901448376119775
5.229405551623658,11.243892236319418,3.723857879430377,1.7059733690360481,1.4643090845199604,1.9479756135851998,0.4505698376119775
5.154035551623657,11.208192236319416,3.723857879430377,1.670273369036046,1.4231090845199605,1.9543856135851998,0.3361288376119775
5.154035551623657,11.132892236319417,3.684187879430377,1.7455733690360447,1.4405090845199604,1.9269156135852,0.3233108376119775
5.118325551623657,10.870992236319417,3.501687879430377,1.7813733690360465,1.4231090845199605,1.9617056135851998,0.3901448376119775
5.042945551623657,10.605192236319418,3.537397879430377,2.0074733690360453,1.4524090845199602,2.0029056135851997,0.34986183761197753
5.042945551623657,10.494092236319418,3.537397879430377,1.896373369036045,1.3874090845199603,2.0376956135852,0.3901448376119775
4.971535551623657,10.41869223631942,3.501687879430377,1.7813733690360465,1.4166990845199603,2.0862156135851997,0.3828208376119775
4.935825551623657,10.454492236319417,3.501687879430377,1.7813733690360465,1.3343040845199603,2.0935456135851997,0.3764118376119775
4.971535551623657,10.605192236319418,3.537397879430377,1.7059733690360481,1.3581090845199602,2.0102256135851997,0.3901448376119775
4.935825551623657,10.755992236319418,3.537397879430377,1.5551733690360479,1.4524090845199602,1.9342356135852,0.28302783761197753
4.896155551623657,10.906692236319419,3.577067879430377,1.7813733690360465,1.4405090845199604,1.9058556135851998,0.4771198376119775
4.824745551623658,11.097192236319419,3.577067879430377,2.3446733690360446,1.5174090845199601,1.9543856135851998,0.27570383761197753
4.824745551623658,11.097192236319419,3.577067879430377,2.3446733690360446,1.5174090845199601,1.9543856135851998,0.27570383761197753
4.789035551623658,11.283592236319418,3.577067879430377,2.495473369036045,1.5640990845199605,2.0450156135852,0.4835288376119775
4.860455551623658,11.283592236319418,3.684187879430377,2.8365733690360457,1.3581090845199602,2.1905856135851995,0.3159868376119775
4.860455551623658,11.283592236319418,3.684187879430377,2.8365733690360457,1.3581090845199602,2.1905856135851995,0.3159868376119775
4.860455551623658,11.243892236319418,3.537397879430377,2.8365733690360457,1.3343040845199603,2.1905856135851995,0.4166948376119775
4.860455551623658,11.16859223631942,3.6127678794303772,2.7969733690360457,1.4112090845199603,2.1832656135851995,0.4231038376119775
4.789035551623658,11.057492236319419,3.6127678794303772,2.6858733690360452,1.4047990845199605,2.0999456135852,0.3361288376119775
4.789035551623658,10.982092236319417,3.577067879430377,2.535073369036045,1.4697990845199604,2.0587556135851997,0.3233108376119775
4.713665551623658,11.057492236319419,3.537397879430377,2.308973369036046,1.5695990845199606,2.0514256135851996,0.4304278376119775
4.860455551623658,11.097192236319419,3.501687879430377,2.0828733690360473,1.5109990845199603,2.0239656135851996,0.4231038376119775
4.824745551623658,11.057492236319419,3.537397879430377,1.896373369036045,1.4459990845199604,1.9964956135852,0.3233108376119775
4.677955551623658,11.021792236319417,3.6127678794303772,1.932073369036047,1.4166990845199603,2.0303656135851997,0.3901448376119775
4.789035551623658,11.16859223631942,3.537397879430377,1.896373369036045,1.3938090845199604,2.0029056135851997,0.4102858376119775
4.713665551623658,11.283592236319418,3.537397879430377,1.9717733690360468,1.3635990845199601,1.9681156135851998,0.3297198376119775
4.789035551623658,11.243892236319418,3.465977879430377,2.0828733690360473,1.3581090845199602,1.9827656135851999,0.3828208376119775
4.749365551623658,11.283592236319418,3.501687879430377,2.158173369036046,1.4762090845199602,2.0239656135851996,0.4102858376119775
4.789035551623658,11.283592236319418,3.501687879430377,2.0828733690360473,1.5055090845199603,2.0587556135851997,0.3562698376119775
4.713665551623658,11.434392236319418,3.501687879430377,1.9717733690360468,1.4990990845199605,2.0724856135852,0.3562698376119775
4.749365551623658,11.434392236319418,3.577067879430377,1.9717733690360468,1.4524090845199602,2.0587556135851997,0.4029618376119775
4.749365551623658,11.545492236319419,3.537397879430377,1.9717733690360468,1.4350090845199603,2.0102256135851997,0.3828208376119775
4.642255551623657,11.394692236319418,3.6127678794303772,1.8209733690360466,1.3874090845199603,1.9479756135851998,0.3635938376119775
4.642255551623657,11.283592236319418,3.577067879430377,2.0074733690360453,1.3526190845199602,1.9406456135852,0.3562698376119775
4.642255551623657,11.132892236319417,3.501687879430377,2.2335733690360478,1.4350090845199603,1.9479756135851998,0.3764118376119775
4.789035551623658,11.021792236319417,3.465977879430377,2.495473369036045,1.5521990845199602,1.9891756135852,0.3764118376119775
4.677955551623658,10.906692236319419,3.577067879430377,2.570773369036047,1.5998090845199604,2.0788956135851997,0.3700028376119775
4.677955551623658,10.795592236319418,3.648477879430377,2.6858733690360452,1.5695990845199606,2.2180556135851996,0.3965528376119775
4.642255551623657,10.870992236319417,3.723857879430377,2.610473369036047,1.5055090845199603,2.2455156135851997,0.3764118376119775
4.642255551623657,10.644892236319418,3.648477879430377,2.535073369036045,1.3938090845199604,2.1905856135851995,0.3635938376119775
4.749365551623658,10.454492236319417,3.6127678794303772,2.4200733690360465,1.3343040845199603,2.0788956135851997,0.3764118376119775
4.642255551623657,10.117192236319418,3.577067879430377,2.2692733690360463,1.3700090845199604,2.0376956135852,0.4029618376119775
4.642255551623657,9.851392236319416,3.577067879430377,2.0828733690360473,1.4231090845199605,2.0239656135851996,0.3700028376119775
4.495465551623657,9.851392236319416,3.6127678794303772,1.6305733690360462,1.5174090845199601,2.0303656135851997,0.3297198376119775
4.677955551623658,9.775992236319418,3.6127678794303772,1.479773369036046,1.4871990845199603,2.0166356135852,0.4102858376119775
4.749365551623658,9.775992236319418,3.684187879430377,1.217973369036045,1.4643090845199604,1.9479756135851998,0.3361288376119775
4.713665551623658,9.775992236319418,3.7595578794303766,1.253673369036047,1.4112090845199603,1.8857156135851998,0.3764118376119775
4.566875551623657,9.775992236319418,3.7952678794303774,1.1425733690360467,1.3874090845199603,1.8994456135851998,0.3635938376119775
4.642255551623657,9.74029223631942,3.8309678794303768,1.253673369036047,1.3462090845199604,1.9617056135851998,0.3828208376119775
4.749365551623658,9.891092236319416,3.7952678794303774,1.479773369036046,1.3754990845199604,1.9617056135851998,0.3828208376119775
4.789035551623658,10.002192236319416,3.723857879430377,1.670273369036046,1.4166990845199603,1.9406456135852,0.3635938376119775
4.642255551623657,9.891092236319416,3.7595578794303766,1.932073369036047,1.4578990845199602,1.9891756135852,0.4029618376119775
4.677955551623658,9.926792236319418,3.7952678794303774,1.932073369036047,1.4578990845199602,2.0651556135852,0.3297198376119775
4.824745551623658,10.077592236319418,3.8666778794303767,1.9717733690360468,1.4285990845199605,2.1420656135851996,0.3901448376119775
4.749365551623658,10.152892236319417,3.977757879430377,1.932073369036047,1.4231090845199605,2.1905856135851995,0.4432448376119775
4.713665551623658,10.192592236319417,3.977757879430377,2.047173369036045,1.3700090845199604,2.1072756135851995,0.3159868376119775
4.713665551623658,10.267992236319419,4.053137879430377,2.047173369036045,1.3993090845199605,2.0102256135851997,0.3901448376119775
4.896155551623657,10.303692236319417,4.053137879430377,2.2692733690360463,1.4816990845199602,1.9543856135851998,0.4231038376119775
4.789035551623658,10.41869223631942,4.013467879430377,2.4200733690360465,1.5228990845199601,1.9617056135851998,0.30957783761197755
4.677955551623658,11.021792236319417,4.053137879430377,2.610473369036047,1.5055090845199603,2.0166356135852,0.3562698376119775
4.5311655516236575,11.021792236319417,3.8666778794303767,2.2692733690360463,1.5283990845199602,2.0303656135851997,0.3233108376119775
4.495465551623657,11.097192236319419,3.7952678794303774,2.158173369036046,1.5055090845199603,2.0514256135851996,0.3700028376119775
4.348675551623658,10.982092236319417,3.684187879430377,1.932073369036047,1.4871990845199603,2.0587556135851997,0.3965528376119775
4.237585551623658,10.795592236319418,3.577067879430377,1.932073369036047,1.4285990845199605,2.0303656135851997,0.3764118376119775
4.015415551623658,10.56949223631942,3.501687879430377,1.856673369036045,1.4112090845199603,2.0514256135851996,0.3901448376119775
3.908305551623658,10.303692236319417,3.537397879430377,2.1224733690360473,1.3874090845199603,2.1072756135851995,0.3828208376119775
4.0550955516236575,10.228292236319419,3.648477879430377,2.1978733690360457,1.4578990845199602,2.0935456135851997,0.3297198376119775
4.237585551623658,10.192592236319417,3.6127678794303772,2.4200733690360465,1.5174090845199601,2.1274156135851996,0.34986183761197753
4.348675551623658,10.117192236319418,3.648477879430377,2.4200733690360465,1.5586090845199605,2.1072756135851995,0.4231038376119775
4.420085551623657,10.041892236319416,3.7595578794303766,2.3446733690360446,1.5586090845199605,2.0788956135851997,0.3233108376119775
4.348675551623658,9.815692236319418,3.8666778794303767,2.4597733690360464,1.4643090845199604,2.1274156135851996,0.3297198376119775
4.495465551623657,9.74029223631942,3.9063478794303768,2.1978733690360457,1.4578990845199602,2.1484756135852,0.4368368376119775
4.5311655516236575,9.70069223631942,3.977757879430377,2.0074733690360453,1.3938090845199604,2.1210056135852,0.3361288376119775
4.420085551623657,9.629292236319419,4.053137879430377,1.7813733690360465,1.3635990845199601,2.0724856135852,0.3764118376119775
4.5311655516236575,9.629292236319419,4.124547879430377,1.7813733690360465,1.3754990845199604,2.0724856135852,0.4231038376119775
4.642255551623657,9.514192236319417,4.160257879430377,1.932073369036047,1.4643090845199604,2.0029056135851997,0.28302783761197753
4.713665551623658,9.553892236319417,4.195957879430377,2.0074733690360453,1.5402990845199604,1.9827656135851999,0.3764118376119775
4.602575551623658,9.664992236319417,4.342747879430377,2.384373369036048,1.5933990845199602,2.0376956135852,0.4102858376119775
4.602575551623658,9.664992236319417,4.342747879430377,2.384373369036048,1.5933990845199602,2.0376956135852,0.4102858376119775
4.602575551623658,9.775992236319418,4.271337879430377,2.495473369036045,1.5879090845199602,2.0999456135852,0.34345283761197754
4.566875551623657,9.966492236319418,4.235637879430377,2.610473369036047,1.5228990845199601,2.1759356135852,0.4029618376119775
4.5311655516236575,10.002192236319416,4.124547879430377,2.6858733690360452,1.3224020845199602,2.2043156135852,0.3764118376119775
4.495465551623657,9.926792236319418,4.195957879430377,2.535073369036045,1.3343040845199603,2.1832656135851995,0.4102858376119775
4.602575551623658,9.926792236319418,4.195957879430377,2.495473369036045,1.3581090845199602,2.1557956135852,0.3361288376119775
4.677955551623658,9.775992236319418,4.271337879430377,2.4200733690360465,1.4762090845199602,2.0999456135852,0.34345283761197754
4.824745551623658,9.664992236319417,4.307047879430377,2.1224733690360473,1.5521990845199602,2.0862156135851997,0.2958448376119775
4.713665551623658,9.514192236319417,4.382427879430377,1.9717733690360468,1.5695990845199606,2.0514256135851996,0.4102858376119775
4.749365551623658,9.553892236319417,4.453837879430377,1.896373369036045,1.5759990845199603,1.9891756135852,0.34345283761197754
4.642255551623657,9.589592236319419,4.342747879430377,1.856673369036045,1.5283990845199602,1.9543856135851998,0.3635938376119775
4.677955551623658,9.629292236319419,4.418127879430377,1.896373369036045,1.5467090845199603,2.0303656135851997,0.4231038376119775
4.5311655516236575,9.664992236319417,4.271337879430377,1.896373369036045,1.4231090845199605,2.0788956135851997,0.3233108376119775
4.5311655516236575,9.664992236319417,4.271337879430377,1.896373369036045,1.4231090845199605,2.0788956135851997,0.3233108376119775
4.5311655516236575,9.664992236319417,4.271337879430377,1.896373369036045,1.4231090845199605,2.0788956135851997,0.3233108376119775
4.5311655516236575,9.664992236319417,4.271337879430377,1.896373369036045,1.4231090845199605,2.0788956135851997,0.3233108376119775
4.824745551623658,9.966492236319418,4.235637879430377,2.158173369036046,1.3754990845199604,2.1210056135852,0.3700028376119775
4.824745551623658,9.926792236319418,4.600627879430377,2.384373369036048,1.5055090845199603,2.1136856135852,0.3635938376119775
4.824745551623658,9.966492236319418,4.672037879430377,2.158173369036046,1.5521990845199602,2.0935456135851997,0.34986183761197753
4.749365551623658,10.041892236319416,4.600627879430377,2.158173369036046,1.5348090845199605,2.0450156135852,0.4102858376119775
4.677955551623658,9.926792236319418,4.600627879430377,2.158173369036046,1.5055090845199603,1.9617056135851998,0.34986183761197753
4.749365551623658,10.041892236319416,4.529217879430377,2.2692733690360463,1.4762090845199602,1.9406456135852,0.3764118376119775
4.824745551623658,9.966492236319418,4.529217879430377,2.384373369036048,1.4578990845199602,1.9891756135852,0.3635938376119775
4.789035551623658,10.002192236319416,4.600627879430377,2.4597733690360464,1.4697990845199604,2.0862156135851997,0.30957783761197755
4.824745551623658,9.629292236319419,4.711707879430377,3.2888733690360468,1.5228990845199601,2.2180556135851996,0.34345283761197754
4.860455551623658,9.478492236319418,4.747417879430377,3.249173369036047,1.5109990845199603,2.2244656135852,0.34345283761197754
4.713665551623658,9.403092236319416,4.672037879430377,3.213473369036045,1.5521990845199602,2.3013656135851996,0.34345283761197754
4.602575551623658,9.514192236319417,4.564917879430377,3.062773369036048,1.5521990845199602,2.2528456135851997,0.4304278376119775
4.602575551623658,9.327692236319418,4.453837879430377,2.9119733690360476,1.5174090845199601,2.1832656135851995,0.3901448376119775
4.495465551623657,9.10159223631942,4.418127879430377,2.610473369036047,1.4643090845199604,2.1420656135851996,0.3297198376119775
4.495465551623657,9.10159223631942,4.418127879430377,2.610473369036047,1.4643090845199604,2.1420656135851996,0.3297198376119775
4.420085551623657,8.875492236319417,4.382427879430377,2.158173369036046,1.4166990845199603,2.1622056135851997,0.3828208376119775
4.308995551623657,8.724692236319417,4.271337879430377,2.0074733690360453,1.3993090845199605,2.2107256135851996,0.34986183761197753
4.384375551623657,8.649292236319418,4.235637879430377,1.6305733690360462,1.3938090845199604,2.0587556135851997,0.3828208376119775
4.237585551623658,8.724692236319417,4.271337879430377,1.5551733690360479,1.4231090845199605,2.0303656135851997,0.3635938376119775
4.126505551623658,8.724692236319417,4.195957879430377,1.670273369036046,1.4459990845199604,2.0450156135852,0.3700028376119775
4.0550955516236575,8.800092236319419,4.195957879430377,1.8209733690360466,1.5109990845199603,2.0303656135851997,0.3700028376119775
4.126505551623658,8.724692236319417,4.053137879430377,2.0828733690360473,1.5228990845199601,2.0935456135851997,0.34986183761197753
4.090795551623658,8.760392236319419,4.053137879430377,2.1978733690360457,1.4871990845199603,2.0999456135852,0.3828208376119775
4.0550955516236575,8.835792236319417,4.088847879430377,2.1978733690360457,1.4231090845199605,2.1347356135851996,0.3233108376119775
4.090795551623658,8.950892236319419,4.160257879430377,2.3446733690360446,1.3526190845199602,2.2180556135851996,0.3233108376119775
4.090795551623658,9.212692236319416,4.088847879430377,2.3446733690360446,1.3819090845199602,2.2729856135852,0.4368368376119775
4.090795551623658,9.252392236319416,4.053137879430377,2.1224733690360473,1.4643090845199604,2.1557956135852,0.3828208376119775
4.015415551623658,9.06189223631942,4.088847879430377,2.0828733690360473,1.5467090845199603,2.1072756135851995,0.3901448376119775
3.9797155516236575,9.137292236319418,4.013467879430377,2.047173369036045,1.5759990845199603,2.0303656135851997,0.3361288376119775
4.0550955516236575,9.252392236319416,4.013467879430377,2.0074733690360453,1.5998090845199604,2.0166356135852,0.3965528376119775
3.9440055516236576,9.514192236319417,3.977757879430377,2.2335733690360478,1.5109990845199603,2.0514256135851996,0.3828208376119775
3.8686255516236576,9.629292236319419,4.088847879430377,2.535073369036045,1.4697990845199604,2.0724856135852,0.2958448376119775
3.8686255516236576,9.629292236319419,4.088847879430377,2.535073369036045,1.4697990845199604,2.0724856135852,0.2958448376119775
4.0550955516236575,9.664992236319417,3.977757879430377,2.8365733690360457,1.4047990845199605,2.1695256135851997,0.4231038376119775
4.162205551623658,9.851392236319416,3.977757879430377,2.9119733690360476,1.4350090845199603,2.3150956135852,0.3635938376119775
4.126505551623658,9.891092236319416,4.160257879430377,2.9119733690360476,1.3874090845199603,2.3910856135852,0.3635938376119775
4.126505551623658,9.775992236319418,4.195957879430377,2.947673369036046,1.4350090845199603,2.2317856135852,0.4102858376119775
4.237585551623658,9.74029223631942,4.088847879430377,2.6858733690360452,1.4762090845199602,2.0724856135852,0.3233108376119775
4.162205551623658,9.815692236319418,4.088847879430377,2.610473369036047,1.5174090845199601,2.1072756135851995,0.3764118376119775
4.273295551623658,9.815692236319418,4.088847879430377,2.308973369036046,1.5814990845199604,2.1905856135851995,0.28302783761197753
4.201885551623658,9.70069223631942,4.195957879430377,2.0828733690360473,1.4871990845199603,2.2180556135851996,0.3828208376119775
4.237585551623658,9.327692236319418,4.235637879430377,1.932073369036047,1.3819090845199602,2.0514256135851996,0.3828208376119775
4.348675551623658,9.327692236319418,4.271337879430377,2.047173369036045,1.3526190845199602,2.0450156135852,0.3361288376119775
4.384375551623657,9.137292236319418,4.342747879430377,2.0074733690360453,1.4166990845199603,2.0862156135851997,0.34345283761197754
4.348675551623658,9.10159223631942,4.307047879430377,2.1978733690360457,1.4762090845199602,2.1420656135851996,0.4102858376119775
4.348675551623658,8.911192236319419,4.342747879430377,2.158173369036046,1.5283990845199602,2.1210056135852,0.3635938376119775
4.273295551623658,8.835792236319417,4.271337879430377,2.2692733690360463,1.5228990845199601,2.1484756135852,0.3031698376119775
4.273295551623658,8.800092236319419,4.342747879430377,2.4200733690360465,1.5174090845199601,2.1905856135851995,0.3700028376119775
4.162205551623658,8.684992236319417,4.307047879430377,2.3446733690360446,1.4762090845199602,2.1905856135851995,0.34986183761197753
4.090795551623658,8.609692236319418,4.307047879430377,2.4597733690360464,1.4459990845199604,2.1759356135852,0.3297198376119775
4.126505551623658,8.573992236319416,4.235637879430377,2.2692733690360463,1.4697990845199604,2.1832656135851995,0.3764118376119775
4.237585551623658,8.458892236319418,4.235637879430377,2.0828733690360473,1.4643090845199604,2.1969956135852,0.3297198376119775
4.090795551623658,8.27239223631942,4.307047879430377,2.0074733690360453,1.4697990845199604,2.1832656135851995,0.3635938376119775
3.9797155516236575,8.197092236319417,4.235637879430377,1.9717733690360468,1.5174090845199601,2.1420656135851996,0.34345283761197754
4.0550955516236575,8.161392236319418,4.195957879430377,1.932073369036047,1.5174090845199601,2.0724856135852,0.3159868376119775
4.0550955516236575,8.347792236319417,4.195957879430377,1.896373369036045,1.5055090845199603,2.0450156135852,0.3828208376119775
3.9440055516236576,8.383492236319416,4.235637879430377,2.0074733690360453,1.4816990845199602,2.0999456135852,0.3361288376119775
3.908305551623658,8.534292236319416,4.235637879430377,2.308973369036046,1.4524090845199602,2.1622056135851997,0.3361288376119775
3.832925551623658,8.498592236319418,4.195957879430377,2.6461733690360454,1.5109990845199603,2.1695256135851997,0.3965528376119775
3.8686255516236576,8.498592236319418,4.053137879430377,2.947673369036046,1.5283990845199602,2.1905856135851995,0.34345283761197754
3.9440055516236576,8.684992236319417,4.053137879430377,3.1381733690360463,1.4816990845199602,2.2729856135852,0.30957783761197755
3.9440055516236576,8.684992236319417,4.053137879430377,3.1381733690360463,1.4816990845199602,2.2729856135852,0.30957783761197755
3.908305551623658,8.684992236319417,4.160257879430377,3.0984733690360464,1.4047990845199605,2.3984156135852,0.3361288376119775
3.7615155516236576,8.835792236319417,4.160257879430377,3.0984733690360464,1.4166990845199603,2.4396156135852,0.3901448376119775
3.7218455516236575,8.950892236319419,4.088847879430377,3.023073369036048,1.4762090845199602,2.3215056135851997,0.3297198376119775
3.7615155516236576,9.026192236319417,3.9420578794303767,2.8723733690360476,1.5174090845199601,2.2043156135852,0.3764118376119775
3.7218455516236575,8.911192236319419,4.013467879430377,2.6461733690360454,1.5467090845199603,2.1420656135851996,0.34345283761197754
3.7218455516236575,8.911192236319419,4.013467879430377,2.6461733690360454,1.5467090845199603,2.1420656135851996,0.34345283761197754
3.6861355516236576,8.835792236319417,4.088847879430377,2.495473369036045,1.5283990845199602,2.1695256135851997,0.3361288376119775
3.7218455516236575,8.724692236319417,4.088847879430377,2.2335733690360478,1.5467090845199603,2.1969956135852,0.3764118376119775
3.797215551623658,8.724692236319417,3.9420578794303767,2.1224733690360473,1.5402990845199604,2.1905856135851995,0.3361288376119775
3.8686255516236576,8.911192236319419,4.013467879430377,2.0074733690360453,1.5228990845199601,2.1347356135851996,0.3700028376119775
3.832925551623658,8.986592236319417,4.088847879430377,2.0074733690360453,1.4643090845199604,2.1622056135851997,0.3233108376119775
3.7218455516236575,9.06189223631942,4.053137879430377,2.1224733690360473,1.3819090845199602,2.1622056135851997,0.3700028376119775
3.8686255516236576,9.06189223631942,4.053137879430377,2.1978733690360457,1.3993090845199605,2.0999456135852,0.3901448376119775
4.015415551623658,9.10159223631942,3.977757879430377,2.2692733690360463,1.4524090845199602,2.1072756135851995,0.3297198376119775
4.015415551623658,9.06189223631942,4.124547879430377,2.535073369036045,1.4816990845199602,2.2180556135851996,0.3764118376119775
4.015415551623658,9.026192236319417,4.271337879430377,2.535073369036045,1.5695990845199606,2.2592556135851996,0.3828208376119775
3.9797155516236575,8.950892236319419,4.342747879430377,2.6858733690360452,1.5998090845199604,2.2043156135852,0.3700028376119775
4.237585551623658,9.06189223631942,4.342747879430377,2.7215733690360473,1.5640990845199605,2.1347356135851996,0.3031698376119775
4.237585551623658,9.176992236319418,4.382427879430377,2.535073369036045,1.4990990845199605,2.1072756135851995,0.3764118376119775
4.237585551623658,9.176992236319418,4.382427879430377,2.535073369036045,1.4990990845199605,2.1072756135851995,0.3764118376119775
4.090795551623658,9.176992236319418,4.489537879430377,2.4597733690360464,1.4697990845199604,2.1557956135852,0.3361288376119775
4.0550955516236575,9.026192236319417,4.453837879430377,2.308973369036046,1.4112090845199603,2.2107256135851996,0.3562698376119775
4.273295551623658,9.10159223631942,4.418127879430377,2.1224733690360473,1.4405090845199604,2.1832656135851995,0.3635938376119775
4.308995551623657,8.911192236319419,4.382427879430377,2.1224733690360473,1.4697990845199604,2.1484756135852,0.3562698376119775
4.090795551623658,8.724692236319417,4.453837879430377,2.158173369036046,1.4350090845199603,2.1210056135852,0.3764118376119775
4.090795551623658,8.724692236319417,4.453837879430377,2.158173369036046,1.4350090845199603,2.1210056135852,0.3764118376119775
4.126505551623658,8.308192236319417,4.453837879430377,2.4200733690360465,1.5055090845199603,2.0724856135852,0.3700028376119775
4.126505551623658,8.347792236319417,4.489537879430377,2.570773369036047,1.5879090845199602,2.0862156135851997,0.3635938376119775
3.908305551623658,8.121692236319419,4.342747879430377,3.1381733690360463,1.5467090845199603,2.3150956135852,0.34986183761197753
3.7218455516236575,7.970892236319418,4.195957879430377,3.1381733690360463,1.5228990845199601,2.3984156135852,0.3233108376119775
3.6861355516236576,7.784492236319419,4.124547879430377,3.023073369036048,1.4643090845199604,2.4121456135851997,0.34986183761197753
3.5750555516236577,7.669392236319418,4.053137879430377,2.9119733690360476,1.4643090845199604,2.3352456135851996,0.3635938376119775
3.463965551623658,7.633692236319419,3.9420578794303767,2.8365733690360457,1.4578990845199602,2.2528456135851997,0.30957783761197755
3.3171755516236576,7.633692236319419,3.977757879430377,2.535073369036045,1.4816990845199602,2.2455156135851997,0.3635938376119775
3.4282655516236575,7.669392236319418,3.7952678794303774,2.2692733690360463,1.5109990845199603,2.2317856135852,0.3764118376119775
3.3925555516236576,7.633692236319419,3.7952678794303774,1.9717733690360468,1.5348090845199605,2.2180556135851996,0.3031698376119775
3.281475551623658,7.709092236319417,3.9063478794303768,1.8209733690360466,1.4871990845199603,2.2043156135852,0.4368368376119775
3.1346855516236576,7.7447922363194195,3.7952678794303774,1.5948733690360477,1.4990990845199605,2.1072756135851995,0.3635938376119775
3.170385551623658,7.7447922363194195,3.684187879430377,1.6305733690360462,1.4936090845199606,1.9827656135851999,0.30957783761197755
3.245765551623658,7.7447922363194195,3.577067879430377,1.6305733690360462,1.5228990845199601,1.9479756135851998,0.3700028376119775
3.245765551623658,7.709092236319417,3.6127678794303772,1.8209733690360466,1.5174090845199601,2.0862156135851997,0.30957783761197755
3.2100655516236576,7.895592236319416,3.723857879430377,2.0074733690360453,1.4936090845199606,2.2180556135851996,0.3700028376119775
3.4282655516236575,8.085992236319417,3.648477879430377,2.2692733690360463,1.4643090845199604,2.2592556135851996,0.3159868376119775
3.463965551623658,8.085992236319417,3.723857879430377,2.495473369036045,1.4643090845199604,2.1905856135851995,0.3901448376119775
3.3925555516236576,8.121692236319419,3.7952678794303774,2.610473369036047,1.4871990845199603,2.1832656135851995,0.34986183761197753
3.5036355516236575,8.197092236319417,3.8309678794303768,2.610473369036047,1.5109990845199603,2.2107256135851996,0.3233108376119775
3.6504255516236577,8.232792236319419,3.8309678794303768,2.570773369036047,1.5521990845199602,2.2592556135851996,0.3901448376119775
3.797215551623658,8.308192236319417,3.8309678794303768,2.4200733690360465,1.5695990845199606,2.2729856135852,0.3635938376119775
3.7218455516236575,8.458892236319418,3.9420578794303767,2.308973369036046,1.4990990845199605,2.2455156135851997,0.3700028376119775
3.6504255516236577,8.498592236319418,3.977757879430377,2.1224733690360473,1.4285990845199605,2.1759356135852,0.3700028376119775
3.6504255516236577,8.498592236319418,3.977757879430377,2.1224733690360473,1.4285990845199605,2.1759356135852,0.3700028376119775
3.7218455516236575,8.724692236319417,4.053137879430377,2.047173369036045,1.4643090845199604,2.0303656135851997,0.3700028376119775
3.797215551623658,8.986592236319417,4.088847879430377,2.0074733690360453,1.4697990845199604,1.9479756135851998,0.3297198376119775
3.9797155516236575,9.026192236319417,4.088847879430377,2.0074733690360453,1.5348090845199605,1.9891756135852,0.3159868376119775
3.8686255516236576,9.10159223631942,4.124547879430377,1.932073369036047,1.5879090845199602,2.0999456135852,0.3901448376119775
3.832925551623658,9.10159223631942,4.124547879430377,2.2335733690360478,1.5879090845199602,2.1695256135851997,0.34986183761197753
3.7218455516236575,8.911192236319419,4.124547879430377,2.4597733690360464,1.5640990845199605,2.1347356135851996,0.34986183761197753
3.7615155516236576,8.835792236319417,4.088847879430377,2.7969733690360457,1.5402990845199604,2.0724856135852,0.3562698376119775
3.797215551623658,8.684992236319417,4.124547879430377,3.213473369036045,1.5109990845199603,2.1210056135852,0.3828208376119775
3.797215551623658,8.684992236319417,4.124547879430377,3.213473369036045,1.5109990845199603,2.1210056135852,0.3828208376119775
3.614725551623658,8.875492236319417,4.088847879430377,3.249173369036047,1.4697990845199604,2.4744056135851995,0.34986183761197753
3.614725551623658,8.875492236319417,4.088847879430377,3.249173369036047,1.4697990845199604,2.4744056135851995,0.34986183761197753
3.5036355516236575,8.800092236319419,3.9420578794303767,3.249173369036047,1.4990990845199605,2.5503856135851994,0.3361288376119775
3.3925555516236576,8.573992236319416,3.8666778794303767,3.062773369036048,1.4936090845199606,2.2592556135851996,0.34986183761197753
3.170385551623658,8.534292236319416,3.8666778794303767,2.8723733690360476,1.4762090845199602,2.1832656135851995,0.3700028376119775
3.2100655516236576,8.573992236319416,3.8309678794303768,2.7215733690360473,1.5174090845199601,2.1695256135851997,0.3700028376119775
3.2100655516236576,8.573992236319416,3.8309678794303768,2.7215733690360473,1.5174090845199601,2.1695256135851997,0.3700028376119775
3.3171755516236576,8.498592236319418,3.8309678794303768,2.4597733690360464,1.5521990845199602,2.2043156135852,0.3635938376119775
3.170385551623658,8.534292236319416,3.7595578794303766,2.1978733690360457,1.5695990845199606,2.2940456135851996,0.3901448376119775
2.9164855516236576,8.347792236319417,3.577067879430377,2.047173369036045,1.4990990845199605,2.2180556135851996,0.34986183761197753
3.0235955516236577,8.121692236319419,3.537397879430377,2.1224733690360473,1.4762090845199602,2.0999456135852,0.3901448376119775
2.9521855516236575,7.633692236319419,3.537397879430377,2.4200733690360465,1.4936090845199606,2.1557956135852,0.3700028376119775
3.0235955516236577,7.407592236319417,3.648477879430377,2.4597733690360464,1.5283990845199602,2.3013656135851996,0.3965528376119775
3.063275551623658,7.407592236319417,3.684187879430377,2.495473369036045,1.5402990845199604,2.3636256135852,0.3297198376119775
3.0235955516236577,7.332192236319418,3.6127678794303772,2.535073369036045,1.5174090845199601,2.3498856135851995,0.3901448376119775
3.1346855516236576,7.256792236319416,3.723857879430377,2.6858733690360452,1.4697990845199604,2.2729856135852,0.3562698376119775
3.0989755516236577,7.2924922363194185,3.7595578794303766,2.6858733690360452,1.4350090845199603,2.2107256135851996,0.3159868376119775
3.063275551623658,7.367892236319417,3.9063478794303768,2.570773369036047,1.4816990845199602,2.2455156135851997,0.3635938376119775
3.2100655516236576,7.558292236319417,3.8666778794303767,2.4200733690360465,1.5402990845199604,2.2803056135852,0.3562698376119775
3.245765551623658,7.669392236319418,3.9420578794303767,2.1978733690360457,1.5586090845199605,2.2729856135852,0.4166948376119775
3.281475551623658,7.7447922363194195,3.977757879430377,2.1224733690360473,1.5402990845199604,2.2107256135851996,0.4166948376119775
3.281475551623658,7.859892236319418,3.9420578794303767,1.932073369036047,1.5109990845199603,2.1136856135852,0.3562698376119775
3.2100655516236576,7.895592236319416,4.088847879430377,1.896373369036045,1.4524090845199602,2.0935456135851997,0.3965528376119775
3.3171755516236576,7.895592236319416,4.088847879430377,1.932073369036047,1.4578990845199602,2.1274156135851996,0.3700028376119775
3.3925555516236576,8.010592236319418,4.053137879430377,1.7813733690360465,1.5283990845199602,2.1347356135851996,0.34986183761197753
3.4282655516236575,7.935192236319416,4.053137879430377,2.047173369036045,1.5348090845199605,2.1832656135851995,0.4029618376119775
3.3568455516236577,7.935192236319416,4.053137879430377,2.158173369036046,1.5467090845199603,2.1759356135852,0.34345283761197754
3.4282655516236575,7.895592236319416,3.9420578794303767,2.535073369036045,1.5640990845199605,2.1210056135852,0.4029618376119775
3.3171755516236576,7.7447922363194195,3.9063478794303768,2.8365733690360457,1.5521990845199602,2.1210056135852,0.3700028376119775
3.2100655516236576,7.7447922363194195,3.8309678794303768,3.023073369036048,1.5586090845199605,2.1832656135851995,0.3562698376119775
3.3171755516236576,7.669392236319418,3.7595578794303766,3.249173369036047,1.5998090845199604,2.2940456135851996,0.4166948376119775
3.063275551623658,7.820192236319418,3.684187879430377,3.2888733690360468,1.5879090845199602,2.3910856135852,0.3562698376119775
3.0989755516236577,8.010592236319418,3.648477879430377,3.173873369036045,1.5695990845199606,2.4185556135851995,0.3700028376119775
3.245765551623658,8.27239223631942,3.577067879430377,3.062773369036048,1.5109990845199603,2.3910856135852,0.4102858376119775
3.063275551623658,8.498592236319418,3.577067879430377,2.9119733690360476,1.4816990845199602,2.3013656135851996,0.2958448376119775
2.8411055516236576,8.609692236319418,3.577067879430377,2.7215733690360473,1.4762090845199602,2.2317856135852,0.4231038376119775
2.9521855516236575,8.760392236319419,3.3548978794303768,2.2335733690360478,1.5402990845199604,2.2180556135851996,0.3159868376119775
2.9521855516236575,8.760392236319419,3.3548978794303768,2.2335733690360478,1.5402990845199604,2.2180556135851996,0.3159868376119775
2.9521855516236575,8.760392236319419,3.537397879430377,2.0074733690360453,1.5055090845199603,2.1695256135851997,0.3361288376119775
2.9521855516236575,8.760392236319419,3.537397879430377,2.0074733690360453,1.5055090845199603,2.1695256135851997,0.3361288376119775
2.9521855516236575,8.724692236319417,3.537397879430377,1.896373369036045,1.4578990845199602,2.0450156135852,0.3233108376119775
2.9521855516236575,8.534292236319416,3.6127678794303772,1.856673369036045,1.4405090845199604,2.0514256135851996,0.4166948376119775
3.063275551623658,8.232792236319419,3.6127678794303772,1.9717733690360468,1.4524090845199602,2.1832656135851995,0.3297198376119775
3.1346855516236576,7.970892236319418,3.537397879430377,2.1978733690360457,1.4816990845199602,2.2803056135852,0.3635938376119775
3.170385551623658,7.7447922363194195,3.577067879430377,2.3446733690360446,1.5640990845199605,2.3215056135851997,0.4029618376119775
3.2100655516236576,7.518692236319417,3.684187879430377,2.535073369036045,1.5814990845199604,2.2455156135851997,0.3297198376119775
3.245765551623658,7.407592236319417,3.7595578794303766,2.7969733690360457,1.5933990845199602,2.2043156135852,0.3965528376119775
3.2100655516236576,7.443292236319419,3.977757879430377,2.8365733690360457,1.6107890845199604,2.2455156135851997,0.3361288376119775
3.281475551623658,7.518692236319417,4.013467879430377,2.8365733690360457,1.5640990845199605,2.2867156135851996,0.3361288376119775
3.4282655516236575,7.669392236319418,3.977757879430377,2.7969733690360457,1.5348090845199605,2.3215056135851997,0.3828208376119775
3.3925555516236576,7.709092236319417,4.088847879430377,2.8365733690360457,1.5174090845199601,2.3215056135851997,0.3233108376119775
3.3568455516236577,7.7447922363194195,4.088847879430377,2.7969733690360457,1.4936090845199606,2.3215056135851997,0.34986183761197753
3.3171755516236576,7.593992236319419,4.088847879430377,2.570773369036047,1.5174090845199601,2.2803056135852,0.3700028376119775
3.3568455516236577,7.669392236319418,4.088847879430377,2.4597733690360464,1.5348090845199605,2.2381956135851997,0.3233108376119775
3.245765551623658,7.669392236319418,4.013467879430377,2.2692733690360463,1.5521990845199602,2.1832656135851995,0.3901448376119775
3.1346855516236576,7.633692236319419,4.088847879430377,2.1224733690360473,1.5640990845199605,2.1759356135852,0.34986183761197753
3.0989755516236577,7.633692236319419,3.977757879430377,2.1224733690360473,1.5467090845199603,2.2043156135852,0.3361288376119775
3.170385551623658,7.518692236319417,3.8666778794303767,1.9717733690360468,1.5174090845199601,2.1557956135852,0.3965528376119775
3.063275551623658,7.217192236319416,3.8666778794303767,2.047173369036045,1.5348090845199605,2.1622056135851997,0.34345283761197754
3.0235955516236577,6.955292236319419,3.7952678794303774,2.1978733690360457,1.5109990845199603,2.2107256135851996,0.3828208376119775
2.9164855516236576,6.653792236319418,3.723857879430377,2.308973369036046,1.5174090845199601,2.2381956135851997,0.3764118376119775
2.8411055516236576,6.467292236319418,3.723857879430377,2.2335733690360478,1.5283990845199602,2.2729856135852,0.3031698376119775
2.8411055516236576,6.467292236319418,3.723857879430377,2.2335733690360478,1.5283990845199602,2.2729856135852,0.3031698376119775
3.0235955516236577,6.467292236319418,3.501687879430377,2.495473369036045,1.5467090845199603,2.2867156135851996,0.3764118376119775
3.0235955516236577,6.542692236319418,3.537397879430377,2.6858733690360452,1.5759990845199603,2.2592556135851996,0.2958448376119775
2.9164855516236576,6.689492236319417,3.577067879430377,2.6461733690360454,1.5521990845199602,2.3013656135851996,0.34345283761197754
2.8768055516236575,6.990992236319418,3.723857879430377,2.8723733690360476,1.5174090845199601,2.3837656135852,0.3901448376119775
2.9521855516236575,7.181392236319418,3.723857879430377,2.9119733690360476,1.5228990845199601,2.3498856135851995,0.28302783761197753
3.281475551623658,7.558292236319417,3.7952678794303774,3.062773369036048,1.5283990845199602,2.3636256135852,0.3562698376119775
3.170385551623658,7.669392236319418,3.977757879430377,2.947673369036046,1.4936090845199606,2.3910856135852,0.3159868376119775
3.2100655516236576,7.895592236319416,4.053137879430377,2.7215733690360473,1.5174090845199601,2.3837656135852,0.3901448376119775
3.3568455516236577,8.121692236319419,4.088847879430377,2.6461733690360454,1.5055090845199603,2.3150956135852,0.3297198376119775
3.3171755516236576,8.347792236319417,4.088847879430377,2.495473369036045,1.4990990845199605,2.2244656135852,0.3361288376119775
3.4282655516236575,8.383492236319416,4.195957879430377,2.4200733690360465,1.4990990845199605,2.1832656135851995,0.34986183761197753
3.2100655516236576,8.197092236319417,4.160257879430377,2.3446733690360446,1.4697990845199604,2.2107256135851996,0.30957783761197755
3.3171755516236576,8.010592236319418,4.124547879430377,2.308973369036046,1.5174090845199601,2.1695256135851997,0.4102858376119775
3.463965551623658,7.784492236319419,4.013467879430377,2.2692733690360463,1.5640990845199605,2.1484756135852,0.3700028376119775
3.3568455516236577,7.482992236319419,4.053137879430377,2.3446733690360446,1.5586090845199605,2.2043156135852,0.3233108376119775
3.245765551623658,7.407592236319417,4.088847879430377,2.1224733690360473,1.5402990845199604,2.2803056135852,0.3901448376119775
3.063275551623658,7.443292236319419,3.977757879430377,2.1978733690360457,1.5283990845199602,2.2665756135851995,0.3233108376119775
3.063275551623658,7.633692236319419,3.7595578794303766,2.158173369036046,1.4816990845199602,2.2244656135852,0.3361288376119775
2.987895551623658,7.7447922363194195,3.6127678794303772,2.308973369036046,1.4816990845199602,2.2729856135852,0.3901448376119775
2.769695551623658,7.895592236319416,3.6127678794303772,2.4597733690360464,1.4936090845199606,2.3288356135851997,0.3297198376119775
2.5475255516236577,7.820192236319418,3.4302778794303768,2.535073369036045,1.4816990845199602,2.3562956135852,0.3562698376119775
2.4761155516236575,8.046292236319417,3.465977879430377,2.6461733690360454,1.5283990845199602,2.2592556135851996,0.34345283761197754
2.3650255516236576,8.121692236319419,3.3906078794303767,2.761273369036047,1.4936090845199606,2.2940456135851996,0.3764118376119775
2.4761155516236575,8.232792236319419,3.2834878794303766,2.7969733690360457,1.5283990845199602,2.3352456135851996,0.3297198376119775
2.5475255516236577,8.27239223631942,3.3548978794303768,2.7969733690360457,1.5586090845199605,2.3288356135851997,0.3297198376119775
2.4364355516236578,8.383492236319416,3.465977879430377,2.8365733690360457,1.5467090845199603,2.3215056135851997,0.3764118376119775
2.4364355516236578,8.383492236319416,3.465977879430377,2.8365733690360457,1.5467090845199603,2.3215056135851997,0.3764118376119775
2.3650255516236576,8.27239223631942,3.3906078794303767,2.8365733690360457,1.5402990845199604,2.3837656135852,0.3233108376119775
2.4364355516236578,8.232792236319419,3.2834878794303766,2.761273369036047,1.5109990845199603,2.3837656135852,0.3700028376119775
2.5832255516236575,7.970892236319418,3.2081078794303766,2.7969733690360457,1.4524090845199602,2.3215056135851997,0.3901448376119775
2.6229055516236577,7.633692236319419,3.3906078794303767,2.761273369036047,1.4166990845199603,2.3425656135851995,0.3361288376119775
2.6586055516236575,7.593992236319419,3.577067879430377,2.6461733690360454,1.4524090845199602,2.4396156135852,0.3297198376119775
2.8768055516236575,7.482992236319419,3.537397879430377,2.6461733690360454,1.4871990845199603,2.4258756135851995,0.3828208376119775
2.987895551623658,7.407592236319417,3.648477879430377,2.570773369036047,1.5467090845199603,2.2867156135851996,0.3297198376119775
2.8768055516236575,7.443292236319419,3.9063478794303768,2.495473369036045,1.5879090845199602,2.2107256135851996,0.3764118376119775
2.987895551623658,7.407592236319417,3.8309678794303768,2.535073369036045,1.5586090845199605,2.2803056135852,0.34345283761197754
3.1346855516236576,7.2924922363194185,3.8309678794303768,2.4200733690360465,1.5283990845199602,2.2729856135852,0.3361288376119775
3.0989755516236577,7.217192236319416,3.8666778794303767,2.384373369036048,1.5055090845199603,2.2381956135851997,0.34345283761197754
3.170385551623658,7.217192236319416,3.9063478794303768,2.4200733690360465,1.4871990845199603,2.2729856135852,0.3297198376119775
3.245765551623658,6.990992236319418,3.8309678794303768,2.4200733690360465,1.4350090845199603,2.3077756135852,0.3700028376119775
2.987895551623658,7.066392236319416,3.8309678794303768,2.495473369036045,1.4405090845199604,2.2940456135851996,0.3297198376119775
2.8768055516236575,7.106092236319419,3.7952678794303774,2.610473369036047,1.4871990845199603,2.2665756135851995,0.3297198376119775
2.9521855516236575,7.256792236319416,3.723857879430377,2.570773369036047,1.5467090845199603,2.3013656135851996,0.3764118376119775
2.9521855516236575,7.367892236319417,3.648477879430377,2.7215733690360473,1.5467090845199603,2.3150956135852,0.34986183761197753
2.9521855516236575,7.443292236319419,3.648477879430377,2.8365733690360457,1.5879090845199602,2.2729856135852,0.3635938376119775
2.8053955516236577,7.2924922363194185,3.648477879430377,2.8365733690360457,1.5933990845199602,2.2803056135852,0.3828208376119775
2.8053955516236577,7.2924922363194185,3.648477879430377,2.8365733690360457,1.5933990845199602,2.2803056135852,0.3828208376119775
2.6586055516236575,7.181392236319418,3.6127678794303772,2.761273369036047,1.5586090845199605,2.3215056135851997,0.3297198376119775
2.694315551623658,7.106092236319419,3.465977879430377,2.6858733690360452,1.4871990845199603,2.3837656135852,0.3361288376119775
2.8053955516236577,7.181392236319418,3.465977879430377,2.495473369036045,1.4047990845199605,2.4121456135851997,0.34345283761197754
2.8411055516236576,7.2924922363194185,3.577067879430377,2.384373369036048,1.3874090845199603,2.3562956135852,0.3233108376119775
2.8768055516236575,7.407592236319417,3.684187879430377,2.2335733690360478,1.4285990845199605,2.3077756135852,0.3297198376119775
2.987895551623658,7.558292236319417,3.684187879430377,2.158173369036046,1.4762090845199602,2.3215056135851997,0.3233108376119775
3.2100655516236576,7.482992236319419,3.684187879430377,2.2335733690360478,1.5586090845199605,2.2180556135851996,0.34986183761197753
3.170385551623658,7.407592236319417,3.8309678794303768,2.1224733690360473,1.5759990845199603,2.1136856135852,0.3828208376119775
3.281475551623658,7.066392236319416,3.8666778794303767,2.0074733690360453,1.5283990845199602,2.1484756135852,0.3562698376119775
3.170385551623658,6.990992236319418,3.8666778794303767,1.9717733690360468,1.5055090845199603,2.1905856135851995,0.3361288376119775
3.170385551623658,7.141792236319418,3.9420578794303767,1.896373369036045,1.4936090845199606,2.2455156135851997,0.3233108376119775
3.1346855516236576,7.256792236319416,3.8666778794303767,1.856673369036045,1.4697990845199604,2.2592556135851996,0.3901448376119775
3.170385551623658,7.407592236319417,3.7595578794303766,1.932073369036047,1.4459990845199604,2.2043156135852,0.3297198376119775
3.063275551623658,7.518692236319417,3.648477879430377,2.1224733690360473,1.4643090845199604,2.1347356135851996,0.3159868376119775
2.7300155516236577,7.518692236319417,3.6127678794303772,2.2692733690360463,1.5109990845199603,2.2180556135851996,0.3700028376119775
2.5475255516236577,7.2924922363194185,3.501687879430377,2.4200733690360465,1.5348090845199605,2.3215056135851997,0.3031698376119775
2.4761155516236575,7.2924922363194185,3.2834878794303766,2.4597733690360464,1.5348090845199605,2.3288356135851997,0.3700028376119775
2.3293255516236577,7.217192236319416,3.319187879430377,2.610473369036047,1.5109990845199603,2.2729856135852,0.3700028376119775
2.035745551623658,7.332192236319418,3.2477778794303767,2.761273369036047,1.4990990845199605,2.2455156135851997,0.3233108376119775
2.182535551623658,7.482992236319419,3.0613178794303773,2.761273369036047,1.5283990845199602,2.3150956135852,0.3562698376119775
2.182535551623658,7.482992236319419,3.0613178794303773,2.761273369036047,1.5283990845199602,2.3150956135852,0.3562698376119775
1.8492855516236577,7.784492236319419,2.954197879430377,2.8723733690360476,1.5402990845199604,2.3498856135851995,0.3159868376119775
1.8492855516236577,7.709092236319417,2.843117879430377,2.947673369036046,1.5348090845199605,2.2867156135851996,0.3562698376119775
2.0714455516236576,7.669392236319418,2.5495378794303774,2.8365733690360457,1.4871990845199603,2.2729856135852,0.3159868376119775
1.9246655516236577,7.633692236319419,2.843117879430377,2.947673369036046,1.4166990845199603,2.3562956135852,0.3828208376119775
1.7421655516236576,7.518692236319417,2.914527879430377,2.9119733690360476,1.4697990845199604,2.4744056135851995,0.30957783761197755
2.218235551623658,7.7447922363194195,2.843117879430377,2.761273369036047,1.5228990845199601,2.3984156135852,0.3764118376119775
2.142865551623658,7.593992236319419,3.1009878794303773,2.8365733690360457,1.4990990845199605,2.2592556135851996,0.3233108376119775
2.182535551623658,7.518692236319417,3.1366978794303773,2.8723733690360476,1.5348090845199605,2.2867156135851996,0.30957783761197755
2.5475255516236577,7.407592236319417,2.954197879430377,2.761273369036047,1.5228990845199601,2.3352456135851996,0.34986183761197753
2.5475255516236577,7.256792236319416,3.1366978794303773,2.6461733690360454,1.4871990845199603,2.3077756135852,0.3233108376119775
2.4364355516236578,7.106092236319419,3.2834878794303766,2.610473369036047,1.4936090845199606,2.2940456135851996,0.3361288376119775
2.6229055516236577,7.0306922363194175,3.1366978794303773,2.495473369036045,1.4871990845199603,2.3700356135851997,0.34986183761197753
2.5475255516236577,7.106092236319419,3.2834878794303766,2.495473369036045,1.4350090845199603,2.3700356135851997,0.3562698376119775
2.4007355516236575,7.0306922363194175,3.465977879430377,2.4597733690360464,1.4350090845199603,2.2940456135851996,0.34986183761197753
2.5475255516236577,7.106092236319419,3.2477778794303767,2.495473369036045,1.5228990845199601,2.3013656135851996,0.2958448376119775
2.4761155516236575,7.106092236319419,3.1366978794303773,2.4597733690360464,1.5586090845199605,2.2592556135851996,0.34986183761197753
2.4761155516236575,7.106092236319419,3.1366978794303773,2.4597733690360464,1.5586090845199605,2.2592556135851996,0.34986183761197753
2.142865551623658,7.217192236319416,3.1009878794303773,2.495473369036045,1.6052990845199604,2.2180556135851996,0.3159868376119775
2.3293255516236577,7.217192236319416,2.914527879430377,2.535073369036045,1.5933990845199602,2.3910856135852,0.3764118376119775
2.107155551623658,7.217192236319416,2.954197879430377,2.6858733690360452,1.5348090845199605,2.4322856135852,0.34986183761197753
1.8135755516236576,7.181392236319418,3.1366978794303773,2.7969733690360457,1.4871990845199603,2.3700356135851997,0.30957783761197755
2.0714455516236576,7.256792236319416,2.914527879430377,2.7969733690360457,1.5055090845199603,2.3352456135851996,0.3159868376119775
2.182535551623658,7.217192236319416,3.0613178794303773,3.1381733690360463,1.5174090845199601,2.3498856135851995,0.34986183761197753
2.182535551623658,7.217192236319416,3.0613178794303773,3.1381733690360463,1.5174090845199601,2.3498856135851995,0.34986183761197753
2.2539455516236577,7.181392236319418,3.1009878794303773,3.213473369036045,1.5174090845199601,2.4808056135851997,0.30957783761197755
2.6586055516236575,7.181392236319418,3.172407879430377,3.0984733690360464,1.5109990845199603,2.3498856135851995,0.34986183761197753
2.5475255516236577,7.106092236319419,3.3906078794303767,3.062773369036048,1.4871990845199603,2.2592556135851996,0.3159868376119775
2.5475255516236577,7.106092236319419,3.3906078794303767,3.062773369036048,1.4871990845199603,2.2592556135851996,0.3159868376119775
2.694315551623658,7.066392236319416,3.3906078794303767,2.8723733690360476,1.4990990845199605,2.3773556135851996,0.3233108376119775
2.769695551623658,7.106092236319419,3.3906078794303767,2.7215733690360473,1.5109990845199603,2.3984156135852,0.3635938376119775
2.8053955516236577,7.106092236319419,3.4302778794303768,2.4597733690360464,1.5348090845199605,2.2665756135851995,0.3031698376119775
2.987895551623658,7.0306922363194175,3.3906078794303767,2.3446733690360446,1.5402990845199604,2.1832656135851995,0.3562698376119775
2.9164855516236576,7.0306922363194175,3.465977879430377,2.3446733690360446,1.5402990845199604,2.1832656135851995,0.3361288376119775
2.7300155516236577,7.066392236319416,3.577067879430377,2.1978733690360457,1.5348090845199605,2.2592556135851996,0.30957783761197755
2.5832255516236575,6.804592236319417,3.4302778794303768,1.9717733690360468,1.4990990845199605,2.2940456135851996,0.3297198376119775
2.4007355516236575,6.764892236319417,3.2477778794303767,1.856673369036045,1.4762090845199602,2.1905856135851995,0.34345283761197754
2.3293255516236577,6.804592236319417,3.172407879430377,1.896373369036045,1.4643090845199604,2.1420656135851996,0.3297198376119775
2.035745551623658,6.689492236319417,3.025617879430377,1.932073369036047,1.4936090845199606,2.2317856135852,0.2958448376119775
1.8889555516236576,6.879892236319417,2.843117879430377,1.9717733690360468,1.5640990845199605,2.2317856135852,0.3361288376119775
1.8492855516236577,6.879892236319417,2.8074178794303766,2.0828733690360473,1.5402990845199604,2.1759356135852,0.30957783761197755
1.8889555516236576,6.879892236319417,2.7320378794303766,2.2335733690360478,1.4816990845199602,2.2381956135851997,0.34986183761197753
1.9603655516236578,6.990992236319418,2.6963278794303767,2.2692733690360463,1.4643090845199604,2.3352456135851996,0.3031698376119775
1.9603655516236578,7.106092236319419,2.7320378794303766,2.308973369036046,1.4816990845199602,2.4322856135852,0.3159868376119775
1.8889555516236576,7.217192236319416,2.6963278794303767,2.4597733690360464,1.4816990845199602,2.4322856135852,0.34345283761197754
2.035745551623658,7.217192236319416,2.7320378794303766,2.4200733690360465,1.5228990845199601,2.2940456135851996,0.3031698376119775
2.182535551623658,7.407592236319417,2.8788278794303768,2.570773369036047,1.5228990845199601,2.2381956135851997,0.30957783761197755
2.142865551623658,7.558292236319417,2.954197879430377,2.610473369036047,1.5348090845199605,2.3150956135852,0.3562698376119775
2.4761155516236575,7.633692236319419,3.1009878794303773,2.6461733690360454,1.5283990845199602,2.3910856135852,0.2894368376119775
2.5475255516236577,7.633692236319419,3.1366978794303773,2.610473369036047,1.5348090845199605,2.3425656135851995,0.3562698376119775
2.5118155516236578,7.669392236319418,3.1009878794303773,2.761273369036047,1.5283990845199602,2.2528456135851997,0.34345283761197754
2.6586055516236575,7.669392236319418,3.2834878794303766,2.7969733690360457,1.5228990845199601,2.2455156135851997,0.3031698376119775
2.5832255516236575,7.633692236319419,3.3548978794303768,2.7969733690360457,1.5109990845199603,2.3636256135852,0.34345283761197754
2.5475255516236577,7.593992236319419,3.319187879430377,2.7969733690360457,1.4990990845199605,2.4808056135851997,0.2958448376119775
2.3293255516236577,7.633692236319419,3.2834878794303766,2.761273369036047,1.5348090845199605,2.3910856135852,0.30957783761197755
2.2539455516236577,7.709092236319417,3.1366978794303773,2.8365733690360457,1.5348090845199605,2.2317856135852,0.3635938376119775
2.107155551623658,7.558292236319417,2.914527879430377,2.7969733690360457,1.5695990845199606,2.2381956135851997,0.2894368376119775
2.035745551623658,7.593992236319419,2.914527879430377,2.761273369036047,1.5695990845199606,2.3700356135851997,0.3361288376119775
2.035745551623658,7.593992236319419,2.989907879430377,2.761273369036047,1.5759990845199603,2.4808056135851997,0.34345283761197754
2.035745551623658,7.518692236319417,2.954197879430377,2.7215733690360473,1.5348090845199605,2.4533456135851996,0.28302783761197753
2.035745551623658,7.367892236319417,2.989907879430377,2.761273369036047,1.5348090845199605,2.3288356135851997,0.3361288376119775
2.107155551623658,7.407592236319417,2.989907879430377,2.761273369036047,1.4936090845199606,2.3013656135851996,0.28302783761197753
1.9960755516236577,7.558292236319417,3.025617879430377,2.6858733690360452,1.4936090845199606,2.4121456135851997,0.28302783761197753
1.9960755516236577,7.558292236319417,3.025617879430377,2.6858733690360452,1.4936090845199606,2.4121456135851997,0.28302783761197753
2.0714455516236576,7.407592236319417,3.025617879430377,2.6858733690360452,1.5402990845199604,2.4606656135851996,0.34345283761197754
2.3650255516236576,7.443292236319419,2.989907879430377,2.610473369036047,1.5402990845199604,2.3700356135851997,0.2958448376119775
2.4364355516236578,7.443292236319419,3.1366978794303773,2.495473369036045,1.5467090845199603,2.2729856135852,0.34986183761197753
2.2539455516236577,7.407592236319417,3.319187879430377,2.570773369036047,1.4816990845199602,2.2803056135852,0.34986183761197753
2.3650255516236576,7.443292236319419,3.319187879430377,2.4200733690360465,1.4936090845199606,2.3215056135851997,0.28302783761197753
2.5475255516236577,7.443292236319419,3.319187879430377,2.308973369036046,1.4936090845199606,2.2867156135851996,0.3159868376119775
2.769695551623658,7.2924922363194185,3.465977879430377,2.2692733690360463,1.4990990845199605,2.3013656135851996,0.28302783761197753
2.7300155516236577,7.181392236319418,3.465977879430377,2.2335733690360478,1.5228990845199601,2.3700356135851997,0.3233108376119775
2.7300155516236577,7.181392236319418,3.465977879430377,2.2335733690360478,1.5228990845199601,2.3700356135851997,0.3233108376119775
2.6586055516236575,7.217192236319416,3.465977879430377,2.308973369036046,1.5586090845199605,2.3013656135851996,0.2958448376119775
2.4007355516236575,7.332192236319418,3.501687879430377,2.384373369036048,1.5640990845199605,2.1557956135852,0.3159868376119775
2.3293255516236577,7.407592236319417,3.2477778794303767,2.4200733690360465,1.5759990845199603,2.1420656135851996,0.3233108376119775
2.4007355516236575,7.407592236319417,2.989907879430377,2.495473369036045,1.5467090845199603,2.2592556135851996,0.28302783761197753
2.035745551623658,7.443292236319419,2.989907879430377,2.535073369036045,1.5109990845199603,2.3700356135851997,0.34345283761197754
1.9603655516236578,7.443292236319419,2.954197879430377,2.570773369036047,1.5283990845199602,2.4185556135851995,0.2958448376119775
1.9246655516236577,7.367892236319417,2.7320378794303766,2.6461733690360454,1.5467090845199603,2.4396156135852,0.28302783761197753
1.7778755516236577,7.256792236319416,2.7717078794303767,2.8723733690360476,1.4936090845199606,2.3984156135852,0.2894368376119775
1.7778755516236577,7.106092236319419,2.7717078794303767,2.9119733690360476,1.5174090845199601,2.3498856135851995,0.2894368376119775
1.9246655516236577,7.141792236319418,2.6963278794303767,3.023073369036048,1.5521990845199602,2.3773556135851996,0.2958448376119775
1.8492855516236577,7.066392236319416,2.6963278794303767,3.062773369036048,1.5467090845199603,2.4322856135852,0.3297198376119775
1.9603655516236578,7.141792236319418,2.8074178794303766,3.0984733690360464,1.5402990845199604,2.4606656135851996,0.26929483761197753
2.3293255516236577,7.0306922363194175,3.025617879430377,3.023073369036048,1.5402990845199604,2.4533456135851996,0.28302783761197753
2.3650255516236576,7.106092236319419,3.1009878794303773,2.947673369036046,1.5174090845199601,2.3352456135851996,0.22260283761197752
2.5475255516236577,7.066392236319416,3.1009878794303773,2.947673369036046,1.4936090845199606,2.2940456135851996,0.25556183761197754
2.4761155516236575,6.955292236319419,3.172407879430377,2.987373369036046,1.4936090845199606,2.3562956135852,0.22260283761197752
2.694315551623658,7.0306922363194175,3.2081078794303766,2.8365733690360457,1.5402990845199604,2.4185556135851995,0.21527883761197752
2.8053955516236577,7.141792236319418,3.2834878794303766,2.6858733690360452,1.5759990845199603,2.3910856135852,0.2491538376119775
2.769695551623658,7.106092236319419,3.4302778794303768,2.610473369036047,1.5640990845199605,2.3077756135852,0.20886983761197753
2.218235551623658,7.066392236319416,3.3906078794303767,2.4597733690360464,1.5640990845199605,2.2317856135852,0.23542083761197752
2.182535551623658,6.955292236319419,3.0613178794303773,2.3446733690360446,1.5759990845199603,2.1832656135851995,0.1887288376119775
2.2539455516236577,6.955292236319419,2.914527879430377,2.308973369036046,1.5586090845199605,2.2455156135851997,0.1823198376119775
2.107155551623658,6.990992236319418,2.7717078794303767,2.2692733690360463,1.5640990845199605,2.3498856135851995,0.22260283761197752
2.182535551623658,6.915592236319419,2.8074178794303766,2.2335733690360478,1.5640990845199605,2.3700356135851997,0.1887288376119775
2.0714455516236576,6.804592236319417,2.8074178794303766,2.2692733690360463,1.5228990845199601,2.3636256135852,0.2024618376119775
2.0714455516236576,6.764892236319417,2.7320378794303766,2.2335733690360478,1.5348090845199605,2.3077756135852,0.20886983761197753
2.0714455516236576,6.7291922363194185,2.6963278794303767,2.308973369036046,1.5283990845199602,2.2803056135852,0.14844533761197753
1.9603655516236578,6.689492236319417,2.7320378794303766,2.4200733690360465,1.5055090845199603,2.2940456135851996,0.1749958376119775
2.107155551623658,6.653792236319418,2.6606278794303773,2.384373369036048,1.5228990845199601,2.3150956135852,0.15485403761197752
2.2896555516236576,6.653792236319418,2.7717078794303767,2.3446733690360446,1.5402990845199604,2.3498856135851995,0.15485403761197752
2.218235551623658,6.764892236319417,2.954197879430377,2.308973369036046,1.5586090845199605,2.4185556135851995,0.1887288376119775
2.3293255516236577,6.879892236319417,2.989907879430377,2.2692733690360463,1.5521990845199602,2.3984156135852,0.11457083761197752
2.3293255516236577,6.7291922363194185,2.989907879430377,2.2335733690360478,1.4990990845199605,2.2528456135851997,0.13471243761197751
2.2896555516236576,6.840292236319417,3.1009878794303773,2.2335733690360478,1.4643090845199604,2.1832656135851995,0.15485403761197752
2.5118155516236578,6.915592236319419,2.954197879430377,2.158173369036046,1.5174090845199601,2.2317856135852,0.08802053761197752
2.4761155516236575,7.066392236319416,3.025617879430377,2.158173369036046,1.5283990845199602,2.3837656135852,0.13471243761197751
2.4007355516236575,7.106092236319419,2.989907879430377,2.1978733690360457,1.5467090845199603,2.3773556135851996,0.06787893761197752
2.0714455516236576,7.217192236319416,3.025617879430377,2.0828733690360473,1.5814990845199604,2.2729856135852,0.07428762761197752
1.7421655516236576,7.181392236319418,2.6249178794303774,2.2335733690360478,1.5586090845199605,2.1832656135851995,0.10816213761197752
1.7421655516236576,7.2924922363194185,2.367047879430377,2.384373369036048,1.5467090845199603,2.1905856135851995,0.07428762761197752
1.5199955516236576,7.181392236319418,2.331337879430377,2.4597733690360464,1.4990990845199605,2.3013656135851996,0.09442923761197752
1.3375055516236576,7.066392236319416,2.1845478794303768,2.495473369036045,1.5109990845199603,2.4945456135851996,0.08802053761197752
1.3375055516236576,7.066392236319416,2.0020578794303763,2.535073369036045,1.5467090845199603,2.5778556135851995,0.01477833761197752
1.2621255516236576,6.990992236319418,2.0020578794303763,2.535073369036045,1.5228990845199601,2.5018656135851995,0.05414603761197752
1.1907125516236576,7.0306922363194175,2.0734678794303765,2.610473369036047,1.5055090845199603,2.4048256135851998,0.007454137611977524
1.1510395516236578,7.0306922363194175,1.9623778794303768,2.7969733690360457,1.5055090845199603,2.3636256135852,0.019096162388022475
1.3017955516236577,6.915592236319419,2.0377578794303766,2.8365733690360457,1.5174090845199601,2.3773556135851996,0.01477833761197752
1.5953755516236576,7.106092236319419,2.1091678794303768,2.8365733690360457,1.5586090845199605,2.4460156135851996,0.019096162388022475
1.6667855516236576,7.181392236319418,2.255957879430377,2.761273369036047,1.5998090845199604,2.5229256135852,0.007454137611977524
1.7421655516236576,7.217192236319416,2.438457879430377,2.8365733690360457,1.5695990845199606,2.4744056135851995,0.021187037611977523
1.7421655516236576,7.217192236319416,2.438457879430377,2.8365733690360457,1.5695990845199606,2.4744056135851995,0.021187037611977523
1.7778755516236577,7.256792236319416,2.478127879430377,2.7969733690360457,1.5174090845199601,2.3288356135851997,0.03282906238802248
1.9960755516236577,7.256792236319416,2.6249178794303774,2.761273369036047,1.4697990845199604,2.2729856135852,0.019096162388022475
2.2896555516236576,7.482992236319419,2.8074178794303766,2.6858733690360452,1.5228990845199601,2.4606656135851996,0.07311216238802247
2.3293255516236577,7.367892236319417,2.843117879430377,2.7215733690360473,1.5586090845199605,2.4606656135851996,0.019096162388022475
1.9246655516236577,7.367892236319417,2.914527879430377,2.6858733690360452,1.6052990845199604,2.3837656135852,0.059379162388022474
1.8135755516236576,7.482992236319419,2.6963278794303767,2.6461733690360454,1.6290990845199604,2.3636256135852,0.07311216238802247
1.9960755516236577,7.633692236319419,2.513837879430377,2.6858733690360452,1.5879090845199602,2.3288356135851997,0.059379162388022474
1.7421655516236576,7.633692236319419,2.478127879430377,2.7215733690360473,1.5055090845199603,2.3425656135851995,0.10607116238802249
1.8135755516236576,7.593992236319419,2.438457879430377,2.7215733690360473,1.5055090845199603,2.4121456135851997,0.08592916238802246
1.7778755516236577,7.482992236319419,2.478127879430377,2.7969733690360457,1.5228990845199601,2.5091956135851996,0.09966216238802249
1.8889555516236576,7.518692236319417,2.402747879430377,2.7215733690360473,1.5467090845199603,2.4808056135851997,0.1262131623880225
1.9246655516236577,7.482992236319419,2.513837879430377,2.8365733690360457,1.5640990845199605,2.4048256135851998,0.1335371623880225
1.8889555516236576,7.443292236319419,2.5495378794303774,2.8723733690360476,1.5228990845199601,2.3700356135851997,0.1399461623880225
2.142865551623658,7.367892236319417,2.6606278794303773,2.7215733690360473,1.5283990845199602,2.4460156135851996,0.11339516238802248
2.107155551623658,7.407592236319417,2.8788278794303768,2.6858733690360452,1.5521990845199602,2.4945456135851996,0.15367916238802248
2.3293255516236577,7.518692236319417,2.843117879430377,2.6858733690360452,1.5879090845199602,2.4670756135851994,0.1802291623880225
2.4364355516236578,7.558292236319417,2.914527879430377,2.7215733690360473,1.5586090845199605,2.3288356135851997,0.16008716238802245
2.4007355516236575,7.518692236319417,2.954197879430377,2.570773369036047,1.5109990845199603,2.2180556135851996,0.1738201623880225
2.5118155516236578,7.482992236319419,2.954197879430377,2.570773369036047,1.5109990845199603,2.2803056135852,0.1802291623880225
2.4364355516236578,7.407592236319417,2.989907879430377,2.570773369036047,1.5174090845199601,2.4185556135851995,0.15367916238802248
2.107155551623658,7.518692236319417,2.989907879430377,2.4597733690360464,1.5467090845199603,2.4460156135851996,0.21410316238802252
1.7778755516236577,7.558292236319417,2.7320378794303766,2.4597733690360464,1.5814990845199604,2.3562956135852,0.16008716238802245
1.6310855516236578,7.593992236319419,2.402747879430377,2.4200733690360465,1.5640990845199605,2.2455156135851997,0.16008716238802245
1.4485855516236577,7.407592236319417,2.2202578794303767,2.570773369036047,1.5467090845199603,2.2107256135851996,0.20037016238802247
1.3375055516236576,7.367892236319417,2.0377578794303766,2.6858733690360452,1.5228990845199601,2.3700356135851997,0.16008716238802245
1.1907125516236576,7.367892236319417,2.0020578794303763,2.6461733690360454,1.5521990845199602,2.5778556135851995,0.21410316238802252
1.2264155516236577,7.332192236319418,1.8552678794303767,2.6461733690360454,1.5695990845199606,2.5229256135852,0.20677916238802252
1.2264155516236577,7.256792236319416,1.8909678794303766,2.610473369036047,1.5521990845199602,2.3425656135851995,0.18663716238802247
1.1907125516236576,7.0306922363194175,1.8909678794303766,2.6858733690360452,1.4990990845199605,2.2867156135851996,0.2269211623880225
1.5953755516236576,6.955292236319419,2.0020578794303763,2.6858733690360452,1.4816990845199602,2.5018656135851995,0.20677916238802252
1.4842955516236576,6.990992236319418,2.0734678794303765,2.6858733690360452,1.5283990845199602,2.4945456135851996,0.22051216238802251
1.6310855516236578,6.840292236319417,2.1845478794303768,2.610473369036047,1.5695990845199606,2.3498856135851995,0.1664961623880225
1.7778755516236577,6.804592236319417,2.331337879430377,2.610473369036047,1.5402990845199604,2.2867156135851996,0.18663716238802247
1.7778755516236577,6.804592236319417,2.331337879430377,2.610473369036047,1.5402990845199604,2.2867156135851996,0.18663716238802247
2.107155551623658,6.955292236319419,2.438457879430377,2.610473369036047,1.5109990845199603,2.2940456135851996,0.1939621623880225
2.218235551623658,6.840292236319417,2.5495378794303774,2.6461733690360454,1.5174090845199601,2.3837656135852,0.2269211623880225
2.107155551623658,6.840292236319417,2.6606278794303773,2.570773369036047,1.5402990845199604,2.4460156135851996,0.1939621623880225
1.7778755516236577,6.915592236319419,2.7320378794303766,2.384373369036048,1.5640990845199605,2.4396156135852,0.1939621623880225
1.8889555516236576,6.990992236319418,2.367047879430377,2.384373369036048,1.5998090845199604,2.3636256135852,0.20037016238802247
1.8135755516236576,6.955292236319419,2.255957879430377,2.495473369036045,1.5640990845199605,2.2803056135852,0.15367916238802248
1.7024955516236577,6.955292236319419,2.255957879430377,2.495473369036045,1.5109990845199603,2.3288356135851997,0.21410316238802252
1.7778755516236577,6.804592236319417,2.255957879430377,2.570773369036047,1.5228990845199601,2.3910856135852,0.2342451623880225
1.7778755516236577,6.804592236319417,2.331337879430377,2.495473369036045,1.5640990845199605,2.3837656135852,0.18663716238802247
1.9603655516236578,6.7291922363194185,2.2202578794303767,2.495473369036045,1.6290990845199604,2.3150956135852,0.24706216238802248
2.035745551623658,6.653792236319418,2.438457879430377,2.6461733690360454,1.5055090845199603,2.4048256135851998,0.22051216238802251
2.3293255516236577,6.618092236319418,2.5852478794303773,2.6858733690360452,1.4697990845199604,2.3837656135852,0.2269211623880225
2.3650255516236576,6.618092236319418,2.7717078794303767,2.6858733690360452,1.4990990845199605,2.3910856135852,0.21410316238802252
2.4761155516236575,6.542692236319418,2.7320378794303766,2.6858733690360452,1.5879090845199602,2.4533456135851996,0.22051216238802251
2.4761155516236575,6.542692236319418,2.7320378794303766,2.6858733690360452,1.5879090845199602,2.4533456135851996,0.22051216238802251
2.4364355516236578,6.764892236319417,2.7320378794303766,2.6461733690360454,1.6171990845199602,2.4606656135851996,0.1802291623880225
2.4761155516236575,6.955292236319419,2.7717078794303767,2.610473369036047,1.5695990845199606,2.3288356135851997,0.18663716238802247
2.5118155516236578,6.955292236319419,2.8074178794303766,2.535073369036045,1.5055090845199603,2.1695256135851997,0.22051216238802251
2.5832255516236575,7.066392236319416,2.8074178794303766,2.570773369036047,1.4578990845199602,2.1832656135851995,0.20677916238802252
2.182535551623658,7.106092236319419,2.8074178794303766,2.495473369036045,1.4990990845199605,2.2803056135852,0.1939621623880225
1.8889555516236576,7.106092236319419,2.7320378794303766,2.384373369036048,1.5879090845199602,2.3837656135852,0.20677916238802252
1.8889555516236576,7.106092236319419,2.7320378794303766,2.384373369036048,1.5879090845199602,2.3837656135852,0.20677916238802252
1.6310855516236578,7.141792236319418,2.2202578794303767,2.308973369036046,1.6052990845199604,2.3562956135852,0.21410316238802252
1.6310855516236578,7.141792236319418,2.2202578794303767,2.308973369036046,1.6052990845199604,2.3562956135852,0.21410316238802252
1.5557055516236578,7.181392236319418,2.0734678794303765,2.4597733690360464,1.5228990845199601,2.3288356135851997,0.21410316238802252
1.3375055516236576,7.256792236319416,2.0020578794303763,2.495473369036045,1.4871990845199603,2.3288356135851997,0.18663716238802247
1.1510395516236578,7.332192236319418,1.7084778794303765,2.4597733690360464,1.5348090845199605,2.4121456135851997,0.22051216238802251
1.1907125516236576,7.217192236319416,1.6330978794303765,2.495473369036045,1.5283990845199602,2.4396156135852,0.2269211623880225
1.3017955516236577,7.256792236319416,1.7441778794303768,2.570773369036047,1.4578990845199602,2.4048256135851998,0.20037016238802247
1.3732055516236576,7.217192236319416,1.8195578794303768,2.6858733690360452,1.4524090845199602,2.4670756135851994,0.1939621623880225
1.3732055516236576,7.217192236319416,1.9623778794303768,2.761273369036047,1.4936090845199606,2.4945456135851996,0.22051216238802251
1.5557055516236578,7.332192236319418,2.0734678794303765,2.7215733690360473,1.5640990845199605,2.5229256135852,0.21410316238802252
1.7024955516236577,7.443292236319419,2.1091678794303768,2.7215733690360473,1.6226990845199603,2.4322856135852,0.1939621623880225
1.8135755516236576,7.482992236319419,2.0734678794303765,2.6858733690360452,1.6052990845199604,2.3150956135852,0.2269211623880225
1.8889555516236576,7.633692236319419,2.1091678794303768,2.6858733690360452,1.5228990845199601,2.3352456135851996,0.1738201623880225
1.8135755516236576,7.7447922363194195,2.255957879430377,2.7215733690360473,1.4578990845199602,2.4322856135852,0.2342451623880225
1.8135755516236576,7.7447922363194195,2.255957879430377,2.7215733690360473,1.4578990845199602,2.4322856135852,0.2342451623880225
1.5199955516236576,7.935192236319416,2.1091678794303768,2.535073369036045,1.4871990845199603,2.4670756135851994,0.20037016238802247
1.4089155516236576,8.010592236319418,1.8909678794303766,2.384373369036048,1.5174090845199601,2.4121456135851997,0.1664961623880225
1.2621255516236576,7.895592236319416,1.7798878794303767,2.535073369036045,1.5228990845199601,2.3700356135851997,0.22051216238802251
1.4089155516236576,7.784492236319419,1.7084778794303765,2.495473369036045,1.5402990845199604,2.4881356135851997,0.2342451623880225
1.4485855516236577,7.669392236319418,1.8909678794303766,2.6461733690360454,1.5521990845199602,2.4258756135851995,0.2406541623880225
1.4089155516236576,7.669392236319418,1.9623778794303768,2.7215733690360473,1.5933990845199602,2.3013656135851996,0.20677916238802252
1.4842955516236576,7.633692236319419,1.8909678794303766,2.7215733690360473,1.6290990845199604,2.2729856135852,0.24706216238802248
1.7778755516236577,7.593992236319419,1.8909678794303766,2.761273369036047,1.5933990845199602,2.3215056135851997,0.1802291623880225
1.9960755516236577,7.593992236319419,2.0734678794303765,2.761273369036047,1.5467090845199603,2.4258756135851995,0.18663716238802247
1.9246655516236577,7.558292236319417,2.1845478794303768,2.6858733690360452,1.4697990845199604,2.5778556135851995,0.20677916238802252
1.9960755516236577,7.593992236319419,2.331337879430377,2.8365733690360457,1.4643090845199604,2.5778556135851995,0.18663716238802247
2.0714455516236576,7.593992236319419,2.331337879430377,2.8365733690360457,1.4816990845199602,2.3562956135852,0.2269211623880225
2.2539455516236577,7.7447922363194195,2.402747879430377,2.7969733690360457,1.5348090845199605,2.2317856135852,0.21410316238802252
2.2896555516236576,7.633692236319419,2.478127879430377,2.7969733690360457,1.5998090845199604,2.3150956135852,0.1738201623880225
2.182535551623658,7.558292236319417,2.5852478794303773,2.8723733690360476,1.5933990845199602,2.4322856135852,0.2406541623880225
1.9603655516236578,7.633692236319419,2.513837879430377,2.7969733690360457,1.6107890845199604,2.4048256135851998,0.1664961623880225
1.9603655516236578,7.633692236319419,2.513837879430377,2.7969733690360457,1.6107890845199604,2.4048256135851998,0.1664961623880225
1.7778755516236577,7.784492236319419,2.2202578794303767,2.6858733690360452,1.6410090845199603,2.3150956135852,0.1802291623880225
1.6310855516236578,7.935192236319416,1.9266778794303765,2.610473369036047,1.6052990845199604,2.3215056135851997,0.21410316238802252
1.2264155516236577,7.970892236319418,1.7798878794303767,2.570773369036047,1.5348090845199605,2.3773556135851996,0.1939621623880225
1.0439235516236578,7.895592236319416,1.6727678794303766,2.535073369036045,1.4871990845199603,2.4881356135851997,0.2269211623880225
1.1510395516236578,7.820192236319418,1.5259778794303769,2.495473369036045,1.4697990845199604,2.5229256135852,0.1802291623880225
1.1907125516236576,7.7447922363194195,1.4505978794303769,2.570773369036047,1.4816990845199602,2.4533456135851996,0.20037016238802247
1.1153345516236577,7.669392236319418,1.4505978794303769,2.6461733690360454,1.5109990845199603,2.3498856135851995,0.2342451623880225
1.2621255516236576,7.593992236319419,1.5259778794303769,2.8365733690360457,1.5174090845199601,2.3288356135851997,0.1738201623880225
1.2621255516236576,7.709092236319417,1.9266778794303765,2.8365733690360457,1.5109990845199603,2.3837656135852,0.2269211623880225
1.4842955516236576,7.709092236319417,1.8195578794303768,2.761273369036047,1.5759990845199603,2.4396156135852,0.20677916238802252
1.6667855516236576,7.709092236319417,1.8552678794303767,2.761273369036047,1.5814990845199604,2.4881356135851997,0.1802291623880225
1.7421655516236576,7.633692236319419,1.8909678794303766,2.8365733690360457,1.5879090845199602,2.4322856135852,0.20037016238802247
1.6667855516236576,7.518692236319417,1.8552678794303767,2.761273369036047,1.5640990845199605,2.3700356135851997,0.20677916238802252
1.7421655516236576,7.593992236319419,1.8552678794303767,2.8365733690360457,1.4643090845199604,2.3636256135852,0.21410316238802252
1.9246655516236577,7.7447922363194195,1.9623778794303768,2.761273369036047,1.4350090845199603,2.3352456135851996,0.20677916238802252
1.6667855516236576,7.859892236319418,2.0377578794303766,2.610473369036047,1.4112090845199603,2.3288356135851997,0.21410316238802252
1.5199955516236576,7.784492236319419,1.9266778794303765,2.570773369036047,1.4762090845199602,2.4396156135852,0.20677916238802252
1.5199955516236576,7.784492236319419,1.9266778794303765,2.570773369036047,1.4762090845199602,2.4396156135852,0.20677916238802252
1.4089155516236576,7.7447922363194195,1.7798878794303767,2.4597733690360464,1.5521990845199602,2.4945456135851996,0.20677916238802252
1.2264155516236577,7.7447922363194195,1.7084778794303765,2.570773369036047,1.5814990845199604,2.4670756135851994,0.21410316238802252
1.3375055516236576,7.407592236319417,1.5973878794303766,2.8365733690360457,1.5814990845199604,2.3215056135851997,0.1802291623880225
1.3732055516236576,7.482992236319419,1.6727678794303766,2.8365733690360457,1.5640990845199605,2.2665756135851995,0.20677916238802252
1.3732055516236576,7.482992236319419,1.6727678794303766,2.8365733690360457,1.5640990845199605,2.2665756135851995,0.20677916238802252
1.3017955516236577,7.633692236319419,1.5973878794303766,2.8365733690360457,1.5283990845199602,2.3288356135851997,0.2342451623880225
1.7024955516236577,7.518692236319417,1.6727678794303766,2.947673369036046,1.4643090845199604,2.5641256135851997,0.1664961623880225
1.7421655516236576,7.443292236319419,2.0377578794303766,3.0984733690360464,1.4459990845199604,2.5577156135851995,0.20677916238802252
1.8135755516236576,7.407592236319417,2.0734678794303765,3.213473369036045,1.4936090845199606,2.4744056135851995,0.20037016238802247
2.035745551623658,7.256792236319416,2.1488478794303765,3.364273369036045,1.5640990845199605,2.3773556135851996,0.18663716238802247
2.218235551623658,7.217192236319416,2.1488478794303765,3.364273369036045,1.6345990845199605,2.3013656135851996,0.1939621623880225
2.3293255516236577,7.2924922363194185,2.2202578794303767,3.439673369036047,1.6410090845199603,2.3700356135851997,0.1802291623880225
2.2896555516236576,7.367892236319417,2.2956378794303767,3.439673369036047,1.6290990845199604,2.4460156135851996,0.18663716238802247
2.035745551623658,7.443292236319419,2.1845478794303768,3.364273369036045,1.5879090845199602,2.4396156135852,0.20677916238802252
1.6667855516236576,7.518692236319417,1.9623778794303768,3.2888733690360468,1.5467090845199603,2.4185556135851995,0.18663716238802247
1.5953755516236576,7.633692236319419,1.7084778794303765,3.213473369036045,1.5109990845199603,2.4258756135851995,0.18663716238802247
1.3732055516236576,7.593992236319419,1.4863078794303768,3.249173369036047,1.4697990845199604,2.4808056135851997,0.1939621623880225
1.2264155516236577,7.407592236319417,1.4505978794303769,3.249173369036047,1.4697990845199604,2.5229256135852,0.2342451623880225
1.1153345516236577,7.407592236319417,1.3434878794303768,3.3245733690360453,1.5467090845199603,2.5366556135851996,0.15367916238802248
1.0042505516236577,7.407592236319417,1.3434878794303768,3.399973369036047,1.5933990845199602,2.4670756135851994,0.2269211623880225
1.0439235516236578,7.367892236319417,1.3434878794303768,3.439673369036047,1.6171990845199602,2.3700356135851997,0.1939621623880225
1.3732055516236576,7.332192236319418,1.4505978794303769,3.4753733690360455,1.6107890845199604,2.3636256135852,0.1939621623880225
1.4842955516236576,7.181392236319418,1.7084778794303765,3.4753733690360455,1.5640990845199605,2.5577156135851995,0.21410316238802252
1.5199955516236576,7.106092236319419,1.6330978794303765,3.5903733690360475,1.5402990845199604,2.6538456135851995,0.20677916238802252
1.7024955516236577,7.217192236319416,1.5616878794303768,3.626073369036046,1.5283990845199602,2.6126456135851996,0.1939621623880225
1.7778755516236577,7.2924922363194185,1.5973878794303766,3.5507733690360475,1.4990990845199605,2.4881356135851997,0.1664961623880225
1.7421655516236576,7.332192236319418,1.6727678794303766,3.5903733690360475,1.4405090845199604,2.4185556135851995,0.1939621623880225
1.6667855516236576,7.332192236319418,2.0020578794303763,3.5903733690360475,1.4459990845199604,2.4460156135851996,0.20677916238802252
1.6667855516236576,7.332192236319418,2.0020578794303763,3.5903733690360475,1.4459990845199604,2.4460156135851996,0.20677916238802252
1.5953755516236576,7.332192236319418,2.0020578794303763,3.4753733690360455,1.5174090845199601,2.4670756135851994,0.22051216238802251
1.7024955516236577,7.367892236319417,1.7084778794303765,3.4753733690360455,1.6638890845199605,2.4460156135851996,0.2269211623880225
1.5953755516236576,7.332192236319418,1.5259778794303769,3.5150733690360454,1.6822090845199602,2.4606656135851996,0.14635416238802246
1.1510395516236578,7.256792236319416,1.3434878794303768,3.439673369036047,1.5521990845199602,2.5229256135852,0.2269211623880225
1.1510395516236578,7.2924922363194185,1.232397879430377,3.439673369036047,1.4578990845199602,2.4606656135851996,0.1664961623880225
1.1907125516236576,7.518692236319417,1.1966978794303766,3.3245733690360453,1.4578990845199602,2.4048256135851998,0.1939621623880225
1.3375055516236576,7.518692236319417,1.0856078794303767,3.364273369036045,1.4697990845199604,2.4744056135851995,0.1939621623880225
1.4485855516236577,7.367892236319417,1.3791878794303767,3.4753733690360455,1.4936090845199606,2.5155956135852,0.1664961623880225
1.4842955516236576,7.217192236319416,1.6330978794303765,3.5150733690360454,1.5228990845199601,2.5018656135851995,0.22051216238802251
1.4842955516236576,7.217192236319416,1.6330978794303765,3.5150733690360454,1.5228990845199601,2.5018656135851995,0.22051216238802251
1.8135755516236576,7.106092236319419,1.7084778794303765,3.661773369036048,1.6345990845199605,2.4121456135851997,0.14635416238802246
1.9246655516236577,7.066392236319416,1.7084778794303765,3.701473369036048,1.6052990845199604,2.3288356135851997,0.22051216238802251
1.9603655516236578,7.0306922363194175,1.6727678794303766,3.661773369036048,1.5998090845199604,2.3425656135851995,0.1399461623880225
1.7778755516236577,7.256792236319416,1.4505978794303769,3.5903733690360475,1.5640990845199605,2.4533456135851996,0.21410316238802252
1.4485855516236577,7.332192236319418,1.4148978794303766,3.5507733690360475,1.5109990845199603,2.4744056135851995,0.20037016238802247
1.2264155516236577,7.443292236319419,1.3434878794303768,3.5150733690360454,1.4697990845199604,2.4670756135851994,0.14635416238802246
1.0439235516236578,7.443292236319419,0.9745278794303769,3.5150733690360454,1.5055090845199603,2.4606656135851996,0.21410316238802252
0.9328395516236576,7.443292236319419,0.9031178794303767,3.5507733690360475,1.5109990845199603,2.4808056135851997,0.16008716238802245
0.8971335516236578,7.2924922363194185,0.9388178794303765,3.5150733690360454,1.5586090845199605,2.4881356135851997,0.18663716238802247
0.8574605516236578,7.256792236319416,0.9745278794303769,3.5150733690360454,1.5933990845199602,2.5229256135852,0.2406541623880225
0.8217555516236577,7.256792236319416,0.8277378794303767,3.626073369036046,1.6171990845199602,2.4881356135851997,0.20037016238802247
0.8971335516236578,7.2924922363194185,0.7920278794303768,3.626073369036046,1.6171990845199602,2.3425656135851995,0.1802291623880225
1.0042505516236577,7.332192236319418,0.8277378794303767,3.626073369036046,1.5467090845199603,2.2867156135851996,0.20037016238802247
1.0796285516236577,7.443292236319419,1.0102378794303768,3.661773369036048,1.4459990845199604,2.4258756135851995,0.21410316238802252
1.0042505516236577,7.558292236319417,1.1213178794303766,3.626073369036046,1.4459990845199604,2.5714456135851997,0.2406541623880225
1.1510395516236578,7.558292236319417,1.0856078794303767,3.701473369036048,1.4762090845199602,2.6053256135851997,0.20677916238802252
1.5953755516236576,7.407592236319417,1.1966978794303766,3.7768733690360463,1.5586090845199605,2.4808056135851997,0.20037016238802247
1.4842955516236576,7.367892236319417,1.4505978794303769,3.7768733690360463,1.5283990845199602,2.4670756135851994,0.20677916238802252
1.5557055516236578,7.367892236319417,1.5973878794303766,3.812573369036045,1.5174090845199601,2.3700356135851997,0.20677916238802252
1.4485855516236577,7.518692236319417,1.3791878794303767,3.7768733690360463,1.5695990845199606,2.2729856135852,0.22051216238802251
1.3732055516236576,7.482992236319419,1.1966978794303766,3.661773369036048,1.6052990845199604,2.2940456135851996,0.1738201623880225
1.2621255516236576,7.709092236319417,1.0102378794303768,3.701473369036048,1.6107890845199604,2.4460156135851996,0.21410316238802252
1.1153345516236577,7.895592236319416,0.9031178794303767,3.626073369036046,1.5814990845199604,2.5714456135851997,0.2342451623880225
1.2264155516236577,8.085992236319417,0.9031178794303767,3.626073369036046,1.5402990845199604,2.6053256135851997,0.2269211623880225
1.0439235516236578,7.970892236319418,1.0102378794303768,3.626073369036046,1.4816990845199602,2.5229256135852,0.22051216238802251
1.1907125516236576,8.010592236319418,1.3038078794303767,3.661773369036048,1.4524090845199602,2.4185556135851995,0.20677916238802252
1.7421655516236576,7.859892236319418,1.1966978794303766,3.7371733690360465,1.4762090845199602,2.3150956135852,0.2406541623880225
1.8492855516236577,7.820192236319418,1.4863078794303768,3.8879733690360467,1.5521990845199602,2.3636256135852,0.22051216238802251
1.7024955516236577,7.7447922363194195,1.7084778794303765,3.8522733690360447,1.6171990845199602,2.4606656135851996,0.18663716238802247
1.6310855516236578,7.784492236319419,1.5973878794303766,3.8879733690360467,1.6822090845199602,2.4808056135851997,0.2342451623880225
1.7778755516236577,7.935192236319416,1.5259778794303769,3.963373369036045,1.6345990845199605,2.4670756135851994,0.1939621623880225
1.8492855516236577,8.121692236319419,1.4863078794303768,3.9276733690360466,1.5348090845199605,2.4185556135851995,0.2406541623880225
1.6667855516236576,8.085992236319417,1.4505978794303769,3.963373369036045,1.4578990845199602,2.5293356135851996,0.2342451623880225
1.3732055516236576,8.161392236319418,1.4148978794303766,4.002973369036045,1.4697990845199604,2.5641256135851997,0.21410316238802252
1.3732055516236576,8.161392236319418,1.4148978794303766,4.002973369036045,1.4697990845199604,2.5641256135851997,0.21410316238802252
1.2621255516236576,8.308192236319417,1.157017879430377,3.963373369036045,1.5055090845199603,2.5293356135851996,0.2342451623880225
1.2621255516236576,8.232792236319419,0.9745278794303769,4.002973369036045,1.5640990845199605,2.4670756135851994,0.2269211623880225
1.0796285516236577,8.27239223631942,0.8674078794303768,4.114073369036046,1.5759990845199603,2.4808056135851997,0.20677916238802252
0.9328395516236576,8.27239223631942,0.9031178794303767,4.078373369036047,1.6052990845199604,2.5641256135851997,0.2543871623880225
0.6035545516236578,8.42319223631942,0.7206178794303766,4.002973369036045,1.5998090845199604,2.6053256135851997,0.2269211623880225
0.6749655516236577,8.573992236319416,0.5341578794303767,3.8879733690360467,1.5814990845199604,2.5155956135852,0.2543871623880225
0.8971335516236578,8.609692236319418,0.5341578794303767,3.9276733690360466,1.5402990845199604,2.4258756135851995,0.22051216238802251
0.9328395516236576,8.534292236319416,0.7563278794303765,4.078373369036047,1.4816990845199602,2.4533456135851996,0.2342451623880225
0.9685445516236577,8.534292236319416,0.9388178794303765,4.1894733690360475,1.4871990845199603,2.5641256135851997,0.2342451623880225
1.0439235516236578,8.347792236319417,1.0102378794303768,4.153773369036045,1.5283990845199602,2.6401156135851997,0.2269211623880225
1.3732055516236576,8.383492236319416,1.1213178794303766,4.153773369036045,1.5933990845199602,2.6126456135851996,0.22051216238802251
1.6667855516236576,8.458892236319418,1.1966978794303766,4.1894733690360475,1.5998090845199604,2.5229256135852,0.21410316238802252
1.7778755516236577,8.534292236319416,1.3434878794303768,4.229173369036047,1.5640990845199605,2.4460156135851996,0.20677916238802252
1.4485855516236577,8.609692236319418,1.4148978794303766,4.264873369036046,1.5521990845199602,2.4744056135851995,0.2406541623880225
1.4089155516236576,8.800092236319419,1.3434878794303768,4.153773369036045,1.5348090845199605,2.4744056135851995,0.2406541623880225
1.3375055516236576,8.760392236319419,1.0856078794303767,4.038673369036047,1.5879090845199602,2.4322856135852,0.16008716238802245
1.4089155516236576,8.760392236319419,0.8674078794303768,3.963373369036045,1.5640990845199605,2.4744056135851995,0.2269211623880225
1.1907125516236576,8.684992236319417,0.8674078794303768,3.9276733690360466,1.5283990845199602,2.5915856135852,0.20677916238802252
1.1153345516236577,8.684992236319417,1.0102378794303768,3.812573369036045,1.5109990845199603,2.6263756135851994,0.2342451623880225
1.1510395516236578,8.684992236319417,1.157017879430377,3.812573369036045,1.5055090845199603,2.5503856135851994,0.2607951623880225
1.2621255516236576,8.760392236319419,1.2681078794303768,3.8522733690360447,1.5348090845199605,2.4396156135852,0.1802291623880225
1.7024955516236577,8.684992236319417,1.157017879430377,3.8879733690360467,1.5759990845199603,2.3562956135852,0.22051216238802251
1.8135755516236576,8.649292236319418,1.3434878794303768,3.812573369036045,1.6107890845199604,2.3700356135851997,0.22051216238802251
1.7421655516236576,8.573992236319416,1.4505978794303769,3.7371733690360465,1.5695990845199606,2.5366556135851996,0.1664961623880225
1.7024955516236577,8.534292236319416,1.4505978794303769,3.7371733690360465,1.5759990845199603,2.6053256135851997,0.2342451623880225
1.8492855516236577,8.573992236319416,1.3434878794303768,3.701473369036048,1.5109990845199603,2.4808056135851997,0.20037016238802247
1.8492855516236577,8.684992236319417,1.4505978794303769,3.661773369036048,1.4762090845199602,2.3700356135851997,0.1939621623880225
2.0714455516236576,8.609692236319418,1.6330978794303765,3.7371733690360465,1.4643090845199604,2.4396156135852,0.2269211623880225
1.8135755516236576,8.498592236319418,1.4505978794303769,3.7371733690360465,1.5640990845199605,2.5366556135851996,0.2607951623880225
1.4485855516236577,8.383492236319416,1.1213178794303766,3.7768733690360463,1.6052990845199604,2.4945456135851996,0.22051216238802251
1.2621255516236576,8.498592236319418,0.6809478794303765,3.7371733690360465,1.6345990845199605,2.4322856135852,0.1939621623880225
0.8217555516236577,8.498592236319418,0.5341578794303767,3.9276733690360466,1.5348090845199605,2.4121456135851997,0.28093716238802247
0.7106715516236577,8.534292236319416,0.3516678794303767,3.812573369036045,1.4762090845199602,2.5018656135851995,0.1939621623880225
0.3456815516236577,8.724692236319417,0.13346787943037675,3.7371733690360465,1.5055090845199603,2.5989156135852,0.22051216238802251
0.4170925516236577,8.800092236319419,0.05808787943037674,3.701473369036048,1.4816990845199602,2.6263756135851994,0.2607951623880225
0.7106715516236577,8.649292236319418,0.20487787943037672,3.7371733690360465,1.4816990845199602,2.5915856135852,0.1664961623880225
0.8971335516236578,8.573992236319416,0.3913378794303768,3.7768733690360463,1.4578990845199602,2.6263756135851994,0.22051216238802251
0.8971335516236578,8.347792236319417,0.6452378794303766,3.7768733690360463,1.4936090845199606,2.5503856135851994,0.2406541623880225
0.7860495516236576,8.308192236319417,0.6452378794303766,3.8522733690360447,1.5109990845199603,2.4606656135851996,0.18663716238802247
1.2264155516236577,8.308192236319417,0.5341578794303767,3.812573369036045,1.5521990845199602,2.4121456135851997,0.2607951623880225
1.1510395516236578,8.42319223631942,0.46274787943037654,3.9276733690360466,1.5640990845199605,2.5155956135852,0.16008716238802245
0.8574605516236578,8.498592236319418,0.6452378794303766,3.963373369036045,1.5109990845199603,2.5714456135851997,0.2873451623880225
0.9328395516236576,8.42319223631942,0.46274787943037654,4.038673369036047,1.4697990845199604,2.4808056135851997,0.2269211623880225
1.0042505516236577,8.573992236319416,0.3516678794303767,4.114073369036046,1.4871990845199603,2.5018656135851995,0.27452816238802247
1.0042505516236577,8.347792236319417,0.3159578794303768,4.1894733690360475,1.5174090845199601,2.5989156135852,0.1738201623880225
1.0042505516236577,8.383492236319416,0.28024787943037666,4.264873369036046,1.5467090845199603,2.6749056135852,0.2607951623880225
0.8971335516236578,8.383492236319416,0.3913378794303768,4.304473369036046,1.5586090845199605,2.5430656135851994,0.2406541623880225
1.0042505516236577,8.498592236319418,0.3913378794303768,4.264873369036046,1.5586090845199605,2.4670756135851994,0.22051216238802251
1.3732055516236576,8.573992236319416,0.42703787943037663,4.229173369036047,1.5174090845199601,2.5091956135851996,0.24706216238802248
1.3732055516236576,8.573992236319416,0.6452378794303766,4.304473369036046,1.4643090845199604,2.6199656135851996,0.18663716238802247
1.3732055516236576,8.573992236319416,0.6452378794303766,4.304473369036046,1.4643090845199604,2.6199656135851996,0.18663716238802247
1.4089155516236576,8.573992236319416,0.8674078794303768,4.229173369036047,1.4578990845199602,2.7096956135851995,0.2269211623880225
1.4842955516236576,8.42319223631942,0.8674078794303768,4.304473369036046,1.4871990845199603,2.6886356135851996,0.20677916238802252
1.7024955516236577,8.308192236319417,0.9388178794303765,4.304473369036046,1.5174090845199601,2.5641256135851997,0.18663716238802247
1.8889555516236576,8.232792236319419,0.9388178794303765,4.264873369036046,1.5348090845199605,2.4048256135851998,0.24706216238802248
1.8492855516236577,8.27239223631942,1.0856078794303767,4.264873369036046,1.5467090845199603,2.4258756135851995,0.20677916238802252
1.5953755516236576,8.232792236319419,1.0102378794303768,4.114073369036046,1.5348090845199605,2.5155956135852,0.21410316238802252
1.3017955516236577,8.232792236319419,0.8277378794303767,3.9276733690360466,1.5521990845199602,2.5293356135851996,0.2873451623880225
1.0042505516236577,8.347792236319417,0.42703787943037663,3.812573369036045,1.5467090845199603,2.5229256135852,0.1802291623880225
0.6035545516236578,8.458892236319418,0.04903212056962336,3.5903733690360475,1.4816990845199602,2.5915856135852,0.28093716238802247
0.5638815516236577,8.383492236319416,0.13346787943037675,3.5150733690360454,1.3993090845199605,2.6053256135851997,0.20677916238802252
0.4170925516236577,8.383492236319416,0.05808787943037674,3.4753733690360455,1.4285990845199605,2.5714456135851997,0.2406541623880225
0.7860495516236576,8.347792236319417,0.19582212056962334,3.5507733690360475,1.4697990845199604,2.4533456135851996,0.27452816238802247
0.8574605516236578,8.197092236319417,0.08474212056962327,3.626073369036046,1.5109990845199603,2.3837656135852,0.20677916238802252
0.6749655516236577,8.197092236319417,0.01332212056962323,3.626073369036046,1.5055090845199603,2.5778556135851995,0.26720416238802247
0.4924705516236577,8.121692236319419,0.09775787943037662,3.701473369036048,1.5348090845199605,2.6684956135851996,0.22051216238802251
0.6392605516236578,8.232792236319419,0.04903212056962336,3.661773369036048,1.5109990845199603,2.5430656135851994,0.1939621623880225
0.8971335516236578,8.347792236319417,0.12441212056962336,3.5903733690360475,1.5109990845199603,2.3910856135852,0.26720416238802247
0.7860495516236576,8.197092236319417,0.1691678794303768,3.626073369036046,1.4459990845199604,2.6337056135851995,0.2543871623880225
0.7503445516236578,8.232792236319419,0.2445478794303768,3.661773369036048,1.4231090845199605,2.6263756135851994,0.2406541623880225
0.8971335516236578,8.27239223631942,0.09775787943037662,3.701473369036048,1.4578990845199602,2.4670756135851994,0.2269211623880225
0.8217555516236577,8.308192236319417,0.022377879430376613,3.661773369036048,1.4762090845199602,2.3562956135852,0.2269211623880225
0.7106715516236577,8.27239223631942,0.022377879430376613,3.7768733690360463,1.4871990845199603,2.4185556135851995,0.22051216238802251
0.6749655516236577,8.232792236319419,0.27120212056962334,3.7768733690360463,1.4816990845199602,2.7234256135851997,0.28093716238802247
0.5638815516236577,8.347792236319417,0.12441212056962336,3.7371733690360465,1.4762090845199602,2.5366556135851996,0.15367916238802248
0.8574605516236578,8.42319223631942,0.12441212056962336,3.963373369036045,1.4350090845199603,2.4185556135851995,0.2543871623880225
1.1907125516236576,8.383492236319416,0.1691678794303768,4.038673369036047,1.4047990845199605,2.4533456135851996,0.2269211623880225
1.3732055516236576,8.27239223631942,0.46274787943037654,4.002973369036045,1.4350090845199603,2.5293356135851996,0.1939621623880225
1.4089155516236576,8.27239223631942,0.6809478794303765,4.078373369036047,1.5109990845199603,2.6337056135851995,0.22051216238802251
1.6667855516236576,8.121692236319419,0.7206178794303766,4.114073369036046,1.5174090845199601,2.6822256135852,0.21410316238802252
1.8492855516236577,8.161392236319418,0.6095378794303767,4.1894733690360475,1.5283990845199602,2.5366556135851996,0.1399461623880225
1.8492855516236577,8.121692236319419,0.6452378794303766,4.153773369036045,1.5228990845199601,2.3910856135852,0.2946701623880225
1.5199955516236576,8.161392236319418,0.7206178794303766,4.114073369036046,1.4350090845199603,2.4533456135851996,0.16008716238802245
1.3732055516236576,8.27239223631942,0.4984578794303769,4.078373369036047,1.4285990845199605,2.5503856135851994,0.20677916238802252
1.1153345516236577,8.383492236319416,0.3159578794303768,3.8879733690360467,1.4459990845199604,2.5778556135851995,0.2946701623880225
1.0042505516236577,8.308192236319417,0.01332212056962323,3.7768733690360463,1.4697990845199604,2.6126456135851996,0.1664961623880225
0.8574605516236578,8.383492236319416,0.08474212056962327,3.7371733690360465,1.4816990845199602,2.6199656135851996,0.21410316238802252
0.6392605516236578,8.347792236319417,0.12441212056962336,3.661773369036048,1.4762090845199602,2.5503856135851994,0.21410316238802252
0.4170925516236577,8.308192236319417,0.01332212056962323,3.5150733690360454,1.4643090845199604,2.4945456135851996,0.1664961623880225
0.8971335516236578,8.308192236319417,0.23153212056962325,3.249173369036047,1.4524090845199602,2.3498856135851995,0.16008716238802245
0.8217555516236577,8.308192236319417,0.19582212056962334,3.249173369036047,1.4578990845199602,2.4322856135852,0.2406541623880225
0.7860495516236576,8.27239223631942,0.19582212056962334,3.2888733690360468,1.4459990845199604,2.5989156135852,0.2873451623880225
0.7106715516236577,8.347792236319417,0.08474212056962327,3.213473369036045,1.4459990845199604,2.5641256135851997,0.15367916238802248
0.8574605516236578,8.534292236319416,0.04903212056962336,3.173873369036045,1.4285990845199605,2.3425656135851995,0.2607951623880225
1.3017955516236577,8.458892236319418,0.05808787943037674,3.213473369036045,1.4524090845199602,2.2867156135851996,0.20037016238802247
1.2264155516236577,8.27239223631942,0.05808787943037674,3.213473369036045,1.4578990845199602,2.3837656135852,0.16008716238802245
1.2264155516236577,8.27239223631942,0.05808787943037674,3.213473369036045,1.4578990845199602,2.3837656135852,0.16008716238802245
1.0042505516236577,8.232792236319419,0.1691678794303768,3.249173369036047,1.4643090845199604,2.4744056135851995,0.27452816238802247
0.9328395516236576,8.232792236319419,0.08474212056962327,3.1381733690360463,1.4643090845199604,2.5503856135851994,0.20037016238802247
0.6392605516236578,8.232792236319419,0.3069021205696232,3.023073369036048,1.4524090845199602,2.4396156135852,0.1738201623880225
0.6035545516236578,8.383492236319416,0.5608121205696233,3.1381733690360463,1.4166990845199603,2.3498856135851995,0.2543871623880225
0.45676555162365773,8.383492236319416,0.6718921205696233,3.1381733690360463,1.4285990845199605,2.4048256135851998,0.22051216238802251
0.4170925516236577,8.498592236319418,0.6361921205696233,3.364273369036045,1.4231090845199605,2.5851756135851995,0.1664961623880225
0.30997555162365775,8.534292236319416,0.4894021205696233,3.3245733690360453,1.4643090845199604,2.6126456135851996,0.2406541623880225
1.1153345516236577,8.649292236319418,0.1601121205696232,3.7371733690360465,1.4578990845199602,2.4881356135851997,0.2342451623880225
1.1510395516236578,8.609692236319418,0.05808787943037674,3.9276733690360466,1.4350090845199603,2.4744056135851995,0.2342451623880225
1.3017955516236577,8.573992236319416,0.022377879430376613,4.114073369036046,1.4643090845199604,2.6684956135851996,0.21410316238802252
1.3732055516236576,8.573992236319416,0.12441212056962336,4.1894733690360475,1.4871990845199603,2.7096956135851995,0.1939621623880225
1.3017955516236577,8.649292236319418,0.05808787943037674,4.114073369036046,1.4762090845199602,2.5714456135851997,0.2269211623880225
1.3017955516236577,8.649292236319418,0.05808787943037674,4.114073369036046,1.4762090845199602,2.5714456135851997,0.2269211623880225
1.1510395516236578,8.684992236319417,0.05808787943037674,4.229173369036047,1.4524090845199602,2.5577156135851995,0.24706216238802248
1.1510395516236578,8.649292236319418,0.04903212056962336,4.1894733690360475,1.4405090845199604,2.5915856135852,0.2269211623880225
1.0439235516236578,8.684992236319417,0.1601121205696232,4.038673369036047,1.4405090845199604,2.5229256135852,0.2269211623880225
0.7860495516236576,8.724692236319417,0.3426121205696233,3.8879733690360467,1.4697990845199604,2.5293356135851996,0.24706216238802248
0.7860495516236576,8.684992236319417,0.5608121205696233,3.7768733690360463,1.4936090845199606,2.5641256135851997,0.1738201623880225
0.5638815516236577,8.573992236319416,0.7829801205696233,3.701473369036048,1.4816990845199602,2.5714456135851997,0.2269211623880225
0.4170925516236577,8.534292236319416,0.7472741205696233,3.661773369036048,1.4697990845199604,2.5503856135851994,0.27452816238802247
0.4170925516236577,8.534292236319416,0.7472741205696233,3.661773369036048,1.4697990845199604,2.5503856135851994,0.27452816238802247
0.27030265162365774,8.609692236319418,0.8186851205696233,3.5507733690360475,1.4524090845199602,2.5430656135851994,0.22051216238802251
0.45676555162365773,8.609692236319418,0.9654751205696233,3.5507733690360475,1.4524090845199602,2.5155956135852,0.20037016238802247
0.5638815516236577,8.760392236319419,0.6361921205696233,3.5150733690360454,1.4350090845199603,2.6337056135851995,0.1939621623880225
0.6035545516236578,8.800092236319419,0.5251021205696234,3.5150733690360454,1.4578990845199602,2.6263756135851994,0.2543871623880225
1.0042505516236577,8.835792236319417,0.4894021205696233,3.626073369036046,1.4697990845199604,2.4121456135851997,0.21410316238802252
1.0796285516236577,8.724692236319417,0.3426121205696233,3.7768733690360463,1.4643090845199604,2.4945456135851996,0.21410316238802252
0.7106715516236577,8.724692236319417,0.3069021205696232,3.8522733690360447,1.4762090845199602,2.5641256135851997,0.22051216238802251
0.7503445516236578,8.760392236319419,0.4894021205696233,4.002973369036045,1.4762090845199602,2.5989156135852,0.2269211623880225
0.5281765516236577,8.760392236319419,0.7076021205696232,4.038673369036047,1.4871990845199603,2.5503856135851994,0.1738201623880225
0.4170925516236577,8.800092236319419,0.8543911205696233,4.114073369036046,1.4871990845199603,2.5430656135851994,0.2342451623880225
0.4924705516236577,8.950892236319419,0.8186851205696233,4.1894733690360475,1.4405090845199604,2.6886356135851996,0.15367916238802248
0.5638815516236577,8.911192236319419,0.7829801205696233,4.340173369036048,1.4578990845199602,2.7508856135852,0.24706216238802248
0.6392605516236578,8.950892236319419,0.7076021205696232,4.455273369036046,1.4697990845199604,2.6886356135851996,0.2342451623880225
0.7503445516236578,8.986592236319417,0.7076021205696232,4.415573369036046,1.5228990845199601,2.5714456135851997,0.1939621623880225
0.8217555516236577,9.026192236319417,0.5608121205696233,4.530673369036048,1.5402990845199604,2.5577156135851995,0.2269211623880225
0.8574605516236578,8.986592236319417,0.5251021205696234,4.530673369036048,1.5348090845199605,2.6684956135851996,0.2342451623880225
0.8971335516236578,8.986592236319417,0.3426121205696233,4.415573369036046,1.5348090845199605,2.7856756135851994,0.1738201623880225
1.0042505516236577,9.026192236319417,0.4894021205696233,4.229173369036047,1.5174090845199601,2.7792756135851997,0.20677916238802252
1.2264155516236577,9.06189223631942,0.4894021205696233,3.9276733690360466,1.4990990845199605,2.5778556135851995,0.16008716238802245
1.0796285516236577,9.06189223631942,0.23153212056962325,3.7768733690360463,1.4871990845199603,2.5293356135851996,0.2342451623880225
1.0042505516236577,9.10159223631942,0.19582212056962334,3.812573369036045,1.4697990845199604,2.4881356135851997,0.18663716238802247
1.0042505516236577,9.026192236319417,0.3783121205696234,3.661773369036048,1.5174090845199601,2.4670756135851994,0.2607951623880225
0.6749655516236577,8.875492236319417,0.5251021205696234,3.661773369036048,1.5586090845199605,2.5577156135851995,0.21410316238802252
0.5281765516236577,8.835792236319417,0.9297691205696232,3.5903733690360475,1.5814990845199604,2.6263756135851994,0.18663716238802247
0.30997555162365775,8.835792236319417,1.3304651205696234,3.5150733690360454,1.5640990845199605,2.6263756135851994,0.24706216238802248
0.05210155162365773,8.875492236319417,1.3701381205696233,3.399973369036047,1.4350090845199603,2.6263756135851994,0.18663716238802247
0.05210155162365773,8.875492236319417,1.3701381205696233,3.399973369036047,1.4350090845199603,2.6263756135851994,0.18663716238802247
0.13039344837634226,8.950892236319419,1.2947601205696233,3.364273369036045,1.4112090845199603,2.5366556135851996,0.2342451623880225
0.16318595162365773,8.835792236319417,1.3701381205696233,3.4753733690360455,1.3635990845199601,2.5155956135852,0.27452816238802247
0.45676555162365773,8.875492236319417,1.1836761205696233,3.5903733690360475,1.4459990845199604,2.5091956135851996,0.1939621623880225
0.5281765516236577,8.835792236319417,0.9654751205696233,3.701473369036048,1.5467090845199603,2.6053256135851997,0.24706216238802248
0.45676555162365773,8.835792236319417,0.7829801205696233,3.963373369036045,1.6290990845199604,2.6886356135851996,0.2342451623880225
0.6392605516236578,8.875492236319417,0.7472741205696233,4.1894733690360475,1.6290990845199604,2.6822256135852,0.20037016238802247
0.8217555516236577,9.026192236319417,0.7829801205696233,4.340173369036048,1.5933990845199602,2.5503856135851994,0.2342451623880225
0.6749655516236577,8.986592236319417,0.7472741205696233,4.530673369036048,1.4871990845199603,2.6959556135851996,0.21410316238802252
0.6749655516236577,9.176992236319418,0.7472741205696233,4.490973369036045,1.4816990845199602,2.8277956135851996,0.2269211623880225
0.5638815516236577,9.363492236319416,0.9654751205696233,4.340173369036048,1.5640990845199605,2.6401156135851997,0.26720416238802247
0.5638815516236577,9.252392236319416,0.9297691205696232,4.264873369036046,1.5879090845199602,2.6611656135851995,0.20677916238802252
0.4924705516236577,9.212692236319416,0.8543911205696233,4.038673369036047,1.5759990845199603,2.7023656135851994,0.2543871623880225
0.4924705516236577,9.212692236319416,0.8543911205696233,4.038673369036047,1.5759990845199603,2.7023656135851994,0.2543871623880225
0.5638815516236577,9.252392236319416,0.6718921205696233,3.8522733690360447,1.5695990845199606,2.7234256135851997,0.2269211623880225
0.9685445516236577,9.176992236319418,0.7829801205696233,3.701473369036048,1.5759990845199603,2.6199656135851996,0.1738201623880225
1.1153345516236577,9.137292236319418,0.7472741205696233,3.5150733690360454,1.5640990845199605,2.4533456135851996,0.26720416238802247
1.0042505516236577,9.026192236319417,0.7472741205696233,3.5903733690360475,1.5109990845199603,2.4881356135851997,0.20037016238802247
0.9328395516236576,8.950892236319419,0.7076021205696232,3.5150733690360454,1.5109990845199603,2.5778556135851995,0.20677916238802252
1.1907125516236576,8.986592236319417,0.5608121205696233,3.399973369036047,1.4990990845199605,2.6263756135851994,0.20677916238802252
1.3732055516236576,8.911192236319419,0.5251021205696234,3.439673369036047,1.5174090845199601,2.6199656135851996,0.21410316238802252
1.3732055516236576,8.911192236319419,0.5251021205696234,3.439673369036047,1.5174090845199601,2.6199656135851996,0.21410316238802252
1.4485855516236577,8.835792236319417,0.4536921205696234,3.5150733690360454,1.5586090845199605,2.6263756135851994,0.2406541623880225
1.3017955516236577,8.684992236319417,0.4536921205696234,3.661773369036048,1.5521990845199602,2.6337056135851995,0.26720416238802247
1.0439235516236578,8.609692236319418,0.5608121205696233,3.812573369036045,1.5695990845199606,2.5641256135851997,0.18663716238802247
0.4924705516236577,8.609692236319418,1.1836761205696233,4.038673369036047,1.5879090845199602,2.4670756135851994,0.1399461623880225
0.016396551623657718,8.684992236319417,1.8065395205696233,4.114073369036046,1.5759990845199603,2.7234256135851997,0.28093716238802247
0.24147744837634227,8.875492236319417,1.7708339205696233,4.114073369036046,1.5695990845199606,2.7930056135851995,0.15367916238802248
0.31685544837634233,9.06189223631942,1.8462121205696234,4.1894733690360475,1.5174090845199601,2.7856756135851994,0.2607951623880225
0.13039344837634226,9.10159223631942,1.6994228205696233,4.264873369036046,1.4936090845199606,2.6749056135852,0.2543871623880225
0.058982448376342256,9.137292236319418,1.5883391205696233,4.229173369036047,1.4816990845199602,2.5915856135852,0.1939621623880225
0.058982448376342256,9.137292236319418,1.5883391205696233,4.229173369036047,1.4816990845199602,2.5915856135852,0.1939621623880225
0.08780755162365772,9.06189223631942,1.5129601205696233,4.153773369036045,1.5348090845199605,2.5577156135851995,0.2873451623880225
0.3456815516236577,8.950892236319419,1.5883391205696233,3.8522733690360447,1.6345990845199605,2.6684956135851996,0.15367916238802248
0.3456815516236577,8.950892236319419,1.5883391205696233,3.8522733690360447,1.6345990845199605,2.6684956135851996,0.15367916238802248
0.4170925516236577,8.986592236319417,1.7351283205696233,3.661773369036048,1.6410090845199603,2.5915856135852,0.2607951623880225
0.38138655162365775,8.986592236319417,1.6994228205696233,3.4753733690360455,1.5283990845199602,2.5430656135851994,0.1335371623880225
0.19889152162365772,9.026192236319417,1.4415491205696234,3.399973369036047,1.4697990845199604,2.5018656135851995,0.21410316238802252
0.38138655162365775,9.06189223631942,1.4772551205696234,3.249173369036047,1.4405090845199604,2.4945456135851996,0.2543871623880225
0.30997555162365775,8.986592236319417,1.6240443205696233,3.023073369036048,1.5402990845199604,2.6126456135851996,0.2543871623880225
0.30997555162365775,8.911192236319419,1.7708339205696233,2.947673369036046,1.5586090845199605,2.6053256135851997,0.2269211623880225
0.16318595162365773,8.800092236319419,1.8065395205696233,3.2888733690360468,1.5055090845199603,2.3562956135852,0.3010781623880225
0.27030265162365774,8.800092236319419,1.8462121205696234,3.5150733690360454,1.5467090845199603,2.3077756135852,0.1738201623880225
0.4924705516236577,8.875492236319417,1.5526331205696233,3.8522733690360447,1.5814990845199604,2.7371556135851995,0.28093716238802247
0.6749655516236577,8.875492236319417,1.2947601205696233,4.114073369036046,1.5759990845199603,2.7023656135851994,0.15367916238802248
0.6749655516236577,8.875492236319417,1.2947601205696233,4.114073369036046,1.5759990845199603,2.7023656135851994,0.15367916238802248
0.7860495516236576,8.911192236319419,1.1836761205696233,4.264873369036046,1.5879090845199602,2.6263756135851994,0.18663716238802247
0.9328395516236576,8.800092236319419,1.1479701205696233,4.455273369036046,1.5759990845199603,2.5641256135851997,0.27452816238802247
0.9328395516236576,8.724692236319417,1.0368861205696231,4.455273369036046,1.6052990845199604,2.5577156135851995,0.18663716238802247
0.9328395516236576,8.684992236319417,0.9654751205696233,4.490973369036045,1.6638890845199605,2.6053256135851997,0.26720416238802247
0.8217555516236577,8.649292236319418,1.1122641205696233,4.304473369036046,1.6107890845199604,2.6611656135851995,0.2342451623880225
0.8217555516236577,8.649292236319418,1.2590541205696233,4.038673369036047,1.6464990845199603,2.5778556135851995,0.1335371623880225
0.4170925516236577,8.609692236319418,1.5129601205696233,3.8879733690360467,1.6171990845199602,2.5366556135851996,0.22051216238802251
0.05210155162365773,8.684992236319417,1.9890341205696234,3.5150733690360454,1.6107890845199604,2.5577156135851995,0.1399461623880225
0.023276448376342268,8.649292236319418,1.9533291205696233,3.399973369036047,1.5695990845199606,2.6337056135851995,0.2406541623880225
0.05210155162365773,8.498592236319418,2.1001181205696233,3.364273369036045,1.5174090845199601,2.6401156135851997,0.21410316238802252
0.05210155162365773,8.498592236319418,2.1001181205696233,3.364273369036045,1.5174090845199601,2.6401156135851997,0.21410316238802252
0.05210155162365773,8.498592236319418,2.135824120569623,3.364273369036045,1.4871990845199603,2.5915856135852,0.15367916238802248
0.0946874483763423,8.609692236319418,2.175497120569623,3.5507733690360475,1.4816990845199602,2.5229256135852,0.1664961623880225
0.13039344837634226,8.684992236319417,2.246908120569623,3.661773369036048,1.5402990845199604,2.5714456135851997,0.1939621623880225
0.023276448376342268,8.724692236319417,2.246908120569623,3.812573369036045,1.5998090845199604,2.6538456135851995,0.2342451623880225
0.023276448376342268,8.724692236319417,2.246908120569623,3.812573369036045,1.5998090845199604,2.6538456135851995,0.2342451623880225
0.05210155162365773,8.800092236319419,2.2112021205696233,3.963373369036045,1.5998090845199604,2.7371556135851995,0.1738201623880225
0.30997555162365775,8.911192236319419,2.135824120569623,4.1894733690360475,1.6410090845199603,2.6886356135851996,0.11980416238802248
0.12351305162365772,8.986592236319417,1.9533291205696233,4.455273369036046,1.5640990845199605,2.6749056135852,0.26720416238802247
0.08780755162365772,9.026192236319417,1.9533291205696233,4.566373369036047,1.5402990845199604,2.6822256135852,0.1262131623880225
0.08780755162365772,9.026192236319417,1.8819181205696234,4.6060733690360465,1.5933990845199602,2.6474356135851997,0.1802291623880225
0.08780755162365772,9.026192236319417,1.8819181205696234,4.6060733690360465,1.5933990845199602,2.6474356135851997,0.1802291623880225
0.058982448376342256,8.950892236319419,1.9890341205696234,4.530673369036048,1.5467090845199603,2.6749056135852,0.3010781623880225
0.24147744837634227,8.835792236319417,2.135824120569623,4.340173369036048,1.6171990845199602,2.7508856135852,0.10607116238802249
0.023276448376342268,8.835792236319417,2.3222861205696232,4.078373369036047,1.6410090845199603,2.8067356135851997,0.16008716238802245
0.13039344837634226,8.835792236319417,2.2826141205696233,3.9276733690360466,1.6226990845199603,2.7234256135851997,0.2406541623880225
0.0946874483763423,8.835792236319417,2.3222861205696232,3.812573369036045,1.5998090845199604,2.5641256135851997,0.1399461623880225
0.12351305162365772,8.875492236319417,2.175497120569623,3.661773369036048,1.5879090845199602,2.4744056135851995,0.21410316238802252
0.19889152162365772,8.760392236319419,1.9176231205696233,3.4753733690360455,1.5174090845199601,2.4744056135851995,0.1939621623880225
0.7106715516236577,8.573992236319416,1.6994228205696233,3.1381733690360463,1.5586090845199605,2.6538456135851995,0.2342451623880225
0.9685445516236577,8.573992236319416,1.6597499205696233,3.173873369036045,1.5521990845199602,2.6886356135851996,0.1738201623880225
0.8574605516236578,8.534292236319416,1.5129601205696233,3.3245733690360453,1.5998090845199604,2.5641256135851997,0.1939621623880225
0.9328395516236576,8.534292236319416,1.5883391205696233,3.439673369036047,1.5998090845199604,2.4460156135851996,0.24706216238802248
0.8574605516236578,8.534292236319416,1.6240443205696233,3.661773369036048,1.5586090845199605,2.4258756135851995,0.14635416238802246
0.7106715516236577,8.684992236319417,1.7708339205696233,3.8879733690360467,1.5998090845199604,2.4945456135851996,0.1802291623880225
0.6392605516236578,8.800092236319419,1.8819181205696234,4.002973369036045,1.5879090845199602,2.6126456135851996,0.3138961623880225
0.3456815516236577,8.911192236319419,1.9176231205696233,4.1894733690360475,1.5933990845199602,2.7508856135852,0.09966216238802249
0.05210155162365773,9.10159223631942,1.9890341205696234,4.153773369036045,1.6171990845199602,2.7856756135851994,0.1664961623880225
0.05210155162365773,9.176992236319418,2.2112021205696233,4.114073369036046,1.5998090845199604,2.6749056135852,0.3010781623880225
0.27718244837634226,9.137292236319418,2.246908120569623,4.1894733690360475,1.5695990845199606,2.6886356135851996,0.1335371623880225
0.31685544837634233,8.986592236319417,2.2826141205696233,4.002973369036045,1.5586090845199605,2.7307456135851997,0.1802291623880225
0.24147744837634227,9.026192236319417,2.2826141205696233,3.812573369036045,1.5586090845199605,2.6199656135851996,0.2607951623880225
0.058982448376342256,8.911192236319419,2.175497120569623,3.7768733690360463,1.5283990845199602,2.5229256135852,0.1399461623880225
0.19889152162365772,8.875492236319417,2.2112021205696233,3.5150733690360454,1.6107890845199604,2.5091956135851996,0.1939621623880225
0.08780755162365772,8.835792236319417,2.2826141205696233,3.399973369036047,1.6107890845199604,2.5714456135851997,0.18663716238802247
0.08780755162365772,8.800092236319419,2.2826141205696233,3.399973369036047,1.5998090845199604,2.6199656135851996,0.1738201623880225
0.27030265162365774,8.760392236319419,2.135824120569623,3.439673369036047,1.5933990845199602,2.5915856135852,0.1939621623880225
0.4924705516236577,8.684992236319417,2.175497120569623,3.5507733690360475,1.5586090845199605,2.4744056135851995,0.14635416238802246
0.38138655162365775,8.534292236319416,2.1001181205696233,3.701473369036048,1.5467090845199603,2.4744056135851995,0.21410316238802252
0.19889152162365772,8.383492236319416,2.357992120569623,3.7768733690360463,1.5521990845199602,2.5293356135851996,0.16008716238802245
0.16318595162365773,8.458892236319418,2.5404871205696233,3.8879733690360467,1.6107890845199604,2.6337056135851995,0.22051216238802251
0.16318595162365773,8.458892236319418,2.5404871205696233,3.8879733690360467,1.6107890845199604,2.6337056135851995,0.22051216238802251
0.24147744837634227,8.534292236319416,2.6872771205696235,4.114073369036046,1.6171990845199602,2.7444856135851996,0.21410316238802252
0.3882664483763422,8.684992236319417,2.9054821205696233,4.229173369036047,1.5759990845199603,2.7856756135851994,0.15367916238802248
0.35256144837634223,8.875492236319417,3.016562120569623,4.340173369036048,1.5814990845199604,2.6959556135851996,0.20677916238802252
0.5350564483763423,9.026192236319417,2.834062120569623,4.304473369036046,1.5283990845199602,2.7170156135851995,0.2543871623880225
0.31685544837634233,9.026192236319417,2.798362120569623,4.153773369036045,1.5521990845199602,2.7856756135851994,0.15367916238802248
0.20577144837634226,8.950892236319419,2.5047821205696232,4.078373369036047,1.5521990845199602,2.7792756135851997,0.2342451623880225
0.058982448376342256,8.760392236319419,2.3936981205696233,3.8522733690360447,1.5109990845199603,2.6822256135852,0.28093716238802247
0.12351305162365772,8.649292236319418,2.2826141205696233,3.7768733690360463,1.5998090845199604,2.5851756135851995,0.09966216238802249
0.16318595162365773,8.573992236319416,2.246908120569623,3.626073369036046,1.6052990845199604,2.5366556135851996,0.20037016238802247
0.30997555162365775,8.573992236319416,2.175497120569623,3.439673369036047,1.6345990845199605,2.5577156135851995,0.2342451623880225
0.45676555162365773,8.573992236319416,2.2112021205696233,3.249173369036047,1.6519890845199603,2.6263756135851994,0.1802291623880225
0.5281765516236577,8.684992236319417,2.175497120569623,3.062773369036048,1.6171990845199602,2.6199656135851996,0.1335371623880225
0.38138655162365775,8.573992236319416,2.3222861205696232,2.947673369036046,1.5402990845199604,2.5641256135851997,0.20037016238802247
0.38138655162365775,8.458892236319418,2.5404871205696233,3.1381733690360463,1.4578990845199602,2.4881356135851997,0.20677916238802252
0.05210155162365773,8.383492236319416,2.6118981205696232,3.213473369036045,1.4816990845199602,2.4533456135851996,0.1802291623880225
0.13039344837634226,8.347792236319417,2.798362120569623,3.5507733690360475,1.5055090845199603,2.5577156135851995,0.2269211623880225
0.13039344837634226,8.347792236319417,2.798362120569623,3.5507733690360475,1.5055090845199603,2.5577156135851995,0.2269211623880225
0.24147744837634227,8.458892236319418,2.9808521205696232,3.701473369036048,1.6052990845199604,2.6474356135851997,0.1802291623880225
0.17006644837634227,8.458892236319418,3.1276421205696234,4.038673369036047,1.6638890845199605,2.7096956135851995,0.14635416238802246
0.42397244837634224,8.534292236319416,3.1633521205696233,4.153773369036045,1.6171990845199602,2.7371556135851995,0.20677916238802252
0.4636454483763423,8.760392236319419,3.1276421205696234,4.304473369036046,1.5695990845199606,2.7444856135851996,0.1939621623880225
0.3882664483763422,8.911192236319419,3.199052120569623,4.304473369036046,1.4871990845199603,2.6749056135852,0.16008716238802245
0.3882664483763422,9.10159223631942,3.0522621205696234,4.1894733690360475,1.4871990845199603,2.6053256135851997,0.2946701623880225
0.35256144837634223,8.950892236319419,2.9808521205696232,4.002973369036045,1.5109990845199603,2.6337056135851995,0.1664961623880225
0.3882664483763422,8.875492236319417,2.8697721205696234,4.002973369036045,1.5933990845199602,2.7096956135851995,0.1664961623880225
0.20577144837634226,8.835792236319417,2.834062120569623,3.8879733690360467,1.6345990845199605,2.7170156135851995,0.1738201623880225
0.016396551623657718,8.800092236319419,2.798362120569623,3.7371733690360465,1.6638890845199605,2.5915856135852,0.1939621623880225
0.058982448376342256,8.684992236319417,2.7586921205696235,3.7371733690360465,1.6702990845199603,2.5091956135851996,0.1335371623880225
0.3882664483763422,8.684992236319417,2.941182120569623,3.7371733690360465,1.5521990845199602,2.4533456135851996,0.20037016238802247
0.24147744837634227,8.724692236319417,3.1633521205696233,3.7768733690360463,1.5521990845199602,2.5155956135852,0.1738201623880225
0.27718244837634226,8.760392236319419,3.1276421205696234,4.002973369036045,1.5640990845199605,2.6538456135851995,0.1664961623880225
0.3882664483763422,8.911192236319419,3.274432120569623,4.229173369036047,1.5521990845199602,2.7307456135851997,0.1664961623880225
0.27718244837634226,8.986592236319417,3.3458421205696234,4.379873369036048,1.6052990845199604,2.7508856135852,0.24706216238802248
0.4636454483763423,8.986592236319417,3.3101421205696235,4.681373369036045,1.5998090845199604,2.7371556135851995,0.1802291623880225
0.17006644837634227,9.06189223631942,3.199052120569623,4.717073369036047,1.6290990845199604,2.6822256135852,0.1738201623880225
0.0946874483763423,8.911192236319419,2.9054821205696233,4.907573369036047,1.5814990845199604,2.7234256135851997,0.2269211623880225
0.058982448376342256,9.026192236319417,2.941182120569623,4.867873369036047,1.5586090845199605,2.7930056135851995,0.1399461623880225
0.12351305162365772,8.911192236319419,2.9054821205696233,4.530673369036048,1.6583990845199605,2.6886356135851996,0.1939621623880225
0.05210155162365773,9.026192236319417,2.9054821205696233,4.264873369036046,1.6226990845199603,2.6684956135851996,0.20037016238802247
0.16318595162365773,8.986592236319417,2.9054821205696233,4.114073369036046,1.6345990845199605,2.6337056135851995,0.16008716238802245
0.16318595162365773,8.875492236319417,2.834062120569623,3.9276733690360466,1.6171990845199602,2.5778556135851995,0.1664961623880225
0.05210155162365773,8.835792236319417,2.7586921205696235,3.7371733690360465,1.6226990845199603,2.5430656135851994,0.2406541623880225
0.08780755162365772,8.835792236319417,2.834062120569623,3.5507733690360475,1.6107890845199604,2.5091956135851996,0.15367916238802248
0.058982448376342256,8.835792236319417,3.016562120569623,3.3245733690360453,1.6052990845199604,2.4258756135851995,0.1399461623880225
0.27718244837634226,8.800092236319419,3.1276421205696234,3.399973369036047,1.5759990845199603,2.4533456135851996,0.20677916238802252
0.5350564483763423,8.760392236319419,3.3815521205696233,3.5507733690360475,1.5695990845199606,2.5229256135852,0.15367916238802248
0.7572244483763422,8.911192236319419,3.603722120569623,3.7768733690360463,1.6171990845199602,2.5503856135851994,0.1939621623880225
0.7175514483763423,8.950892236319419,3.8219221205696234,4.002973369036045,1.6583990845199605,2.5714456135851997,0.1664961623880225
0.9754244483763423,9.026192236319417,3.7862121205696235,4.153773369036045,1.6290990845199604,2.6401156135851997,0.22051216238802251
0.7175514483763423,9.026192236319417,3.8219221205696234,4.229173369036047,1.5759990845199603,2.7023656135851994,0.22051216238802251
0.6461404483763422,9.06189223631942,3.6751321205696232,4.490973369036045,1.5228990845199601,2.7307456135851997,0.16008716238802245
0.6461404483763422,9.137292236319418,3.528342120569623,4.379873369036048,1.4643090845199604,2.7444856135851996,0.22051216238802251
0.4636454483763423,9.137292236319418,3.528342120569623,4.1894733690360475,1.5348090845199605,2.7444856135851996,0.18663716238802247
0.4636454483763423,9.06189223631942,3.6394221205696233,4.078373369036047,1.5467090845199603,2.7856756135851994,0.1802291623880225
0.5707614483763424,8.950892236319419,3.5640421205696233,3.8522733690360447,1.5998090845199604,2.7234256135851997,0.1802291623880225
0.4636454483763423,8.986592236319417,3.4569321205696233,3.701473369036048,1.6052990845199604,2.6263756135851994,0.1802291623880225
0.27718244837634226,9.06189223631942,3.3101421205696235,3.626073369036046,1.5695990845199606,2.5503856135851994,0.1939621623880225
0.35256144837634223,9.137292236319418,3.3101421205696235,3.5903733690360475,1.5814990845199604,2.5018656135851995,0.18663716238802247
0.31685544837634233,9.176992236319418,3.274432120569623,3.626073369036046,1.5933990845199602,2.5293356135851996,0.16008716238802245
0.27718244837634226,9.212692236319416,3.2347621205696235,3.661773369036048,1.5998090845199604,2.6538456135851995,0.16008716238802245
0.3882664483763422,9.212692236319416,3.3815521205696233,3.7768733690360463,1.5814990845199604,2.7170156135851995,0.21410316238802252
0.5350564483763423,9.363492236319416,3.4569321205696233,4.114073369036046,1.5879090845199602,2.6474356135851997,0.1664961623880225
0.5707614483763424,9.438792236319419,3.6751321205696232,4.1894733690360475,1.6171990845199602,2.6126456135851996,0.22051216238802251
0.6818454483763423,9.478492236319418,3.7505121205696232,4.490973369036045,1.6052990845199604,2.6474356135851997,0.15367916238802248
0.5707614483763424,9.327692236319418,3.7505121205696232,4.490973369036045,1.6226990845199603,2.6959556135851996,0.20037016238802247
0.5707614483763424,9.327692236319418,3.7505121205696232,4.490973369036045,1.6226990845199603,2.6959556135851996,0.20037016238802247
0.27718244837634226,9.327692236319418,3.603722120569623,4.490973369036045,1.5933990845199602,2.8067356135851997,0.2269211623880225
0.17006644837634227,9.252392236319416,3.3458421205696234,4.490973369036045,1.5402990845199604,2.7508856135852,0.1738201623880225
0.20577144837634226,9.288092236319418,3.3101421205696235,4.114073369036046,1.5228990845199601,2.6337056135851995,0.24706216238802248
0.023276448376342268,9.252392236319416,3.1633521205696233,3.9276733690360466,1.5640990845199605,2.6053256135851997,0.15367916238802248
0.27030265162365774,9.176992236319418,3.1276421205696234,3.7371733690360465,1.6345990845199605,2.5915856135852,0.14635416238802246
0.38138655162365775,9.137292236319418,2.9054821205696233,3.5507733690360475,1.6702990845199603,2.6199656135851996,0.1738201623880225
0.27030265162365774,9.10159223631942,2.834062120569623,3.2888733690360468,1.6410090845199603,2.5430656135851994,0.16008716238802245
0.30997555162365775,9.06189223631942,3.0879721205696233,3.364273369036045,1.6410090845199603,2.4121456135851997,0.22051216238802251
0.08780755162365772,9.026192236319417,3.0879721205696233,3.4753733690360455,1.5933990845199602,2.3837656135852,0.1335371623880225
0.35256144837634223,9.026192236319417,3.0879721205696233,3.661773369036048,1.5586090845199605,2.5018656135851995,0.18663716238802247
0.3882664483763422,9.026192236319417,3.3815521205696233,3.8879733690360467,1.5640990845199605,2.6886356135851996,0.2269211623880225
0.5707614483763424,9.137292236319418,3.6394221205696233,4.002973369036045,1.6107890845199604,2.7655356135852,0.1664961623880225
0.6104344483763422,9.252392236319416,3.9687121205696236,4.229173369036047,1.6290990845199604,2.7096956135851995,0.16008716238802245
0.9397144483763424,9.327692236319418,4.040122120569623,4.455273369036046,1.5814990845199604,2.6959556135851996,0.1939621623880225
0.8286344483763424,9.438792236319419,4.151202120569623,4.415573369036046,1.5283990845199602,2.7023656135851994,0.21410316238802252
0.9397144483763424,9.478492236319418,4.226582120569623,4.229173369036047,1.5348090845199605,2.6959556135851996,0.18663716238802247
0.9754244483763423,9.438792236319419,4.186912120569623,4.114073369036046,1.5228990845199601,2.7234256135851997,0.16008716238802245
0.9040144483763424,9.252392236319416,4.297992120569623,3.963373369036045,1.5695990845199606,2.6538456135851995,0.20037016238802247
0.8643444483763423,9.212692236319416,4.297992120569623,3.9276733690360466,1.5814990845199604,2.6126456135851996,0.18663716238802247
0.8286344483763424,9.176992236319418,4.079792120569623,3.8879733690360467,1.5640990845199605,2.6474356135851997,0.20037016238802247
0.6818454483763423,9.06189223631942,4.151202120569623,3.9276733690360466,1.5933990845199602,2.6749056135852,0.15367916238802248
0.6104344483763422,9.10159223631942,4.079792120569623,4.038673369036047,1.5998090845199604,2.6337056135851995,0.1939621623880225
0.7929294483763423,9.176992236319418,4.115502120569623,4.1894733690360475,1.5879090845199602,2.6126456135851996,0.11980416238802248
0.7572244483763422,9.288092236319418,4.186912120569623,4.304473369036046,1.6226990845199603,2.6126456135851996,0.20037016238802247
0.9397144483763424,9.514192236319417,4.115502120569623,4.867873369036047,1.5933990845199602,2.7655356135852,0.1664961623880225
0.9040144483763424,9.514192236319417,4.226582120569623,5.018673369036048,1.6876990845199602,2.7930056135851995,0.24706216238802248
0.8286344483763424,9.589592236319419,4.333702120569623,4.982873369036046,1.6931890845199602,2.8204656135851995,0.1399461623880225
0.7929294483763423,9.478492236319418,4.297992120569623,4.867873369036047,1.6876990845199602,2.8342056135852,0.2269211623880225
0.7929294483763423,9.478492236319418,4.297992120569623,4.867873369036047,1.6876990845199602,2.8342056135852,0.2269211623880225
0.5350564483763423,9.288092236319418,4.297992120569623,4.490973369036045,1.5348090845199605,2.7444856135851996,0.16008716238802245
0.6104344483763422,9.10159223631942,4.186912120569623,4.304473369036046,1.5174090845199601,2.6684956135851996,0.15367916238802248
0.6818454483763423,9.06189223631942,4.040122120569623,4.114073369036046,1.5283990845199602,2.6337056135851995,0.2342451623880225
0.6818454483763423,9.06189223631942,4.040122120569623,4.114073369036046,1.5283990845199602,2.6337056135851995,0.2342451623880225
0.4636454483763423,8.986592236319417,4.115502120569623,3.812573369036045,1.6345990845199605,2.5989156135852,0.1399461623880225
0.17006644837634227,9.026192236319417,4.040122120569623,3.701473369036048,1.6757990845199604,2.6337056135851995,0.1664961623880225
0.0946874483763423,8.911192236319419,3.9330021205696237,3.626073369036046,1.6702990845199603,2.6126456135851996,0.21410316238802252
0.016396551623657718,8.875492236319417,3.8576221205696237,3.8522733690360447,1.6345990845199605,2.6053256135851997,0.1664961623880225
0.0946874483763423,8.950892236319419,3.7108321205696235,3.963373369036045,1.5998090845199604,2.5989156135852,0.14635416238802246
0.13039344837634226,9.026192236319417,3.8219221205696234,4.229173369036047,1.5998090845199604,2.5293356135851996,0.16008716238802245
0.13039344837634226,9.06189223631942,3.9330021205696237,4.379873369036048,1.6226990845199603,2.6126456135851996,0.14635416238802246
0.4993504483763423,8.986592236319417,4.004412120569623,4.530673369036048,1.6107890845199604,2.7582156135852,0.1664961623880225
0.4993504483763423,8.986592236319417,4.004412120569623,4.530673369036048,1.6107890845199604,2.7582156135852,0.1664961623880225
0.7929294483763423,9.026192236319417,4.226582120569623,4.530673369036048,1.6345990845199605,2.8689956135851995,0.22051216238802251
0.9754244483763423,9.06189223631942,4.409082120569623,4.379873369036048,1.6519890845199603,2.8415256135852,0.10607116238802249
1.0865044483763424,9.176992236319418,4.627282120569623,4.1894733690360475,1.6464990845199603,2.7444856135851996,0.21410316238802252
1.3086744483763424,9.10159223631942,4.738362120569623,3.963373369036045,1.5879090845199602,2.6401156135851997,0.20677916238802252
1.3086744483763424,8.760392236319419,4.845482120569623,3.7768733690360463,1.5228990845199601,2.6337056135851995,0.1939621623880225
1.4157944483763423,8.684992236319417,4.845482120569623,3.661773369036048,1.5109990845199603,2.6263756135851994,0.1262131623880225
1.2332944483763424,8.649292236319418,4.809772120569623,3.7768733690360463,1.5640990845199605,2.6538456135851995,0.20037016238802247
1.1579244483763422,8.684992236319417,4.738362120569623,3.8522733690360447,1.5933990845199602,2.6199656135851996,0.1802291623880225
1.0865044483763424,8.649292236319418,4.845482120569623,4.153773369036045,1.6519890845199603,2.6199656135851996,0.059379162388022474
0.9040144483763424,8.684992236319417,4.845482120569623,4.153773369036045,1.6876990845199602,2.6886356135851996,0.1738201623880225
0.9040144483763424,8.684992236319417,4.845482120569623,4.153773369036045,1.6876990845199602,2.6886356135851996,0.1738201623880225
0.7929294483763423,8.800092236319419,4.738362120569623,4.304473369036046,1.5879090845199602,2.7719456135851996,0.1939621623880225
0.8643444483763423,9.026192236319417,4.702662120569623,4.379873369036048,1.5283990845199602,2.7582156135852,0.1262131623880225
0.9040144483763424,9.212692236319416,4.662982120569623,4.379873369036048,1.5109990845199603,2.6959556135851996,0.22051216238802251
0.9754244483763423,9.212692236319416,4.702662120569623,4.229173369036047,1.4578990845199602,2.5989156135852,0.16008716238802245
1.0865044483763424,9.026192236319417,4.774072120569623,4.078373369036047,1.5759990845199603,2.5915856135852,0.1738201623880225
1.1579244483763422,8.835792236319417,4.885152120569623,3.7768733690360463,1.6345990845199605,2.7096956135851995,0.1802291623880225
1.4554644483763424,8.724692236319417,4.992272120569623,3.661773369036048,1.6757990845199604,2.7444856135851996,0.1262131623880225
1.5268744483763423,8.724692236319417,5.139062120569624,3.364273369036045,1.6822090845199602,2.6538456135851995,0.1738201623880225
1.7093744483763422,8.498592236319418,5.250142120569623,3.213473369036045,1.5933990845199602,2.4881356135851997,0.1802291623880225
1.2332944483763424,8.347792236319417,5.250142120569623,3.023073369036048,1.4350090845199603,2.5577156135851995,0.1939621623880225
1.3800844483763424,8.232792236319419,4.992272120569623,3.1381733690360463,1.4524090845199602,2.5989156135852,0.1664961623880225
1.2690044483763423,8.27239223631942,4.9565621205696235,3.4753733690360455,1.4990990845199605,2.5778556135851995,0.1802291623880225
1.0865044483763424,8.347792236319417,5.067652120569623,3.661773369036048,1.6464990845199603,2.5018656135851995,0.18663716238802247
0.7929294483763423,8.308192236319417,4.9565621205696235,3.812573369036045,1.6757990845199604,2.4881356135851997,0.15367916238802248
0.7572244483763422,8.232792236319419,4.738362120569623,4.038673369036047,1.6876990845199602,2.6053256135851997,0.1802291623880225
0.4993504483763423,8.308192236319417,4.662982120569623,3.8879733690360467,1.6410090845199603,2.7655356135852,0.1802291623880225
0.5707614483763424,8.308192236319417,4.444782120569624,3.661773369036048,1.5521990845199602,2.7170156135851995,0.10607116238802249
0.4636454483763423,8.27239223631942,4.444782120569624,3.5507733690360475,1.4871990845199603,2.5577156135851995,0.18663716238802247
0.42397244837634224,8.197092236319417,4.591572120569623,3.439673369036047,1.4697990845199604,2.4322856135852,0.24706216238802248
0.7572244483763422,8.161392236319418,4.4804921205696235,3.439673369036047,1.5109990845199603,2.4185556135851995,0.14635416238802246
0.7929294483763423,8.27239223631942,4.627282120569623,3.249173369036047,1.6290990845199604,2.5155956135852,0.15367916238802248
1.0111344483763423,8.161392236319418,4.809772120569623,3.364273369036045,1.7462890845199603,2.5915856135852,0.20677916238802252
1.2690044483763423,8.085992236319417,5.067652120569623,3.4753733690360455,1.7526990845199601,2.5018656135851995,0.1262131623880225
1.4157944483763423,8.085992236319417,5.178732120569624,3.661773369036048,1.7343890845199605,2.4881356135851997,0.14635416238802246
1.5625844483763422,8.197092236319417,5.214442120569624,3.9276733690360466,1.5933990845199602,2.5229256135852,0.2607951623880225
1.3443844483763423,8.308192236319417,5.214442120569624,4.078373369036047,1.5055090845199603,2.6126456135851996,0.15367916238802248
1.3086744483763424,8.458892236319418,5.178732120569624,4.153773369036045,1.5228990845199601,2.7719456135851996,0.24706216238802248
1.2332944483763424,8.573992236319416,5.139062120569624,4.153773369036045,1.4871990845199603,2.9175156135852,0.1939621623880225
1.2690044483763423,8.800092236319419,5.178732120569624,4.038673369036047,1.5402990845199604,2.8277956135851996,0.22051216238802251
1.1222144483763423,8.875492236319417,5.139062120569624,3.812573369036045,1.5228990845199601,2.6538456135851995,0.26720416238802247
1.0111344483763423,8.986592236319417,4.992272120569623,3.812573369036045,1.5521990845199602,2.5430656135851994,0.11339516238802248
1.0111344483763423,8.684992236319417,4.9565621205696235,3.5150733690360454,1.6290990845199604,2.5503856135851994,0.20037016238802247
0.9397144483763424,8.573992236319416,5.0319421205696235,3.399973369036047,1.6702990845199603,2.5989156135852,0.20677916238802252
0.9397144483763424,8.573992236319416,5.0319421205696235,3.399973369036047,1.6702990845199603,2.5989156135852,0.20677916238802252
0.9754244483763423,8.498592236319418,5.067652120569623,3.173873369036045,1.6638890845199605,2.5851756135851995,0.1262131623880225
1.0508044483763423,8.383492236319416,5.103352120569624,3.062773369036048,1.5640990845199605,2.4881356135851997,0.18663716238802247
1.1579244483763422,8.121692236319419,5.067652120569623,3.213473369036045,1.4643090845199604,2.4533456135851996,0.20677916238802252
1.4157944483763423,8.161392236319418,5.250142120569623,3.399973369036047,1.4285990845199605,2.4881356135851997,0.1262131623880225
1.4157944483763423,8.347792236319417,5.250142120569623,3.5507733690360475,1.5055090845199603,2.5851756135851995,0.2543871623880225
1.6379644483763423,8.800092236319419,5.468342120569623,3.812573369036045,1.6464990845199603,2.6886356135851996,0.2406541623880225
1.6379644483763423,8.800092236319419,5.468342120569623,3.812573369036045,1.6464990845199603,2.6886356135851996,0.2406541623880225
1.6736644483763423,8.875492236319417,5.396932120569623,4.038673369036047,1.5933990845199602,2.6886356135851996,0.20037016238802247
1.4554644483763424,8.911192236319419,5.361222120569623,3.9276733690360466,1.5467090845199603,2.5778556135851995,0.1664961623880225
0.9754244483763423,8.835792236319417,5.139062120569624,3.7768733690360463,1.5348090845199605,2.5293356135851996,0.2873451623880225
1.0111344483763423,8.760392236319419,4.774072120569623,3.5507733690360475,1.5109990845199603,2.5430656135851994,0.1664961623880225
0.9040144483763424,8.684992236319417,4.702662120569623,3.399973369036047,1.5467090845199603,2.6474356135851997,0.2269211623880225
0.6104344483763422,8.42319223631942,4.9565621205696235,3.364273369036045,1.5998090845199604,2.6053256135851997,0.21410316238802252
0.4636454483763423,8.347792236319417,4.920862120569623,3.5150733690360454,1.6107890845199604,2.5293356135851996,0.15367916238802248
0.4993504483763423,8.458892236319418,4.845482120569623,3.5507733690360475,1.6107890845199604,2.5366556135851996,0.1939621623880225
0.5707614483763424,8.609692236319418,4.920862120569623,3.7768733690360463,1.6290990845199604,2.5778556135851995,0.2342451623880225
0.7572244483763422,8.649292236319418,4.885152120569623,3.963373369036045,1.5879090845199602,2.5851756135851995,0.18663716238802247
0.7572244483763422,8.649292236319418,4.885152120569623,3.963373369036045,1.5879090845199602,2.5851756135851995,0.18663716238802247
0.8286344483763424,8.760392236319419,4.9565621205696235,4.002973369036045,1.6052990845199604,2.5503856135851994,0.20037016238802247
0.6818454483763423,8.835792236319417,5.214442120569624,4.153773369036045,1.5814990845199604,2.6053256135851997,0.2406541623880225
0.9397144483763424,8.835792236319417,5.250142120569623,4.114073369036046,1.5283990845199602,2.7582156135852,0.22051216238802251
1.3086744483763424,8.986592236319417,5.321552120569623,3.8879733690360467,1.5695990845199606,2.8204656135851995,0.2406541623880225
1.4911744483763423,9.026192236319417,5.5080121205696235,3.661773369036048,1.6052990845199604,2.7444856135851996,0.20037016238802247
1.7490444483763423,9.10159223631942,5.726222120569623,3.439673369036047,1.6107890845199604,2.5577156135851995,0.21410316238802252
2.0426244483763423,9.137292236319418,6.091212120569623,2.987373369036046,1.5759990845199603,2.5293356135851996,0.2406541623880225
2.078334448376342,8.986592236319417,6.238002120569623,2.947673369036046,1.5640990845199605,2.5851756135851995,0.2543871623880225
1.9672444483763423,8.835792236319417,6.238002120569623,2.6461733690360454,1.5933990845199602,2.4881356135851997,0.16008716238802245
2.1140344483763425,8.609692236319418,6.202292120569623,2.761273369036047,1.5283990845199602,2.5018656135851995,0.2406541623880225
2.002954448376342,8.42319223631942,6.166582120569623,3.023073369036048,1.4459990845199604,2.5229256135852,0.2342451623880225
1.9315444483763424,8.27239223631942,6.126912120569623,3.3245733690360453,1.4578990845199602,2.4533456135851996,0.2406541623880225
1.6736644483763423,8.27239223631942,6.166582120569623,3.5150733690360454,1.4762090845199602,2.5091956135851996,0.2406541623880225
1.5625844483763422,8.42319223631942,6.126912120569623,3.626073369036046,1.5348090845199605,2.7023656135851994,0.1802291623880225
1.4554644483763424,8.534292236319416,5.944422120569623,3.7371733690360465,1.5467090845199603,2.8342056135852,0.1399461623880225
1.5625844483763422,8.684992236319417,5.690512120569624,3.7371733690360465,1.5109990845199603,2.7371556135851995,0.2873451623880225
1.4554644483763424,8.684992236319417,5.690512120569624,3.5903733690360475,1.4697990845199604,2.6053256135851997,0.2269211623880225
1.1222144483763423,8.573992236319416,5.690512120569624,3.5507733690360475,1.5055090845199603,2.5091956135851996,0.15367916238802248
1.2690044483763423,8.383492236319416,5.579432120569623,3.5150733690360454,1.5174090845199601,2.5366556135851996,0.2406541623880225
1.4554644483763424,8.232792236319419,5.615132120569624,3.5150733690360454,1.5933990845199602,2.6822256135852,0.18663716238802247
1.3800844483763424,8.161392236319418,5.797632120569623,3.5150733690360454,1.7050890845199604,2.6822256135852,0.20037016238802247
1.5268744483763423,8.121692236319419,5.873002120569623,3.7371733690360465,1.6345990845199605,2.5229256135852,0.18663716238802247
1.7093744483763422,8.161392236319418,6.019792120569623,4.002973369036045,1.5879090845199602,2.4808056135851997,0.20037016238802247
1.7093744483763422,8.347792236319417,6.166582120569623,4.264873369036046,1.5055090845199603,2.5915856135852,0.2543871623880225
1.7093744483763422,8.534292236319416,6.055502120569623,4.340173369036048,1.4936090845199606,2.7719456135851996,0.1939621623880225
1.2690044483763423,8.875492236319417,5.761922120569623,4.340173369036048,1.5640990845199605,2.8827256135851997,0.22051216238802251
1.3443844483763423,8.760392236319419,5.6508421205696235,4.379873369036048,1.5402990845199604,2.7719456135851996,0.11339516238802248
1.2690044483763423,8.760392236319419,5.6508421205696235,4.078373369036047,1.5640990845199605,2.6263756135851994,0.28093716238802247
0.9040144483763424,8.724692236319417,5.690512120569624,3.812573369036045,1.5814990845199604,2.5778556135851995,0.1939621623880225
0.9040144483763424,8.760392236319419,5.579432120569623,3.5507733690360475,1.6464990845199603,2.6474356135851997,0.20037016238802247
0.8643444483763423,8.760392236319419,5.543722120569623,3.4753733690360455,1.6702990845199603,2.6822256135852,0.2543871623880225
1.1222144483763423,8.724692236319417,5.468342120569623,3.173873369036045,1.6052990845199604,2.6126456135851996,0.21410316238802252
1.2332944483763424,8.760392236319419,5.615132120569624,3.1381733690360463,1.5283990845199602,2.4881356135851997,0.2342451623880225
1.1975944483763423,8.534292236319416,5.6508421205696235,3.3245733690360453,1.4871990845199603,2.3984156135852,0.2406541623880225
1.4554644483763424,8.42319223631942,5.797632120569623,3.661773369036048,1.5228990845199601,2.4606656135851996,0.1802291623880225
1.6736644483763423,8.383492236319416,5.944422120569623,3.812573369036045,1.6052990845199604,2.6538456135851995,0.2607951623880225
1.8204544483763425,8.42319223631942,6.202292120569623,3.8879733690360467,1.6876990845199602,2.7508856135852,0.11980416238802248
2.078334448376342,8.498592236319418,6.313372120569623,3.963373369036045,1.6702990845199603,2.7307456135851997,0.21410316238802252
2.260824448376342,8.760392236319419,6.349082120569623,4.114073369036046,1.5521990845199602,2.6199656135851996,0.34136216238802247
2.3362044483763422,8.950892236319419,6.567282120569623,3.8879733690360467,1.4643090845199604,2.5091956135851996,0.1664961623880225
2.260824448376342,8.911192236319419,6.642662120569623,3.661773369036048,1.4936090845199606,2.5915856135852,0.1939621623880225
2.1894144483763425,8.911192236319419,6.531572120569623,3.5150733690360454,1.4990990845199605,2.6401156135851997,0.3074871623880225
1.9315444483763424,8.875492236319417,6.495872120569623,3.4753733690360455,1.5933990845199602,2.6474356135851997,0.1738201623880225
2.002954448376342,8.684992236319417,6.384782120569623,3.5507733690360475,1.6171990845199602,2.5915856135852,0.27452816238802247
1.8561644483763424,8.649292236319418,6.349082120569623,3.7371733690360465,1.5521990845199602,2.4460156135851996,0.2607951623880225
1.7490444483763423,8.573992236319416,6.384782120569623,3.9276733690360466,1.5759990845199603,2.4258756135851995,0.15367916238802248
1.6022544483763423,8.724692236319417,6.495872120569623,4.078373369036047,1.5998090845199604,2.5989156135852,0.2269211623880225
1.7490444483763423,8.835792236319417,6.495872120569623,4.1894733690360475,1.6226990845199603,2.7582156135852,0.2406541623880225
1.6022544483763423,8.986592236319417,6.313372120569623,4.153773369036045,1.5695990845199606,2.8964556135851995,0.21410316238802252
1.5625844483763422,9.06189223631942,6.313372120569623,4.153773369036045,1.4936090845199606,2.8067356135851997,0.27452816238802247
1.5625844483763422,9.137292236319418,6.202292120569623,4.038673369036047,1.4524090845199602,2.5293356135851996,0.2607951623880225
1.5625844483763422,9.137292236319418,6.202292120569623,4.038673369036047,1.4524090845199602,2.5293356135851996,0.2607951623880225
1.5625844483763422,9.026192236319417,6.166582120569623,3.812573369036045,1.5109990845199603,2.4533456135851996,0.18663716238802247
1.7847544483763422,8.911192236319419,6.166582120569623,3.5507733690360475,1.5879090845199602,2.5641256135851997,0.27452816238802247
1.8561644483763424,8.911192236319419,6.273702120569623,3.173873369036045,1.6822090845199602,2.6263756135851994,0.16008716238802245
1.9315444483763424,8.875492236319417,6.495872120569623,2.947673369036046,1.6995990845199604,2.6053256135851997,0.27452816238802247
1.9672444483763423,8.875492236319417,6.531572120569623,2.7969733690360457,1.6052990845199604,2.4808056135851997,0.20677916238802252
2.260824448376342,8.800092236319419,6.714072120569623,2.6461733690360454,1.5055090845199603,2.3077756135852,0.2269211623880225
2.3362044483763422,8.760392236319419,6.860862120569623,2.7215733690360473,1.4524090845199602,2.3150956135852,0.28093716238802247
1.8561644483763424,8.609692236319418,6.936242120569623,3.0984733690360464,1.5759990845199603,2.5366556135851996,0.2269211623880225
1.6022544483763423,8.458892236319418,6.749772120569623,3.399973369036047,1.5640990845199605,2.6401156135851997,0.3138961623880225
1.8204544483763425,8.347792236319417,6.678362120569623,3.4753733690360455,1.5055090845199603,2.6263756135851994,0.2406541623880225
1.8561644483763424,8.308192236319417,6.567282120569623,3.661773369036048,1.4643090845199604,2.5293356135851996,0.2543871623880225
1.7847544483763422,8.383492236319416,6.602992120569623,3.5903733690360475,1.4578990845199602,2.4808056135851997,0.2269211623880225
1.4157944483763423,8.383492236319416,6.642662120569623,3.439673369036047,1.4697990845199604,2.6053256135851997,0.1939621623880225
1.3443844483763423,8.27239223631942,6.495872120569623,3.3245733690360453,1.5521990845199602,2.7508856135852,0.2342451623880225
1.4157944483763423,8.161392236319418,6.313372120569623,3.439673369036047,1.5521990845199602,2.7792756135851997,0.2873451623880225
1.5268744483763423,8.161392236319418,6.166582120569623,3.5150733690360454,1.5814990845199604,2.5229256135852,0.24706216238802248
1.3800844483763424,8.121692236319419,6.238002120569623,3.7371733690360465,1.5998090845199604,2.2940456135851996,0.2543871623880225
1.5268744483763423,8.010592236319418,6.273702120569623,4.002973369036045,1.5933990845199602,2.3700356135851997,0.21410316238802252
1.7093744483763422,7.859892236319418,6.273702120569623,4.229173369036047,1.6519890845199603,2.6474356135851997,0.24706216238802248
1.8561644483763424,8.121692236319419,6.460162120569623,4.264873369036046,1.6702990845199603,2.8415256135852,0.27452816238802247
1.8204544483763425,8.383492236319416,6.531572120569623,4.153773369036045,1.6876990845199602,2.9037856135851996,0.16008716238802245
1.8561644483763424,8.498592236319418,6.602992120569623,4.114073369036046,1.5879090845199602,2.7444856135851996,0.2342451623880225
2.0426244483763423,8.42319223631942,6.531572120569623,4.038673369036047,1.4762090845199602,2.5430656135851994,0.2342451623880225
2.1894144483763425,8.42319223631942,6.642662120569623,3.812573369036045,1.4816990845199602,2.4808056135851997,0.21410316238802252
2.002954448376342,8.42319223631942,6.789452120569623,3.4753733690360455,1.5695990845199606,2.5229256135852,0.2607951623880225
1.9672444483763423,8.27239223631942,6.860862120569623,3.173873369036045,1.6519890845199603,2.5851756135851995,0.22051216238802251
1.9672444483763423,8.27239223631942,6.860862120569623,3.173873369036045,1.6519890845199603,2.5851756135851995,0.22051216238802251
1.7490444483763423,8.121692236319419,6.936242120569623,2.9119733690360476,1.5759990845199603,2.6337056135851995,0.2406541623880225
2.078334448376342,8.010592236319418,6.860862120569623,2.610473369036047,1.4762090845199602,2.5018656135851995,0.2607951623880225
2.2251244483763424,8.197092236319417,6.896562120569623,2.610473369036047,1.3581090845199602,2.3562956135852,0.18663716238802247
2.260824448376342,8.121692236319419,6.896562120569623,2.6858733690360452,1.3526190845199602,2.3498856135851995,0.2342451623880225
2.078334448376342,8.046292236319417,6.936242120569623,2.947673369036046,1.4405090845199604,2.5229256135852,0.24706216238802248
1.9315444483763424,7.935192236319416,6.936242120569623,3.1381733690360463,1.5521990845199602,2.7096956135851995,0.20037016238802247
1.9315444483763424,7.935192236319416,6.936242120569623,3.1381733690360463,1.5521990845199602,2.7096956135851995,0.20037016238802247
1.8561644483763424,7.895592236319416,6.860862120569623,3.173873369036045,1.6638890845199605,2.7096956135851995,0.2873451623880225
2.0426244483763423,7.820192236319418,6.642662120569623,3.399973369036047,1.5759990845199603,2.5641256135851997,0.2406541623880225
2.3719044483763425,7.709092236319417,6.495872120569623,3.3245733690360453,1.5109990845199603,2.4258756135851995,0.20037016238802247
2.078334448376342,7.633692236319419,6.531572120569623,3.213473369036045,1.4643090845199604,2.3636256135852,0.26720416238802247
2.002954448376342,7.633692236319419,6.642662120569623,3.023073369036048,1.5283990845199602,2.5229256135852,0.16008716238802245
2.1497444483763424,7.633692236319419,6.602992120569623,2.9119733690360476,1.6171990845199602,2.7096956135851995,0.26720416238802247
2.1497444483763424,7.558292236319417,6.678362120569623,2.9119733690360476,1.6410090845199603,2.6684956135851996,0.2607951623880225
1.9672444483763423,7.518692236319417,6.749772120569623,3.062773369036048,1.6702990845199603,2.4670756135851994,0.18663716238802247
2.0426244483763423,7.482992236319419,6.789452120569623,3.249173369036047,1.5933990845199602,2.2803056135852,0.2406541623880225
2.2251244483763424,7.482992236319419,6.860862120569623,3.4753733690360455,1.5586090845199605,2.3013656135851996,0.22051216238802251
2.1894144483763425,7.407592236319417,6.971942120569623,3.5150733690360454,1.5467090845199603,2.5778556135851995,0.2342451623880225
1.9672444483763423,7.407592236319417,7.154442120569623,3.4753733690360455,1.5348090845199605,2.7655356135852,0.21410316238802252
1.7093744483763422,7.443292236319419,7.154442120569623,3.2888733690360468,1.5109990845199603,2.7371556135851995,0.2607951623880225
1.6379644483763423,7.443292236319419,7.007652120569623,3.213473369036045,1.4047990845199605,2.6538456135851995,0.2873451623880225
1.9315444483763424,7.407592236319417,6.749772120569623,3.062773369036048,1.3288100845199604,2.5229256135852,0.22051216238802251
1.9672444483763423,7.367892236319417,6.749772120569623,2.9119733690360476,1.3874090845199603,2.4121456135851997,0.3010781623880225
1.7093744483763422,7.2924922363194185,6.825152120569623,2.384373369036048,1.5695990845199606,2.4048256135851998,0.2406541623880225
1.6022544483763423,7.0306922363194175,6.860862120569623,2.2692733690360463,1.6876990845199602,2.4744056135851995,0.15367916238802248
1.5268744483763423,6.804592236319417,6.642662120569623,2.1978733690360457,1.6638890845199605,2.4808056135851997,0.2543871623880225
1.6736644483763423,6.840292236319417,6.460162120569623,2.0828733690360473,1.5879090845199602,2.3773556135851996,0.2269211623880225
1.7093744483763422,6.804592236319417,6.384782120569623,2.0074733690360453,1.4871990845199603,2.1557956135852,0.20677916238802252
1.7093744483763422,6.804592236319417,6.384782120569623,2.0074733690360453,1.4871990845199603,2.1557956135852,0.20677916238802252
1.8561644483763424,6.915592236319419,6.273702120569623,2.158173369036046,1.4643090845199604,2.0724856135852,0.2946701623880225
1.6379644483763423,6.915592236319419,6.349082120569623,2.3446733690360446,1.4350090845199603,2.3013656135851996,0.26720416238802247
1.8204544483763425,7.0306922363194175,6.567282120569623,2.4597733690360464,1.5402990845199604,2.7371556135851995,0.28093716238802247
2.0426244483763423,6.990992236319418,6.714072120569623,2.4200733690360465,1.5640990845199605,2.5430656135851994,0.1939621623880225
2.2251244483763424,6.915592236319419,6.936242120569623,2.4597733690360464,1.5586090845199605,2.3288356135851997,0.2607951623880225
2.3362044483763422,6.764892236319417,7.007652120569623,2.535073369036045,1.5109990845199603,2.2107256135851996,0.27452816238802247
2.4433244483763423,6.653792236319418,7.079062120569623,2.4200733690360465,1.5467090845199603,2.2665756135851995,0.2342451623880225
2.4433244483763423,6.653792236319418,7.372642120569623,2.535073369036045,1.5879090845199602,2.4121456135851997,0.2342451623880225
2.260824448376342,6.804592236319417,7.555132120569623,2.6858733690360452,1.5879090845199602,2.5293356135851996,0.2269211623880225
2.4433244483763423,6.879892236319417,7.666222120569623,2.9119733690360476,1.5055090845199603,2.5989156135852,0.21410316238802252
2.4829944483763424,6.990992236319418,7.555132120569623,3.249173369036047,1.3993090845199605,2.5851756135851995,0.21410316238802252
2.4829944483763424,6.990992236319418,7.519432120569623,3.5507733690360475,1.3462090845199604,2.5293356135851996,0.3010781623880225
2.5901144483763425,7.181392236319418,7.448022120569623,3.626073369036046,1.3874090845199603,2.5641256135851997,0.20677916238802252
2.5186944483763423,7.106092236319419,7.594812120569623,3.5507733690360475,1.4762090845199602,2.6749056135852,0.2873451623880225
2.4829944483763424,7.066392236319416,7.555132120569623,3.5150733690360454,1.5348090845199605,2.7508856135852,0.2406541623880225
2.4076144483763424,7.106092236319419,7.519432120569623,3.2888733690360468,1.5640990845199605,2.6959556135851996,0.22051216238802251
2.5186944483763423,7.256792236319416,7.412312120569623,2.987373369036046,1.5640990845199605,2.5293356135851996,0.2946701623880225
2.4829944483763424,7.332192236319418,7.225852120569623,2.761273369036047,1.4990990845199605,2.4121456135851997,0.2342451623880225
2.6654844483763425,7.2924922363194185,7.154442120569623,2.610473369036047,1.4936090845199606,2.4185556135851995,0.2543871623880225
2.5901144483763425,7.367892236319417,7.225852120569623,2.2335733690360478,1.5402990845199604,2.4048256135851998,0.28093716238802247
2.4829944483763424,7.332192236319418,7.448022120569623,2.0828733690360473,1.5759990845199603,2.4322856135852,0.1802291623880225
2.4829944483763424,7.2924922363194185,7.519432120569623,2.1978733690360457,1.5640990845199605,2.4460156135851996,0.2873451623880225
2.7011944483763424,7.106092236319419,7.555132120569623,2.384373369036048,1.5174090845199601,2.4048256135851998,0.2946701623880225
2.7369044483763423,7.066392236319416,7.630512120569623,2.535073369036045,1.4871990845199603,2.4185556135851995,0.26720416238802247
2.629784448376342,7.2924922363194185,7.701922120569623,2.4597733690360464,1.4871990845199603,2.4258756135851995,0.2406541623880225
2.4433244483763423,7.407592236319417,7.741602120569623,2.6461733690360454,1.3938090845199604,2.4396156135852,0.2607951623880225
2.4433244483763423,7.407592236319417,7.741602120569623,2.6461733690360454,1.3938090845199604,2.4396156135852,0.2607951623880225
2.4433244483763423,7.407592236319417,7.813012120569623,2.610473369036047,1.3526190845199602,2.5018656135851995,0.2873451623880225
2.7011944483763424,7.332192236319418,7.813012120569623,2.495473369036045,1.3700090845199604,2.5430656135851994,0.24706216238802248
2.4076144483763424,7.407592236319417,7.924092120569623,2.384373369036048,1.4285990845199605,2.4258756135851995,0.2269211623880225
2.4433244483763423,7.181392236319418,7.741602120569623,2.6461733690360454,1.5759990845199603,2.3984156135852,0.20037016238802247
2.1140344483763425,6.990992236319418,7.630512120569623,2.8365733690360457,1.6345990845199605,2.4121456135851997,0.27452816238802247
2.078334448376342,6.840292236319417,7.555132120569623,3.023073369036048,1.6171990845199602,2.4185556135851995,0.3340371623880225
2.260824448376342,7.141792236319418,7.412312120569623,3.3245733690360453,1.5228990845199601,2.5091956135851996,0.2269211623880225
2.1140344483763425,7.256792236319416,7.301232120569623,3.249173369036047,1.4112090845199603,2.6053256135851997,0.3010781623880225
1.9315444483763424,7.181392236319418,7.225852120569623,3.1381733690360463,1.4459990845199604,2.6126456135851996,0.1939621623880225
1.8561644483763424,7.217192236319416,7.118732120569623,2.9119733690360476,1.4871990845199603,2.5091956135851996,0.3010781623880225
1.8204544483763425,7.181392236319418,7.154442120569623,2.7215733690360473,1.5228990845199601,2.3562956135852,0.20677916238802252
2.1140344483763425,7.181392236319418,6.936242120569623,2.4597733690360464,1.6052990845199604,2.2180556135851996,0.16008716238802245
2.0426244483763423,7.0306922363194175,7.079062120569623,2.1978733690360457,1.6226990845199603,2.2381956135851997,0.2607951623880225
2.002954448376342,6.955292236319419,7.225852120569623,1.856673369036045,1.6757990845199604,2.3562956135852,0.22051216238802251
2.3719044483763425,6.915592236319419,7.594812120569623,1.479773369036046,1.5402990845199604,2.3077756135852,0.28093716238802247
2.5186944483763423,6.955292236319419,7.555132120569623,1.5948733690360477,1.4350090845199603,2.2729856135852,0.22051216238802251
2.629784448376342,7.0306922363194175,7.701922120569623,1.8209733690360466,1.3635990845199601,2.1905856135851995,0.24706216238802248
2.629784448376342,7.0306922363194175,7.701922120569623,1.8209733690360466,1.3635990845199601,2.1905856135851995,0.24706216238802248
2.7765744483763424,6.879892236319417,7.959802120569623,2.1224733690360473,1.4350090845199603,2.3910856135852,0.21410316238802252
3.030474448376342,6.653792236319418,8.142292120569623,2.2335733690360478,1.4231090845199605,2.5293356135851996,0.2342451623880225
3.105854448376342,6.542692236319418,8.289082120569624,2.0828733690360473,1.4524090845199602,2.4744056135851995,0.2543871623880225
3.105854448376342,6.542692236319418,8.253382120569624,2.1978733690360457,1.4578990845199602,2.4185556135851995,0.27452816238802247
3.105854448376342,6.618092236319418,8.142292120569623,2.2335733690360478,1.4405090845199604,2.3773556135851996,0.24706216238802248
3.030474448376342,6.689492236319417,8.031212120569624,2.4597733690360464,1.5055090845199603,2.3773556135851996,0.1939621623880225
2.8836844483763424,6.618092236319418,7.995502120569623,2.535073369036045,1.5109990845199603,2.4258756135851995,0.2406541623880225
2.812274448376342,6.653792236319418,7.959802120569623,2.8365733690360457,1.5402990845199604,2.4121456135851997,0.24706216238802248
2.7011944483763424,6.7291922363194185,7.959802120569623,2.987373369036046,1.5695990845199606,2.3837656135852,0.24706216238802248
2.554404448376342,6.689492236319417,7.848712120569623,3.2888733690360468,1.4936090845199606,2.4048256135851998,0.2342451623880225
2.5901144483763425,6.578392236319418,7.813012120569623,3.364273369036045,1.4816990845199602,2.4945456135851996,0.2406541623880225
2.5186944483763423,6.653792236319418,7.741602120569623,3.249173369036047,1.4697990845199604,2.6053256135851997,0.26720416238802247
2.296534448376342,6.804592236319417,7.813012120569623,3.1381733690360463,1.4816990845199602,2.6538456135851995,0.22051216238802251
2.3719044483763425,6.915592236319419,7.666222120569623,2.947673369036046,1.4762090845199602,2.5641256135851997,0.2946701623880225
2.4829944483763424,7.066392236319416,7.666222120569623,2.761273369036047,1.4405090845199604,2.4744056135851995,0.2342451623880225
2.4433244483763423,6.990992236319418,7.630512120569623,2.495473369036045,1.5228990845199601,2.3700356135851997,0.21410316238802252
2.5186944483763423,6.990992236319418,7.813012120569623,2.3446733690360446,1.5521990845199602,2.2665756135851995,0.24706216238802248
2.5186944483763423,6.915592236319419,7.888392120569623,2.047173369036045,1.6345990845199605,2.2729856135852,0.27452816238802247
2.7011944483763424,6.840292236319417,7.959802120569623,1.8209733690360466,1.6171990845199602,2.3837656135852,0.24706216238802248
2.7369044483763423,6.689492236319417,7.995502120569623,1.856673369036045,1.5174090845199601,2.3984156135852,0.2543871623880225
2.7011944483763424,6.618092236319418,7.995502120569623,2.158173369036046,1.3581090845199602,2.2455156135851997,0.2269211623880225
2.923364448376342,6.689492236319417,8.070882120569623,2.308973369036046,1.3581090845199602,2.3773556135851996,0.2607951623880225
3.105854448376342,6.804592236319417,8.142292120569623,2.3446733690360446,1.3874090845199603,2.5430656135851994,0.2269211623880225
2.812274448376342,6.804592236319417,8.253382120569624,2.308973369036046,1.4405090845199604,2.5778556135851995,0.28093716238802247
2.629784448376342,6.689492236319417,8.106592120569623,2.2335733690360478,1.4762090845199602,2.4606656135851996,0.2607951623880225
2.629784448376342,6.689492236319417,8.106592120569623,2.2335733690360478,1.4762090845199602,2.4606656135851996,0.2607951623880225
2.7765744483763424,6.689492236319417,7.924092120569623,2.2335733690360478,1.4578990845199602,2.3352456135851996,0.20037016238802247
2.629784448376342,6.618092236319418,7.888392120569623,2.1978733690360457,1.4762090845199602,2.2592556135851996,0.26720416238802247
2.554404448376342,6.618092236319418,7.701922120569623,2.308973369036046,1.5521990845199602,2.2381956135851997,0.28093716238802247
2.4076144483763424,6.618092236319418,7.741602120569623,2.4597733690360464,1.5879090845199602,2.3636256135852,0.2607951623880225
2.260824448376342,6.618092236319418,7.777302120569623,2.6461733690360454,1.5998090845199604,2.4606656135851996,0.27452816238802247
2.1894144483763425,6.7291922363194185,7.666222120569623,2.761273369036047,1.5055090845199603,2.4945456135851996,0.2406541623880225
2.296534448376342,6.879892236319417,7.701922120569623,2.8365733690360457,1.4112090845199603,2.4744056135851995,0.20037016238802247
2.296534448376342,6.955292236319419,7.630512120569623,2.7215733690360473,1.4285990845199605,2.4121456135851997,0.3276291623880225
2.1497444483763424,6.955292236319419,7.519432120569623,2.6858733690360452,1.3874090845199603,2.3700356135851997,0.22051216238802251
2.1497444483763424,6.915592236319419,7.448022120569623,2.570773369036047,1.4350090845199603,2.4258756135851995,0.3276291623880225
2.1497444483763424,6.840292236319417,7.412312120569623,2.3446733690360446,1.4643090845199604,2.4533456135851996,0.22051216238802251
2.260824448376342,6.804592236319417,7.519432120569623,2.1224733690360473,1.5174090845199601,2.3837656135852,0.20677916238802252
2.4076144483763424,6.764892236319417,7.483722120569623,1.7813733690360465,1.5467090845199603,2.2803056135852,0.3276291623880225
2.5186944483763423,6.840292236319417,7.630512120569623,1.5948733690360477,1.5348090845199605,2.2317856135852,0.20677916238802252
2.554404448376342,6.915592236319419,7.666222120569623,1.4044733690360474,1.5402990845199604,2.2244656135852,0.22051216238802251
2.5186944483763423,6.955292236319419,7.666222120569623,1.217973369036045,1.4524090845199602,2.2381956135851997,0.27452816238802247
2.554404448376342,6.840292236319417,7.741602120569623,1.253673369036047,1.4285990845199605,2.2317856135852,0.22051216238802251
2.629784448376342,6.764892236319417,7.924092120569623,1.4044733690360474,1.4112090845199603,2.1905856135851995,0.2342451623880225
2.6654844483763425,6.578392236319418,7.924092120569623,1.670273369036046,1.4047990845199605,2.1484756135852,0.2946701623880225
2.8836844483763424,6.542692236319418,7.924092120569623,1.7455733690360447,1.4405090845199604,2.2107256135851996,0.2342451623880225
2.923364448376342,6.467292236319418,8.070882120569623,1.856673369036045,1.4578990845199602,2.3910856135852,0.27452816238802247
2.847984448376342,6.241192236319417,8.217672120569624,1.856673369036045,1.4762090845199602,2.5091956135851996,0.3138961623880225
2.847984448376342,6.241192236319417,8.217672120569624,1.856673369036045,1.4762090845199602,2.5091956135851996,0.3138961623880225
2.629784448376342,6.201492236319417,8.289082120569624,1.896373369036045,1.4524090845199602,2.4744056135851995,0.21410316238802252
2.629784448376342,6.241192236319417,8.253382120569624,1.9717733690360468,1.4231090845199605,2.3837656135852,0.2406541623880225
2.6654844483763425,6.316592236319417,8.070882120569623,2.1978733690360457,1.3288100845199604,2.3077756135852,0.27452816238802247
2.629784448376342,6.3919922363194175,7.924092120569623,2.308973369036046,1.3874090845199603,2.2729856135852,0.20677916238802252
2.629784448376342,6.427692236319418,7.959802120569623,2.610473369036047,1.4578990845199602,2.2729856135852,0.2946701623880225
2.554404448376342,6.316592236319417,7.995502120569623,2.7215733690360473,1.5814990845199604,2.4048256135851998,0.2406541623880225
2.629784448376342,6.352292236319418,8.031212120569624,3.1381733690360463,1.6226990845199603,2.5018656135851995,0.2607951623880225
2.5901144483763425,6.316592236319417,7.959802120569623,3.0984733690360464,1.5586090845199605,2.4808056135851997,0.28093716238802247
2.554404448376342,6.2768922363194175,7.959802120569623,2.947673369036046,1.4762090845199602,2.4670756135851994,0.2269211623880225
2.4829944483763424,6.316592236319417,7.924092120569623,2.761273369036047,1.4350090845199603,2.4322856135852,0.2543871623880225
2.5901144483763425,6.427692236319418,7.959802120569623,2.535073369036045,1.3938090845199604,2.4322856135852,0.1939621623880225
2.5186944483763423,6.467292236319418,8.031212120569624,2.2692733690360463,1.3874090845199603,2.4881356135851997,0.26720416238802247
2.554404448376342,6.542692236319418,8.070882120569623,1.9717733690360468,1.4166990845199603,2.4185556135851995,0.2406541623880225
2.7765744483763424,6.3919922363194175,8.106592120569623,1.7813733690360465,1.4697990845199604,2.3013656135851996,0.2406541623880225
2.812274448376342,6.2768922363194175,8.106592120569623,1.6305733690360462,1.4816990845199602,2.2665756135851995,0.24706216238802248
2.847984448376342,6.2768922363194175,8.217672120569624,1.5551733690360479,1.5467090845199603,2.2317856135852,0.2269211623880225
2.812274448376342,6.050792236319417,8.289082120569624,1.6305733690360462,1.5521990845199602,2.2317856135852,0.1802291623880225
2.7765744483763424,5.9753922363194185,8.324792120569624,1.7813733690360465,1.5228990845199601,2.3013656135851996,0.28093716238802247
2.7765744483763424,5.899992236319418,8.324792120569624,1.856673369036045,1.4697990845199604,2.3013656135851996,0.24706216238802248
2.847984448376342,5.939692236319418,8.364462120569623,1.7813733690360465,1.3938090845199604,2.3077756135852,0.2269211623880225
2.9590644483763424,5.899992236319418,8.289082120569624,1.7813733690360465,1.3288100845199604,2.3150956135852,0.27452816238802247
3.0701544483763423,5.899992236319418,8.253382120569624,1.670273369036046,1.3288100845199604,2.3013656135851996,0.1939621623880225
2.847984448376342,5.673892236319418,8.435872120569623,1.7813733690360465,1.3526190845199602,2.3215056135851997,0.2607951623880225
2.812274448376342,5.447692236319417,8.400172120569623,1.8209733690360466,1.4524090845199602,2.2940456135851996,0.27452816238802247
2.812274448376342,5.372392236319417,8.289082120569624,1.932073369036047,1.5283990845199602,2.2381956135851997,0.2342451623880225
2.7369044483763423,5.411992236319417,8.289082120569624,2.0828733690360473,1.5640990845199605,2.2180556135851996,0.2873451623880225
2.629784448376342,5.372392236319417,8.142292120569623,2.158173369036046,1.6290990845199604,2.1969956135852,0.20677916238802252
2.629784448376342,5.372392236319417,8.106592120569623,2.308973369036046,1.5521990845199602,2.2180556135851996,0.2406541623880225
2.5901144483763425,5.411992236319417,8.142292120569623,2.2335733690360478,1.4990990845199605,2.3013656135851996,0.3276291623880225
2.5901144483763425,5.562792236319417,8.217672120569624,2.047173369036045,1.4643090845199604,2.3910856135852,0.24706216238802248
2.629784448376342,5.749292236319418,8.178002120569623,1.7813733690360465,1.4350090845199603,2.3773556135851996,0.1939621623880225
2.629784448376342,5.824592236319418,8.031212120569624,1.5948733690360477,1.4285990845199605,2.3352456135851996,0.3074871623880225
2.5901144483763425,5.713492236319418,8.031212120569624,1.4440733690360474,1.3993090845199605,2.2665756135851995,0.2342451623880225
2.4829944483763424,5.562792236319417,7.959802120569623,1.3290733690360454,1.4524090845199602,2.1484756135852,0.2873451623880225
2.4829944483763424,5.487392236319417,7.888392120569623,1.0275733690360447,1.4578990845199602,2.1072756135851995,0.27452816238802247
2.554404448376342,5.447692236319417,7.959802120569623,0.7656733690360475,1.4816990845199602,2.1622056135851997,0.22051216238802251
2.6654844483763425,5.487392236319417,7.959802120569623,0.6902733690360456,1.4762090845199602,2.1072756135851995,0.28093716238802247
2.7011944483763424,5.447692236319417,7.959802120569623,0.5395733690360451,1.4231090845199605,2.0788956135851997,0.27452816238802247
2.7765744483763424,5.411992236319417,8.031212120569624,0.5395733690360451,1.4285990845199605,2.0788956135851997,0.21410316238802252
2.923364448376342,5.296992236319417,8.106592120569623,0.6545733690360471,1.4578990845199602,2.0724856135852,0.3010781623880225
2.923364448376342,5.3366922363194185,8.217672120569624,0.7299733690360455,1.4166990845199603,2.1420656135851996,0.2946701623880225
2.9947744483763423,5.261292236319418,8.253382120569624,0.7656733690360475,1.4936090845199606,2.1622056135851997,0.20037016238802247
2.923364448376342,5.185892236319418,8.324792120569624,0.9918733690360462,1.3581090845199602,2.1210056135852,0.2406541623880225
2.923364448376342,5.035092236319418,8.289082120569624,0.9918733690360462,1.2464130845199604,2.0303656135851997,0.24706216238802248
2.8836844483763424,4.884392236319417,8.324792120569624,0.9164733690360478,1.2931050845199603,2.0166356135852,0.2946701623880225
2.847984448376342,4.808992236319417,8.324792120569624,0.9918733690360462,1.3288100845199604,2.0935456135851997,0.18663716238802247
2.847984448376342,4.808992236319417,8.324792120569624,0.9918733690360462,1.3288100845199604,2.0935456135851997,0.18663716238802247
2.8836844483763424,4.884392236319417,8.364462120569623,1.0275733690360447,1.4762090845199602,2.1969956135852,0.2342451623880225
2.8836844483763424,4.924092236319417,8.471582120569623,1.1782733690360452,1.5695990845199606,2.2665756135851995,0.28093716238802247
2.923364448376342,4.924092236319417,8.400172120569623,1.5551733690360479,1.5814990845199604,2.1969956135852,0.20677916238802252
2.8836844483763424,4.924092236319417,8.400172120569623,1.7059733690360481,1.5467090845199603,2.1210056135852,0.3074871623880225
2.9590644483763424,4.924092236319417,8.435872120569623,1.7813733690360465,1.4871990845199603,2.1347356135851996,0.3212201623880225
2.7765744483763424,4.959792236319418,8.400172120569623,1.670273369036046,1.4047990845199605,2.2043156135852,0.1664961623880225
2.629784448376342,4.959792236319418,8.217672120569624,1.7059733690360481,1.3462090845199604,2.2803056135852,0.3276291623880225
2.7011944483763424,4.884392236319417,8.178002120569623,1.7455733690360447,1.2702170845199605,2.3352456135851996,0.28093716238802247
2.7765744483763424,4.959792236319418,8.106592120569623,1.670273369036046,1.3343040845199603,2.2867156135851996,0.2543871623880225
2.7765744483763424,4.924092236319417,8.253382120569624,1.3290733690360454,1.4524090845199602,2.2180556135851996,0.2873451623880225
2.7369044483763423,4.884392236319417,8.217672120569624,1.1425733690360467,1.5402990845199604,2.2180556135851996,0.2269211623880225
2.7369044483763423,4.999392236319418,8.031212120569624,0.9521733690360463,1.5586090845199605,2.1420656135851996,0.3212201623880225
2.7011944483763424,5.074792236319418,7.995502120569623,0.614973369036047,1.4990990845199605,1.9964956135852,0.24706216238802248
2.5901144483763425,5.150192236319418,7.995502120569623,0.579273369036045,1.3993090845199605,1.9754356135851998,0.22051216238802251
2.629784448376342,4.924092236319417,7.924092120569623,0.6902733690360456,1.3050070845199604,2.0239656135851996,0.2946701623880225
2.629784448376342,4.808992236319417,7.888392120569623,0.7656733690360475,1.2876120845199603,2.0862156135851997,0.24706216238802248
2.7011944483763424,4.884392236319417,7.959802120569623,0.8410733690360459,1.3993090845199605,2.1759356135852,0.26720416238802247
2.629784448376342,4.884392236319417,7.995502120569623,0.8410733690360459,1.4990990845199605,2.2455156135851997,0.20037016238802247
2.7369044483763423,4.808992236319417,7.995502120569623,1.1028733690360468,1.5174090845199601,2.2455156135851997,0.3541791623880225
2.7011944483763424,4.808992236319417,8.031212120569624,0.9521733690360463,1.5109990845199603,2.1557956135852,0.3010781623880225
2.6654844483763425,4.773292236319417,8.070882120569623,0.9164733690360478,1.4697990845199604,2.0239656135851996,0.21410316238802252
2.6654844483763425,4.733592236319417,8.217672120569624,1.1425733690360467,1.4112090845199603,1.9543856135851998,0.28093716238802247
2.5901144483763425,4.808992236319417,8.106592120569623,1.217973369036045,1.4047990845199605,2.0450156135852,0.27452816238802247
2.629784448376342,4.808992236319417,8.070882120569623,1.217973369036045,1.4285990845199605,2.1905856135851995,0.26720416238802247
2.554404448376342,4.808992236319417,8.070882120569623,1.5948733690360477,1.4285990845199605,2.2244656135852,0.2269211623880225
2.6654844483763425,4.884392236319417,7.995502120569623,1.5948733690360477,1.3754990845199604,2.1759356135852,0.2946701623880225
2.7765744483763424,4.924092236319417,7.959802120569623,1.3687733690360453,1.3526190845199602,2.2043156135852,0.24706216238802248
2.812274448376342,4.959792236319418,8.106592120569623,1.1782733690360452,1.4112090845199603,2.2867156135851996,0.21410316238802252
2.629784448376342,4.999392236319418,8.142292120569623,1.0275733690360447,1.4697990845199604,2.2244656135852,0.2946701623880225
2.5186944483763423,4.959792236319418,8.070882120569623,0.8807733690360458,1.4285990845199605,2.1759356135852,0.21410316238802252
2.5901144483763425,4.924092236319417,7.888392120569623,0.6545733690360471,1.4350090845199603,2.0999456135852,0.1939621623880225
2.5901144483763425,4.924092236319417,7.888392120569623,0.6545733690360471,1.4350090845199603,2.0999456135852,0.1939621623880225
2.629784448376342,4.959792236319418,7.777302120569623,0.5038733690360466,1.3819090845199602,1.9406456135852,0.2607951623880225
2.4433244483763423,4.884392236319417,7.701922120569623,0.1269733690360475,1.3938090845199604,2.0029056135851997,0.15367916238802248
2.554404448376342,4.733592236319417,7.630512120569623,0.06342663096395285,1.3754990845199604,2.1484756135852,0.27452816238802247
2.4829944483763424,4.808992236319417,7.666222120569623,0.023826630963952766,1.3819090845199602,2.1832656135851995,0.2607951623880225
2.3719044483763425,4.884392236319417,7.741602120569623,0.06342663096395285,1.4578990845199602,2.1136856135852,0.18663716238802247
2.3719044483763425,4.848692236319417,7.741602120569623,0.162673369036046,1.4405090845199604,2.0303656135851997,0.26720416238802247
2.4829944483763424,4.697892236319417,7.555132120569623,0.38877336903604487,1.4285990845199605,1.9617056135851998,0.2946701623880225
2.4076144483763424,4.6224922363194185,7.519432120569623,0.4284733690360447,1.4285990845199605,1.9681156135851998,0.2406541623880225
2.4076144483763424,4.6224922363194185,7.519432120569623,0.4284733690360447,1.4285990845199605,1.9681156135851998,0.2406541623880225
2.2251244483763424,4.432092236319418,7.594812120569623,0.4284733690360447,1.4285990845199605,2.0166356135852,0.2406541623880225
2.3362044483763422,4.396392236319418,7.594812120569623,0.614973369036047,1.3526190845199602,2.1274156135851996,0.26720416238802247
2.3719044483763425,4.471792236319418,7.594812120569623,0.8410733690360459,1.3754990845199604,2.1274156135851996,0.2873451623880225
2.4829944483763424,4.507492236319418,7.777302120569623,0.9918733690360462,1.4231090845199605,2.0788956135851997,0.2342451623880225
2.4433244483763423,4.432092236319418,7.924092120569623,1.217973369036045,1.5228990845199601,2.0788956135851997,0.22051216238802251
2.4433244483763423,4.547192236319418,7.924092120569623,1.5194733690360458,1.6171990845199602,2.1274156135851996,0.2543871623880225
2.4433244483763423,4.507492236319418,7.959802120569623,1.5194733690360458,1.5759990845199603,2.1557956135852,0.2342451623880225
2.5186944483763423,4.658292236319419,8.070882120569623,1.5194733690360458,1.5174090845199601,2.1210056135852,0.24706216238802248
2.629784448376342,4.773292236319417,8.106592120569623,1.5194733690360458,1.4047990845199605,2.0788956135851997,0.3074871623880225
2.629784448376342,4.848692236319417,8.070882120569623,1.479773369036046,1.3050070845199604,2.1136856135852,0.20677916238802252
2.7011944483763424,4.924092236319417,8.142292120569623,1.1782733690360452,1.3050070845199604,2.2043156135852,0.2946701623880225
2.6654844483763425,4.959792236319418,8.217672120569624,1.1028733690360468,1.3407120845199603,2.3498856135851995,0.24706216238802248
2.7369044483763423,4.884392236319417,8.217672120569624,0.8410733690360459,1.4285990845199605,2.3425656135851995,0.20037016238802247
2.812274448376342,4.808992236319417,8.142292120569623,0.6902733690360456,1.4578990845199602,2.1484756135852,0.2607951623880225
2.923364448376342,4.924092236319417,8.178002120569623,0.5395733690360451,1.4643090845199604,1.9543856135851998,0.20677916238802252
3.105854448376342,4.924092236319417,8.178002120569623,0.4284733690360447,1.4643090845199604,1.8994456135851998,0.24706216238802248
2.9590644483763424,4.959792236319418,8.253382120569624,0.20237336903604586,1.4459990845199604,1.9269156135852,0.3074871623880225
2.8836844483763424,4.884392236319417,8.324792120569624,0.20237336903604586,1.4166990845199603,2.0450156135852,0.2269211623880225
2.9590644483763424,4.733592236319417,8.289082120569624,0.3134733690360463,1.4231090845199605,2.1557956135852,0.24706216238802248
2.923364448376342,4.5828922363194184,8.253382120569624,0.35307336903604636,1.3754990845199604,2.1695256135851997,0.2607951623880225
2.9947744483763423,4.507492236319418,8.217672120569624,0.4641733690360468,1.3407120845199603,2.1274156135851996,0.18663716238802247
2.8836844483763424,4.507492236319418,8.217672120569624,0.5395733690360451,1.3343040845199603,2.1557956135852,0.2406541623880225
2.6654844483763425,4.471792236319418,8.217672120569624,0.5395733690360451,1.3462090845199604,2.1557956135852,0.24706216238802248
2.5901144483763425,4.471792236319418,8.070882120569623,0.4284733690360447,1.4112090845199603,2.1072756135851995,0.24706216238802248
2.554404448376342,4.432092236319418,8.106592120569623,0.614973369036047,1.4231090845199605,2.0514256135851996,0.26720416238802247
2.7011944483763424,4.471792236319418,8.142292120569623,0.7299733690360455,1.4697990845199604,1.9269156135852,0.2342451623880225
2.5901144483763425,4.432092236319418,8.106592120569623,0.8410733690360459,1.4936090845199606,1.9195956135852,0.2406541623880225
2.4076144483763424,4.356692236319418,7.995502120569623,1.1028733690360468,1.4643090845199604,2.2180556135851996,0.21410316238802252
2.3362044483763422,4.471792236319418,8.031212120569624,1.0275733690360447,1.3819090845199602,2.2317856135852,0.28093716238802247
2.4076144483763424,4.547192236319418,7.995502120569623,0.9521733690360463,1.3169090845199602,2.1695256135851997,0.27452816238802247
2.3362044483763422,4.658292236319419,7.959802120569623,0.7656733690360475,1.3114150845199604,2.0999456135852,0.20037016238802247
2.3362044483763422,4.697892236319417,7.995502120569623,0.8053733690360474,1.3288100845199604,2.0303656135851997,0.2946701623880225
2.4829944483763424,4.697892236319417,7.995502120569623,0.6545733690360471,1.3993090845199605,2.0029056135851997,0.21410316238802252
2.4433244483763423,4.697892236319417,8.070882120569623,0.4641733690360468,1.5055090845199603,2.0376956135852,0.20677916238802252
2.629784448376342,4.547192236319418,8.070882120569623,0.08727336903604765,1.5174090845199601,2.0166356135852,0.2873451623880225
2.7011944483763424,4.507492236319418,8.070882120569623,0.05157336903604559,1.4405090845199604,1.9617056135851998,0.21410316238802252
2.5901144483763425,4.507492236319418,8.070882120569623,0.06342663096395285,1.3819090845199602,1.8921256135851998,0.24706216238802248
2.554404448376342,4.547192236319418,8.106592120569623,0.2142266309639531,1.3635990845199601,1.8783956135851998,0.3074871623880225
2.7011944483763424,4.547192236319418,8.178002120569623,0.5117266309639525,1.3819090845199602,1.9131856135852,0.18663716238802247
2.7369044483763423,4.507492236319418,8.142292120569623,0.5117266309639525,1.3993090845199605,1.9754356135851998,0.2269211623880225
2.6654844483763425,4.432092236319418,8.217672120569624,0.4007266309639519,1.3700090845199604,1.9543856135851998,0.3541791623880225
2.7011944483763424,4.281392236319418,8.142292120569623,0.289626630963955,1.3938090845199604,1.8710656135852,0.20677916238802252
2.7011944483763424,4.281392236319418,8.142292120569623,0.289626630963955,1.3938090845199604,1.8710656135852,0.20677916238802252
2.7011944483763424,4.245692236319417,8.178002120569623,0.2142266309639531,1.3874090845199603,1.8646556135852,0.28093716238802247
2.7369044483763423,4.094892236319417,8.217672120569624,0.2142266309639531,1.3993090845199605,1.9617056135851998,0.3074871623880225
2.629784448376342,4.055192236319417,8.178002120569623,0.09912663096395491,1.4231090845199605,2.0450156135852,0.1939621623880225
2.3362044483763422,4.019492236319417,8.178002120569623,0.023826630963952766,1.3462090845199604,1.9827656135851999,0.2607951623880225
2.554404448376342,3.979792236319417,8.106592120569623,0.3134733690360463,1.3288100845199604,1.8857156135851998,0.2406541623880225
2.554404448376342,3.979792236319417,8.106592120569623,0.3134733690360463,1.3288100845199604,1.8857156135851998,0.2406541623880225
2.5186944483763423,4.130592236319417,8.289082120569624,0.5038733690360466,1.4459990845199604,1.9342356135852,0.18663716238802247
2.4433244483763423,4.170292236319417,8.217672120569624,0.7656733690360475,1.5174090845199601,2.0724856135852,0.26720416238802247
2.3719044483763425,4.2059922363194175,8.178002120569623,0.8410733690360459,1.4990990845199605,2.0724856135852,0.24706216238802248
2.3719044483763425,4.2059922363194175,8.178002120569623,0.8410733690360459,1.4990990845199605,2.0724856135852,0.24706216238802248
2.4433244483763423,4.245692236319417,8.106592120569623,0.9164733690360478,1.4643090845199604,2.0651556135852,0.26720416238802247
2.4433244483763423,4.356692236319418,8.031212120569624,0.7656733690360475,1.4166990845199603,2.0102256135851997,0.22051216238802251
2.554404448376342,4.356692236319418,8.106592120569623,0.7299733690360455,1.3754990845199604,1.9681156135851998,0.24706216238802248
2.4829944483763424,4.432092236319418,8.106592120569623,0.7299733690360455,1.3874090845199603,1.9543856135851998,0.2406541623880225
2.260824448376342,4.396392236319418,8.070882120569623,0.579273369036045,1.4578990845199602,2.0450156135852,0.2543871623880225
2.2251244483763424,4.396392236319418,7.995502120569623,0.277673369036048,1.5109990845199603,2.0376956135852,0.2269211623880225
2.2251244483763424,4.396392236319418,7.995502120569623,0.277673369036048,1.5109990845199603,2.0376956135852,0.2269211623880225
2.3719044483763425,4.432092236319418,7.888392120569623,0.08727336903604765,1.4990990845199605,1.9543856135851998,0.2269211623880225
2.5186944483763423,4.320992236319418,7.888392120569623,0.023826630963952766,1.4405090845199604,1.8298656135851998,0.2406541623880225
2.4076144483763424,4.320992236319418,7.924092120569623,0.023826630963952766,1.4231090845199605,1.7676156135852,0.20037016238802247
2.3362044483763422,4.2059922363194175,7.995502120569623,0.289626630963955,1.4166990845199603,1.8225456135851998,0.24706216238802248
2.3362044483763422,4.019492236319417,7.995502120569623,0.5117266309639525,1.3819090845199602,1.9617056135851998,0.3138961623880225
2.4829944483763424,3.979792236319417,8.106592120569623,0.5514266309639524,1.3754990845199604,2.1072756135851995,0.21410316238802252
2.554404448376342,3.8687922363194183,8.031212120569624,0.44032663096395197,1.3635990845199601,1.9964956135852,0.2406541623880225
2.5901144483763425,3.8290922363194184,8.142292120569623,0.32532663096395353,1.2757100845199605,1.8161356135851998,0.2946701623880225
2.5186944483763423,3.793392236319418,8.178002120569623,0.289626630963955,1.3288100845199604,1.8371956135852,0.1664961623880225
2.5186944483763423,3.717992236319418,8.217672120569624,0.2142266309639531,1.3343040845199603,1.9681156135851998,0.26720416238802247
2.4829944483763424,3.717992236319418,8.217672120569624,0.3650266309639534,1.3224020845199602,2.0303656135851997,0.3010781623880225
2.5186944483763423,3.717992236319418,8.289082120569624,0.32532663096395353,1.4231090845199605,1.9754356135851998,0.15367916238802248
2.5186944483763423,3.6068922363194176,8.289082120569624,0.17452663096395327,1.4285990845199605,1.8710656135852,0.27452816238802247
2.5901144483763425,3.642592236319418,8.178002120569623,0.011873369036045744,1.4285990845199605,1.7749356135852,0.2406541623880225
2.7011944483763424,3.642592236319418,8.253382120569624,0.23807336903604792,1.4459990845199604,1.8298656135851998,0.2269211623880225
2.5901144483763425,3.793392236319418,8.364462120569623,0.277673369036048,1.4816990845199602,2.0102256135851997,0.2946701623880225
2.5901144483763425,3.9044922363194186,8.364462120569623,0.162673369036046,1.5055090845199603,2.1557956135852,0.1738201623880225
2.7369044483763423,3.979792236319417,8.364462120569623,0.23807336903604792,1.3526190845199602,1.9827656135851999,0.3212201623880225
2.812274448376342,3.979792236319417,8.400172120569623,0.05157336903604559,1.3581090845199602,1.8436056135852,0.1802291623880225
2.812274448376342,4.094892236319417,8.471582120569623,0.09912663096395491,1.3700090845199604,1.8371956135852,0.24706216238802248
2.7765744483763424,4.055192236319417,8.507282120569624,0.32532663096395353,1.4285990845199605,1.8646556135852,0.2873451623880225
2.7011944483763424,4.019492236319417,8.471582120569623,0.32532663096395353,1.4285990845199605,1.9891756135852,0.22051216238802251
2.7011944483763424,3.9044922363194186,8.435872120569623,0.47602663096395403,1.3819090845199602,1.9754356135851998,0.2269211623880225
2.812274448376342,3.979792236319417,8.400172120569623,0.7022266309639544,1.3526190845199602,1.8298656135851998,0.2946701623880225
2.7765744483763424,3.944092236319417,8.364462120569623,0.737926630963953,1.3526190845199602,1.7950756135852,0.18663716238802247
2.6654844483763425,3.8687922363194183,8.364462120569623,0.9640266309639536,1.4047990845199605,1.8371956135852,0.2269211623880225
2.7369044483763423,3.8290922363194184,8.324792120569624,1.1148266309639538,1.3819090845199602,1.8710656135852,0.3276291623880225
2.554404448376342,3.7536922363194183,8.253382120569624,1.1148266309639538,1.4166990845199603,1.8921256135851998,0.2269211623880225
2.554404448376342,3.7536922363194183,8.253382120569624,1.1148266309639538,1.4166990845199603,1.8921256135851998,0.2269211623880225
2.554404448376342,3.642592236319418,8.217672120569624,1.0791266309639536,1.3754990845199604,1.8024056135851998,0.2342451623880225
2.5901144483763425,3.5314922363194174,8.289082120569624,1.0394266309639537,1.3224020845199602,1.7053556135852,0.27452816238802247
2.629784448376342,3.3053922363194186,8.253382120569624,0.9640266309639536,1.3635990845199601,1.7676156135852,0.1802291623880225
2.554404448376342,3.154692236319418,8.324792120569624,0.777526630963953,1.3526190845199602,1.8857156135851998,0.3276291623880225
2.4433244483763423,3.039592236319418,8.400172120569623,0.737926630963953,1.3462090845199604,1.9543856135851998,0.26720416238802247
2.4076144483763424,3.079292236319418,8.324792120569624,0.6268266309639543,1.3754990845199604,1.9195956135852,0.1738201623880225
2.4829944483763424,3.079292236319418,8.289082120569624,0.6625266309639528,1.3288100845199604,1.8298656135851998,0.3010781623880225
2.4829944483763424,3.079292236319418,8.289082120569624,0.6625266309639528,1.3288100845199604,1.8298656135851998,0.3010781623880225
2.4433244483763423,3.154692236319418,8.324792120569624,0.4007266309639519,1.4112090845199603,1.7950756135852,0.16008716238802245
2.4433244483763423,3.154692236319418,8.324792120569624,0.4007266309639519,1.4112090845199603,1.7950756135852,0.16008716238802245
2.4076144483763424,3.265692236319417,8.364462120569623,0.17452663096395327,1.4405090845199604,1.8509256135852,0.3074871623880225
2.4076144483763424,3.380792236319417,8.364462120569623,0.011873369036045744,1.4524090845199602,1.8994456135851998,0.2342451623880225
2.3362044483763422,3.4164922363194172,8.289082120569624,0.08727336903604765,1.4578990845199602,1.9269156135852,0.2543871623880225
2.260824448376342,3.4918922363194174,8.324792120569624,0.20237336903604586,1.3874090845199603,1.9342356135852,0.2607951623880225
2.2251244483763424,3.4918922363194174,8.217672120569624,0.05157336903604559,1.3819090845199602,1.9406456135852,0.1939621623880225
2.3362044483763422,3.4918922363194174,8.178002120569623,0.011873369036045744,1.3343040845199603,1.9827656135851999,0.2543871623880225
2.4076144483763424,3.5314922363194174,8.178002120569623,0.023826630963952766,1.3169090845199602,1.9479756135851998,0.2342451623880225
2.3362044483763422,3.5314922363194174,8.217672120569624,0.13882663096395476,1.3754990845199604,1.9058556135851998,0.2406541623880225
2.4829944483763424,3.6068922363194176,8.289082120569624,0.3650266309639534,1.4166990845199603,1.8573356135852,0.2406541623880225
2.4829944483763424,3.6068922363194176,8.253382120569624,0.47602663096395403,1.4459990845199604,1.8225456135851998,0.2543871623880225
2.554404448376342,3.5314922363194174,8.324792120569624,0.737926630963953,1.4578990845199602,1.7053556135852,0.2406541623880225
2.629784448376342,3.4918922363194174,8.324792120569624,0.8886266309639534,1.4285990845199605,1.7264156135851998,0.2342451623880225
2.6654844483763425,3.456192236319417,8.289082120569624,1.154426630963954,1.3700090845199604,1.8024056135851998,0.2269211623880225
2.554404448376342,3.341092236319417,8.289082120569624,1.229826630963954,1.3050070845199604,1.8509256135852,0.2946701623880225
2.5186944483763423,3.1149922363194182,8.253382120569624,1.229826630963954,1.2876120845199603,1.8161356135851998,0.24706216238802248
2.4433244483763423,3.039592236319418,8.217672120569624,1.229826630963954,1.3050070845199604,1.7602856135851999,0.21410316238802252
2.554404448376342,3.039592236319418,8.253382120569624,1.154426630963954,1.3169090845199602,1.7117656135852,0.2406541623880225
2.4433244483763423,3.039592236319418,8.217672120569624,1.0791266309639536,1.3462090845199604,1.7264156135851998,0.21410316238802252
2.3719044483763425,3.003892236319418,8.217672120569624,1.0394266309639537,1.3526190845199602,1.7813456135852,0.2269211623880225
2.3362044483763422,2.964192236319418,8.142292120569623,1.0791266309639536,1.3462090845199604,1.8298656135851998,0.28093716238802247
2.296534448376342,3.039592236319418,8.253382120569624,1.0037266309639534,1.3114150845199604,1.8225456135851998,0.21410316238802252
2.260824448376342,2.964192236319418,8.217672120569624,0.8886266309639534,1.3224020845199602,1.7813456135852,0.2269211623880225
2.3362044483763422,3.039592236319418,8.070882120569623,0.7022266309639544,1.3407120845199603,1.7886756135851998,0.2946701623880225
2.3719044483763425,3.079292236319418,8.031212120569624,0.6268266309639543,1.3343040845199603,1.8783956135851998,0.20037016238802247
2.1894144483763425,3.2299922363194185,8.070882120569623,0.5514266309639524,1.4643090845199604,1.8710656135852,0.27452816238802247
2.078334448376342,3.2299922363194185,8.031212120569624,0.44032663096395197,1.4405090845199604,1.8298656135851998,0.24706216238802248
2.2251244483763424,3.2299922363194185,7.995502120569623,0.32532663096395353,1.4112090845199603,1.7749356135852,0.1664961623880225
2.2251244483763424,3.3053922363194186,7.959802120569623,0.4007266309639519,1.3938090845199604,1.7602856135851999,0.27452816238802247
2.260824448376342,3.341092236319417,7.995502120569623,0.6268266309639543,1.3462090845199604,1.7602856135851999,0.2543871623880225
2.260824448376342,3.341092236319417,7.995502120569623,0.777526630963953,1.3462090845199604,1.8436056135852,0.2269211623880225
2.2251244483763424,3.3053922363194186,7.995502120569623,0.8886266309639534,1.3635990845199601,1.9058556135851998,0.2607951623880225
2.260824448376342,3.2299922363194185,8.031212120569624,1.2655266309639543,1.3224020845199602,1.8371956135852,0.2607951623880225
2.296534448376342,3.3053922363194186,7.924092120569623,1.3806266309639543,1.3050070845199604,1.7886756135851998,0.2342451623880225
2.260824448376342,3.2299922363194185,7.924092120569623,1.4163266309639528,1.2757100845199605,1.7401456135851998,0.24706216238802248
2.1894144483763425,3.1149922363194182,7.848712120569623,1.4560266309639545,1.3050070845199604,1.6778956135852,0.27452816238802247
2.1140344483763425,3.039592236319418,7.888392120569623,1.6821266309639533,1.3819090845199602,1.6431056135851998,0.2342451623880225
2.1894144483763425,2.888792236319418,7.888392120569623,1.8328266309639538,1.3635990845199601,1.7190956135851998,0.27452816238802247
2.296534448376342,2.7380922363194173,7.813012120569623,1.8686266309639539,1.4166990845199603,1.7465556135851998,0.2342451623880225
2.296534448376342,2.4761922363194184,7.848712120569623,1.6821266309639533,1.3819090845199602,1.7117656135852,0.2607951623880225
2.2251244483763424,2.400892236319418,7.924092120569623,1.6424266309639535,1.3407120845199603,1.6495156135851998,0.20037016238802247
2.2251244483763424,2.325492236319418,7.813012120569623,1.6067266309639532,1.3581090845199602,1.6632456135851998,0.1939621623880225
2.1140344483763425,2.325492236319418,7.848712120569623,1.531326630963953,1.2812030845199605,1.7328256135851998,0.2342451623880225
2.078334448376342,2.250092236319418,7.848712120569623,1.3806266309639543,1.2638080845199604,1.8024056135851998,0.2543871623880225
1.9315444483763424,2.1746922363194177,7.741602120569623,1.229826630963954,1.3169090845199602,1.6843056135852,0.2607951623880225
1.9672444483763423,2.2143922363194175,7.848712120569623,1.2655266309639543,1.2995140845199602,1.6220456135852,0.2607951623880225
2.1497444483763424,2.325492236319418,7.848712120569623,1.0394266309639537,1.2812030845199605,1.6357756135852,0.2607951623880225
2.260824448376342,2.361192236319418,7.701922120569623,1.0037266309639534,1.3581090845199602,1.6843056135852,0.20037016238802247
2.1894144483763425,2.5119922363194185,7.848712120569623,0.8133266309639531,1.3462090845199604,1.8024056135851998,0.24706216238802248
2.078334448376342,2.5119922363194185,7.888392120569623,0.8529266309639532,1.4231090845199605,1.8436056135852,0.2543871623880225
1.9672444483763423,2.626992236319417,7.777302120569623,0.8133266309639531,1.4936090845199606,1.7950756135852,0.22051216238802251
2.002954448376342,2.626992236319417,7.701922120569623,0.7022266309639544,1.4112090845199603,1.7328256135851998,0.2607951623880225
2.0426244483763423,2.702392236319417,7.630512120569623,0.777526630963953,1.4166990845199603,1.6778956135852,0.2607951623880225
1.9672444483763423,2.777792236319417,7.594812120569623,0.8886266309639534,1.4112090845199603,1.6495156135851998,0.2269211623880225
1.8561644483763424,2.8530922363194176,7.594812120569623,1.0394266309639537,1.3819090845199602,1.6843056135852,0.2342451623880225
1.9672444483763423,2.777792236319417,7.630512120569623,1.0791266309639536,1.3874090845199603,1.7465556135851998,0.2607951623880225
2.002954448376342,2.777792236319417,7.483722120569623,1.1148266309639538,1.3343040845199603,1.7886756135851998,0.2406541623880225
2.0426244483763423,2.8530922363194176,7.519432120569623,1.3409266309639545,1.3462090845199604,1.7602856135851999,0.2269211623880225
2.0426244483763423,2.777792236319417,7.483722120569623,1.491726630963953,1.3754990845199604,1.6843056135852,0.22051216238802251
2.078334448376342,2.702392236319417,7.555132120569623,1.6067266309639532,1.3343040845199603,1.7190956135851998,0.2607951623880225
2.1140344483763425,2.626992236319417,7.519432120569623,1.8328266309639538,1.3938090845199604,1.7328256135851998,0.2543871623880225
2.1497444483763424,2.626992236319417,7.555132120569623,1.9439266309639542,1.3819090845199602,1.6980356135852,0.1939621623880225
2.1140344483763425,2.4761922363194184,7.594812120569623,2.170126630963953,1.2995140845199602,1.5945756135851998,0.2607951623880225
2.0426244483763423,2.400892236319418,7.555132120569623,2.205826630963953,1.2638080845199604,1.5872556135851998,0.2406541623880225
2.0426244483763423,2.285792236319418,7.519432120569623,2.3208266309639534,1.2583150845199604,1.6293656135852,0.2269211623880225
1.9672444483763423,2.2143922363194175,7.630512120569623,2.205826630963953,1.2464130845199604,1.5671156135851998,0.2269211623880225
1.9672444483763423,2.1389922363194174,7.666222120569623,2.170126630963953,1.3754990845199604,1.5387356135852,0.2406541623880225
2.002954448376342,2.1389922363194174,7.630512120569623,2.055026630963953,1.3938090845199604,1.5460556135852,0.24706216238802248
2.0426244483763423,2.2143922363194175,7.594812120569623,2.130426630963953,1.3819090845199602,1.5808456135851998,0.20677916238802252
1.9672444483763423,2.1746922363194177,7.519432120569623,1.9796266309639527,1.4166990845199603,1.5671156135851998,0.27452816238802247
1.7490444483763423,2.285792236319418,7.483722120569623,1.8328266309639538,1.3526190845199602,1.5671156135851998,0.2607951623880225
1.8204544483763425,2.250092236319418,7.483722120569623,1.6821266309639533,1.3343040845199603,1.6357756135852,0.24706216238802248
1.8204544483763425,2.325492236319418,7.336932120569623,1.5670266309639533,1.3288100845199604,1.6009856135851999,0.16008716238802245
1.7847544483763422,2.4365922363194183,7.412312120569623,1.4163266309639528,1.2757100845199605,1.6009856135851999,0.3074871623880225
1.7847544483763422,2.4761922363194184,7.372642120569623,1.3052266309639542,1.3169090845199602,1.6083156135852,0.22051216238802251
1.7490444483763423,2.4365922363194183,7.336932120569623,1.3409266309639545,1.3581090845199602,1.6357756135852,0.20677916238802252
1.6736644483763423,2.626992236319417,7.336932120569623,1.3806266309639543,1.3993090845199605,1.6357756135852,0.26720416238802247
1.7093744483763422,2.587292236319417,7.372642120569623,1.4560266309639545,1.4047990845199605,1.6147256135852,0.2543871623880225
1.7847544483763422,2.7380922363194173,7.301232120569623,1.6067266309639532,1.4047990845199605,1.5872556135851998,0.21410316238802252
1.7847544483763422,2.8134922363194175,7.301232120569623,1.7575266309639535,1.3819090845199602,1.5945756135851998,0.2873451623880225
1.8204544483763425,2.7380922363194173,7.225852120569623,1.9043266309639542,1.3407120845199603,1.6220456135852,0.20037016238802247
1.7847544483763422,2.8530922363194176,7.190142120569623,2.055026630963953,1.3462090845199604,1.6293656135852,0.22051216238802251
1.6736644483763423,2.8134922363194175,7.265522120569623,2.055026630963953,1.2757100845199605,1.6495156135851998,0.3276291623880225
1.7093744483763422,2.702392236319417,7.225852120569623,2.2811266309639535,1.2812030845199605,1.6357756135852,0.20037016238802247
1.7847544483763422,2.626992236319417,7.154442120569623,2.2811266309639535,1.3114150845199604,1.5945756135851998,0.2543871623880225
1.7490444483763423,2.5515922363194186,7.190142120569623,2.2811266309639535,1.3114150845199604,1.5185856135851998,0.2543871623880225
1.7847544483763422,2.4365922363194183,7.265522120569623,2.3565266309639537,1.3462090845199604,1.5112656135851998,0.20677916238802252
1.8561644483763424,2.285792236319418,7.225852120569623,2.431926630963954,1.3754990845199604,1.5671156135851998,0.2406541623880225
1.7490444483763423,2.1389922363194174,7.301232120569623,2.622326630963954,1.3288100845199604,1.5872556135851998,0.2543871623880225
1.8204544483763425,1.9128922363194185,7.336932120569623,2.582726630963954,1.3169090845199602,1.5671156135851998,0.20677916238802252
1.8561644483763424,1.873192236319417,7.190142120569623,2.4716266309639536,1.2812030845199605,1.5249956135851999,0.26720416238802247
1.7847544483763422,1.873192236319417,7.190142120569623,2.3962266309639535,1.2290180845199603,1.4975356135851998,0.22051216238802251
1.6736644483763423,1.8374922363194184,7.190142120569623,2.3962266309639535,1.2290180845199603,1.5524656135852,0.2269211623880225
1.6736644483763423,1.8374922363194184,7.190142120569623,2.3962266309639535,1.2290180845199603,1.5524656135852,0.2269211623880225
1.4911744483763423,1.873192236319417,7.118732120569623,2.3565266309639537,1.2290180845199603,1.6220456135852,0.2543871623880225
1.5268744483763423,1.9882922363194169,7.007652120569623,2.205826630963953,1.2464130845199604,1.6357756135852,0.21410316238802252
1.4911744483763423,2.0993922363194173,7.007652120569623,2.055026630963953,1.2812030845199605,1.5735256135851998,0.2342451623880225
1.5268744483763423,2.285792236319418,6.971942120569623,2.0193266309639544,1.3526190845199602,1.5185856135851998,0.2406541623880225
1.6022544483763423,2.250092236319418,6.971942120569623,1.8328266309639538,1.3938090845199604,1.5323256135852,0.15367916238802248
1.5625844483763422,2.325492236319418,7.043352120569623,1.8328266309639538,1.4578990845199602,1.5460556135852,0.27452816238802247
1.5625844483763422,2.285792236319418,7.007652120569623,1.6067266309639532,1.4697990845199604,1.5597856135852,0.20677916238802252
1.6022544483763423,2.361192236319418,7.118732120569623,1.6424266309639535,1.4285990845199605,1.5524656135852,0.1802291623880225
1.6379644483763423,2.400892236319418,7.118732120569623,1.531326630963953,1.3526190845199602,1.5524656135852,0.2342451623880225
1.7490444483763423,2.4365922363194183,7.043352120569623,1.531326630963953,1.2757100845199605,1.6009856135851999,0.2607951623880225
1.7093744483763422,2.5515922363194186,7.118732120569623,1.531326630963953,1.2107070845199603,1.6705656135851998,0.26720416238802247
1.6736644483763423,2.626992236319417,7.190142120569623,1.6067266309639532,1.2290180845199603,1.6147256135852,0.2873451623880225
1.8204544483763425,2.702392236319417,7.079062120569623,1.6424266309639535,1.2931050845199603,1.5872556135851998,0.2406541623880225
1.9315444483763424,2.777792236319417,7.154442120569623,1.6821266309639533,1.2876120845199603,1.6632456135851998,0.27452816238802247
1.8561644483763424,2.8530922363194176,7.079062120569623,1.8328266309639538,1.4047990845199605,1.6009856135851999,0.20677916238802252
1.7847544483763422,2.8530922363194176,7.079062120569623,1.7932266309639537,1.4816990845199602,1.5597856135852,0.20677916238802252
1.7490444483763423,2.8134922363194175,7.043352120569623,1.9796266309639527,1.4936090845199606,1.5039456135851998,0.26720416238802247
1.7490444483763423,2.702392236319417,7.007652120569623,2.130426630963953,1.4578990845199602,1.5112656135851998,0.18663716238802247
1.6736644483763423,2.587292236319417,6.860862120569623,2.130426630963953,1.3938090845199604,1.5323256135852,0.3074871623880225
1.5625844483763422,2.400892236319418,6.749772120569623,2.2811266309639535,1.3050070845199604,1.5671156135851998,0.24706216238802248
1.3800844483763424,2.400892236319418,6.860862120569623,2.4716266309639536,1.2464130845199604,1.5671156135851998,0.1664961623880225
1.4554644483763424,2.2143922363194175,6.789452120569623,2.622326630963954,1.1878190845199603,1.5671156135851998,0.3340371623880225
1.4554644483763424,2.2143922363194175,6.789452120569623,2.6580266309639544,1.1521140845199604,1.5735256135851998,0.20677916238802252
1.4157944483763423,2.0993922363194173,6.714072120569623,2.8485266309639528,1.2107070845199603,1.5735256135851998,0.20037016238802247
1.3086744483763424,2.0993922363194173,6.789452120569623,2.7731266309639544,1.2812030845199605,1.4837956135852,0.2946701623880225
1.3086744483763424,2.0635922363194172,6.749772120569623,2.6977266309639543,1.3526190845199602,1.4416866135851998,0.1738201623880225
1.4157944483763423,2.0635922363194172,6.642662120569623,2.622326630963954,1.4112090845199603,1.4700656135852,0.2406541623880225
1.2690044483763423,2.0635922363194172,6.678362120569623,2.622326630963954,1.4231090845199605,1.4837956135852,0.24706216238802248
1.1579244483763422,2.2143922363194175,6.495872120569623,2.582726630963954,1.4231090845199605,1.5112656135851998,0.20037016238802247
1.1975944483763423,2.285792236319418,6.531572120569623,2.431926630963954,1.3938090845199604,1.4764756135852,0.2406541623880225
1.1579244483763422,2.361192236319418,6.495872120569623,2.3565266309639537,1.3224020845199602,1.4902056135851998,0.22051216238802251
1.2332944483763424,2.4761922363194184,6.420492120569623,2.2811266309639535,1.2931050845199603,1.5249956135851999,0.20677916238802252
1.1975944483763423,2.587292236319417,6.420492120569623,2.2454266309639532,1.2876120845199603,1.5671156135851998,0.27452816238802247
1.0865044483763424,2.662692236319417,6.567282120569623,2.055026630963953,1.3462090845199604,1.5735256135851998,0.2543871623880225
1.1222144483763423,2.5515922363194186,6.567282120569623,1.7932266309639537,1.3874090845199603,1.6147256135852,0.24706216238802248
1.2332944483763424,2.5515922363194186,6.531572120569623,1.7575266309639535,1.4112090845199603,1.6357756135852,0.2342451623880225
1.3443844483763423,2.587292236319417,6.567282120569623,1.8328266309639538,1.3754990845199604,1.5808456135851998,0.2269211623880225
1.3086744483763424,2.662692236319417,6.602992120569623,1.8328266309639538,1.3407120845199603,1.5249956135851999,0.2607951623880225
1.3443844483763423,2.777792236319417,6.642662120569623,1.9043266309639542,1.3819090845199602,1.4764756135852,0.2406541623880225
1.4157944483763423,3.039592236319418,6.602992120569623,2.205826630963953,1.3874090845199603,1.5808456135851998,0.24706216238802248
1.4554644483763424,3.003892236319418,6.602992120569623,2.3565266309639537,1.3754990845199604,1.5323256135852,0.20037016238802247
1.4554644483763424,2.888792236319418,6.531572120569623,2.3208266309639534,1.3288100845199604,1.4902056135851998,0.28093716238802247
1.3086744483763424,2.777792236319417,6.602992120569623,2.431926630963954,1.4047990845199605,1.4975356135851998,0.2406541623880225
1.4157944483763423,2.662692236319417,6.602992120569623,2.3962266309639535,1.4285990845199605,1.5945756135851998,0.20677916238802252
1.4911744483763423,2.5119922363194185,6.678362120569623,2.5470266309639538,1.3700090845199604,1.6293656135852,0.2607951623880225
1.5625844483763422,2.5119922363194185,6.642662120569623,2.6580266309639544,1.3581090845199602,1.5249956135851999,0.2543871623880225
1.4554644483763424,2.4761922363194184,6.642662120569623,2.6977266309639543,1.3581090845199602,1.4142206135851998,0.20037016238802247
1.4554644483763424,2.361192236319418,6.749772120569623,2.6977266309639543,1.2812030845199605,1.3931636135852,0.26720416238802247
1.4554644483763424,2.361192236319418,6.749772120569623,2.6977266309639543,1.2812030845199605,1.3931636135852,0.26720416238802247
1.4157944483763423,2.0993922363194173,6.642662120569623,2.923826630963953,1.2464130845199604,1.4627436135851999,0.21410316238802252
1.3443844483763423,2.023992236319417,6.714072120569623,3.1500266309639535,1.2107070845199603,1.5039456135851998,0.2607951623880225
1.3443844483763423,1.948592236319417,6.602992120569623,3.0349266309639535,1.2702170845199605,1.5039456135851998,0.2342451623880225
1.3443844483763423,1.948592236319417,6.602992120569623,3.0349266309639535,1.2702170845199605,1.5039456135851998,0.2342451623880225
1.2332944483763424,1.9882922363194169,6.678362120569623,2.884226630963953,1.3462090845199604,1.4554186135851999,0.27452816238802247
1.2332944483763424,2.1389922363194174,6.531572120569623,2.808826630963953,1.4578990845199602,1.4490106135852,0.20037016238802247
1.3086744483763424,2.1389922363194174,6.460162120569623,2.8485266309639528,1.4285990845199605,1.4902056135851998,0.20677916238802252
1.2690044483763423,2.250092236319418,6.384782120569623,2.582726630963954,1.3581090845199602,1.5323256135852,0.24706216238802248
1.1975944483763423,2.250092236319418,6.384782120569623,2.5470266309639538,1.4405090845199604,1.4554186135851999,0.2269211623880225
1.0111344483763423,2.325492236319418,6.384782120569623,2.3565266309639537,1.3700090845199604,1.4142206135851998,0.2269211623880225
1.0865044483763424,2.400892236319418,6.349082120569623,2.3208266309639534,1.2812030845199605,1.4279536135851998,0.27452816238802247
1.0865044483763424,2.400892236319418,6.238002120569623,2.170126630963953,1.2702170845199605,1.4975356135851998,0.24706216238802248
0.9754244483763423,2.325492236319418,6.384782120569623,2.0947266309639545,1.2812030845199605,1.5597856135852,0.2607951623880225
0.9040144483763424,2.361192236319418,6.349082120569623,2.0193266309639544,1.3700090845199604,1.5945756135851998,0.2269211623880225
0.9040144483763424,2.361192236319418,6.349082120569623,2.0193266309639544,1.3700090845199604,1.5945756135851998,0.2269211623880225
1.0508044483763423,2.4365922363194183,6.313372120569623,1.9043266309639542,1.3874090845199603,1.5597856135852,0.2342451623880225
1.1975944483763423,2.5119922363194185,6.273702120569623,1.9043266309639542,1.3819090845199602,1.5524656135852,0.2607951623880225
1.1975944483763423,2.587292236319417,6.313372120569623,1.9439266309639542,1.4112090845199603,1.5387356135852,0.20677916238802252
1.0865044483763424,2.626992236319417,6.273702120569623,1.9796266309639527,1.4524090845199602,1.5597856135852,0.20037016238802247
1.1222144483763423,2.702392236319417,6.202292120569623,2.055026630963953,1.3819090845199602,1.5872556135851998,0.27452816238802247
1.1222144483763423,2.626992236319417,6.126912120569623,2.205826630963953,1.3050070845199604,1.5524656135852,0.21410316238802252
1.0508044483763423,2.662692236319417,6.091212120569623,2.2811266309639535,1.2757100845199605,1.5387356135852,0.26720416238802247
1.0111344483763423,2.626992236319417,6.166582120569623,2.3208266309639534,1.3114150845199604,1.4975356135851998,0.2269211623880225
0.9754244483763423,2.5515922363194186,6.202292120569623,2.3208266309639534,1.3581090845199602,1.5039456135851998,0.20677916238802252
1.0865044483763424,2.4761922363194184,6.238002120569623,2.3565266309639537,1.3754990845199604,1.5185856135851998,0.2607951623880225
1.2690044483763423,2.285792236319418,6.313372120569623,2.507326630963954,1.4231090845199605,1.4902056135851998,0.22051216238802251
1.3800844483763424,2.325492236319418,6.349082120569623,2.7334266309639528,1.4285990845199605,1.4627436135851999,0.1939621623880225
1.3443844483763423,2.285792236319418,6.349082120569623,2.7334266309639528,1.3462090845199604,1.4554186135851999,0.2873451623880225
1.2332944483763424,2.1746922363194177,6.384782120569623,2.959626630963953,1.3224020845199602,1.4279536135851998,0.20037016238802247
1.2332944483763424,2.2143922363194175,6.273702120569623,3.1103266309639537,1.2345110845199603,1.4078116135852,0.2543871623880225
1.1975944483763423,2.1746922363194177,6.238002120569623,3.4118266309639544,1.1347190845199604,1.3656976135852,0.26720416238802247
1.1222144483763423,2.250092236319418,6.202292120569623,3.598326630963953,1.1466210845199605,1.3730216135851998,0.2406541623880225
1.0865044483763424,2.325492236319418,6.091212120569623,3.598326630963953,1.1640160845199605,1.4352776135852,0.28093716238802247
1.0508044483763423,2.361192236319418,5.984092120569623,3.562626630963953,1.2702170845199605,1.4490106135852,0.18663716238802247
1.1222144483763423,2.285792236319418,5.984092120569623,3.3722266309639544,1.3288100845199604,1.4004876135851998,0.22051216238802251
1.0865044483763424,2.250092236319418,5.984092120569623,3.261126630963954,1.3754990845199604,1.3171746135851998,0.2543871623880225
1.0865044483763424,2.285792236319418,5.873002120569623,3.0349266309639535,1.4405090845199604,1.3519646135851997,0.1664961623880225
1.0111344483763423,2.2143922363194175,5.837302120569623,3.0746266309639534,1.4112090845199603,1.4215446135852,0.2873451623880225
0.9040144483763424,2.1746922363194177,5.761922120569623,2.884226630963953,1.3288100845199604,1.4279536135851998,0.27452816238802247
0.8643444483763423,2.0635922363194172,5.579432120569623,2.7731266309639544,1.2931050845199603,1.3382316135851997,0.20037016238802247
0.6818454483763423,2.0635922363194172,5.543722120569623,2.6580266309639544,1.2107070845199603,1.2961176135851997,0.2543871623880225
0.6818454483763423,2.1389922363194174,5.543722120569623,2.582726630963954,1.1933120845199605,1.3519646135851997,0.2543871623880225
0.7572244483763422,2.361192236319418,5.285852120569623,2.431926630963954,1.3224020845199602,1.6357756135852,0.2607951623880225
0.6104344483763422,2.400892236319418,5.432642120569623,2.3962266309639535,1.4166990845199603,1.5387356135852,0.22051216238802251
0.6461404483763422,2.400892236319418,5.285852120569623,2.2811266309639535,1.5109990845199603,1.3931636135852,0.2269211623880225
0.7175514483763423,2.4761922363194184,5.285852120569623,2.2454266309639532,1.5228990845199601,1.3244986135851997,0.21410316238802252
0.7929294483763423,2.5515922363194186,5.285852120569623,2.431926630963954,1.5055090845199603,1.3519646135851997,0.21410316238802252
0.7929294483763423,2.587292236319417,5.250142120569623,2.507326630963954,1.4524090845199602,1.4490106135852,0.2342451623880225
0.7175514483763423,2.626992236319417,5.139062120569624,2.6580266309639544,1.3754990845199604,1.4490106135852,0.2269211623880225
0.7175514483763423,2.626992236319417,5.139062120569624,2.6580266309639544,1.3754990845199604,1.4490106135852,0.2269211623880225
0.7929294483763423,2.702392236319417,5.250142120569623,2.808826630963953,1.2052140845199604,1.3592886135851998,0.2269211623880225
0.7929294483763423,2.702392236319417,5.250142120569623,2.808826630963953,1.2052140845199604,1.3592886135851998,0.2269211623880225
0.9040144483763424,2.4365922363194183,5.321552120569623,2.884226630963953,1.2638080845199604,1.4004876135851998,0.26720416238802247
1.0508044483763423,2.5119922363194185,5.396932120569623,2.7731266309639544,1.3581090845199602,1.4700656135852,0.21410316238802252
1.1975944483763423,2.325492236319418,5.5080121205696235,2.9992266309639533,1.4047990845199605,1.4700656135852,0.2269211623880225
1.1975944483763423,1.948592236319417,5.432642120569623,3.1103266309639537,1.4578990845199602,1.3382316135851997,0.1939621623880225
1.1222144483763423,1.9882922363194169,5.543722120569623,3.185726630963954,1.3526190845199602,1.2759756135851998,0.2406541623880225
1.0865044483763424,2.023992236319417,5.5080121205696235,3.4118266309639544,1.3526190845199602,1.2823846135851997,0.2607951623880225
1.0865044483763424,2.023992236319417,5.5080121205696235,3.4118266309639544,1.3526190845199602,1.2823846135851997,0.2607951623880225
1.1975944483763423,2.1389922363194174,5.396932120569623,3.598326630963953,1.2812030845199605,1.3446406135851998,0.18663716238802247
1.1975944483763423,1.9128922363194185,5.396932120569623,3.8641266309639537,1.2400040845199602,1.2961176135851997,0.20677916238802252
1.0865044483763424,1.7620922363194182,5.321552120569623,3.899826630963954,1.2171160845199602,1.2961176135851997,0.20677916238802252
1.0865044483763424,1.647092236319418,5.285852120569623,4.090226630963954,1.2290180845199603,1.3382316135851997,0.26720416238802247
1.0865044483763424,1.647092236319418,5.285852120569623,4.090226630963954,1.2290180845199603,1.3382316135851997,0.26720416238802247
1.0508044483763423,1.4605922363194175,5.361222120569623,4.050626630963954,1.3462090845199604,1.3107656135851997,0.1802291623880225
1.1222144483763423,1.4208922363194176,5.396932120569623,3.975226630963954,1.4047990845199605,1.2063956135851999,0.24706216238802248
1.1975944483763423,1.4962922363194178,5.321552120569623,3.824426630963954,1.4112090845199603,1.1441396135851998,0.2342451623880225
1.1975944483763423,1.571692236319418,5.396932120569623,3.7887266309639536,1.4112090845199603,1.1441396135851998,0.20037016238802247
1.2332944483763424,1.571692236319418,5.321552120569623,3.638026630963953,1.3581090845199602,1.1926626135851999,0.2269211623880225
1.1222144483763423,1.6113922363194177,5.285852120569623,3.598326630963953,1.3169090845199602,1.2411856135851997,0.20677916238802252
1.1222144483763423,1.6113922363194177,5.285852120569623,3.598326630963953,1.3169090845199602,1.2411856135851997,0.20677916238802252
1.0111344483763423,1.5359922363194176,5.285852120569623,3.3722266309639544,1.2757100845199605,1.2686516135851997,0.22051216238802251
1.1975944483763423,1.4605922363194175,5.139062120569624,3.185726630963954,1.2400040845199602,1.3244986135851997,0.2269211623880225
1.2332944483763424,1.571692236319418,5.0319421205696235,3.1103266309639537,1.1878190845199603,1.4352776135852,0.2342451623880225
1.1222144483763423,1.6113922363194177,5.103352120569624,3.2254266309639537,1.2583150845199604,1.5249956135851999,0.2269211623880225
0.9754244483763423,1.6867922363194179,5.139062120569624,3.0349266309639535,1.2876120845199603,1.4837956135852,0.22051216238802251
0.9397144483763424,1.6867922363194179,5.103352120569624,2.923826630963953,1.3169090845199602,1.3519646135851997,0.22051216238802251
1.1579244483763422,1.9128922363194185,5.139062120569624,2.959626630963953,1.3938090845199604,1.1999866135851998,0.1802291623880225
1.2332944483763424,1.7224922363194182,4.992272120569623,3.1103266309639537,1.4231090845199605,1.2897086135851998,0.2269211623880225
1.0508044483763423,1.7224922363194182,5.139062120569624,3.1103266309639537,1.4166990845199603,1.3931636135852,0.2269211623880225
1.0111344483763423,1.647092236319418,5.103352120569624,3.1103266309639537,1.4166990845199603,1.3656976135852,0.1738201623880225
0.9754244483763423,1.6867922363194179,4.9565621205696235,2.959626630963953,1.3819090845199602,1.2759756135851998,0.2543871623880225
0.9754244483763423,1.6867922363194179,4.9565621205696235,2.959626630963953,1.3819090845199602,1.2759756135851998,0.2543871623880225
0.9754244483763423,1.571692236319418,5.103352120569624,2.9992266309639533,1.3224020845199602,1.2897086135851998,0.21410316238802252
1.0508044483763423,1.4962922363194178,4.9565621205696235,3.0746266309639534,1.3754990845199604,1.3794306135852,0.20037016238802247
1.0111344483763423,1.4208922363194176,4.885152120569623,3.2254266309639537,1.3700090845199604,1.5039456135851998,0.24706216238802248
0.8643444483763423,1.2701922363194171,4.920862120569623,3.3364266309639543,1.3526190845199602,1.4627436135851999,0.1802291623880225
0.9397144483763424,1.1590922363194185,4.845482120569623,3.2968266309639542,1.3581090845199602,1.3107656135851997,0.2342451623880225
0.7929294483763423,1.2344922363194168,4.9565621205696235,3.522926630963953,1.3050070845199604,1.1926626135851999,0.18663716238802247
0.9040144483763424,1.1193922363194169,4.702662120569623,3.8641266309639537,1.3407120845199603,1.3034416135851998,0.2607951623880225
0.8643444483763423,1.1193922363194169,4.702662120569623,4.050626630963954,1.3050070845199604,1.4215446135852,0.21410316238802252
0.6461404483763422,0.9329922363194179,4.738362120569623,4.201326630963953,1.3169090845199602,1.3382316135851997,0.20677916238802252
0.7175514483763423,0.7822022363194172,4.662982120569623,4.391726630963953,1.2995140845199602,1.1853386135851998,0.22051216238802251
0.7929294483763423,0.893292236319418,4.662982120569623,4.502826630963954,1.2519060845199603,1.1093496135852,0.20677916238802252
0.7572244483763422,1.0440922363194183,4.662982120569623,4.764726630963954,1.2400040845199602,1.1368156135852,0.2269211623880225
0.8286344483763424,0.9686922363194181,4.662982120569623,4.8043266309639545,1.3343040845199603,1.2549186135851997,0.21410316238802252
0.8286344483763424,0.9686922363194181,4.662982120569623,4.8043266309639545,1.3343040845199603,1.2549186135851997,0.21410316238802252
0.9397144483763424,0.9686922363194181,4.845482120569623,4.915426630963953,1.2995140845199602,1.3034416135851998,0.18663716238802247
0.9754244483763423,0.7822022363194172,4.885152120569623,4.879726630963953,1.2812030845199605,1.2063956135851999,0.2269211623880225
1.1222144483763423,0.7068322363194177,4.662982120569623,4.689326630963954,1.2464130845199604,1.0470936135851998,0.20677916238802252
1.0111344483763423,0.6711222363194178,4.885152120569623,4.578226630963954,1.1521140845199604,1.0123036135851997,0.1939621623880225
1.1222144483763423,0.7068322363194177,4.9565621205696235,4.4671266309639535,1.3050070845199604,1.1304066135851998,0.24706216238802248
1.2690044483763423,0.7068322363194177,4.920862120569623,4.391726630963953,1.3407120845199603,1.3656976135852,0.20037016238802247
1.1222144483763423,0.7465022363194169,5.103352120569624,4.276726630963953,1.2290180845199603,1.3867546135851998,0.20677916238802252
1.1222144483763423,0.7465022363194169,4.992272120569623,4.1656266309639545,1.2519060845199603,1.1999866135851998,0.27452816238802247
1.1579244483763422,0.5560722363194177,4.920862120569623,3.899826630963954,1.2519060845199603,1.0818836135852,0.22051216238802251
1.1579244483763422,0.6711222363194178,5.103352120569624,3.7490266309639537,1.1988060845199604,1.1166736135851998,0.2342451623880225
1.1975944483763423,0.7465022363194169,4.920862120569623,3.899826630963954,1.3526190845199602,1.2549186135851997,0.20037016238802247
1.1579244483763422,0.8575922363194177,4.992272120569623,3.899826630963954,1.3635990845199601,1.4554186135851999,0.20037016238802247
1.0865044483763424,0.7465022363194169,4.992272120569623,3.899826630963954,1.3462090845199604,1.3794306135852,0.21410316238802252
0.9040144483763424,0.6711222363194178,4.920862120569623,3.6737266309639534,1.3407120845199603,1.1789296135851999,0.18663716238802247
0.9397144483763424,0.5560722363194177,4.9565621205696235,3.562626630963953,1.2583150845199604,1.0818836135852,0.21410316238802252
0.9397144483763424,0.7068322363194177,4.809772120569623,3.638026630963953,1.2464130845199604,1.1789296135851999,0.20677916238802252
0.9754244483763423,0.8179122363194171,4.885152120569623,3.7490266309639537,1.3343040845199603,1.3244986135851997,0.2269211623880225
0.9397144483763424,0.7068322363194177,4.885152120569623,3.7887266309639536,1.3526190845199602,1.4215446135852,0.2342451623880225
0.8643444483763423,0.6711222363194178,4.845482120569623,3.7490266309639537,1.3407120845199603,1.3382316135851997,0.2269211623880225
0.8643444483763423,0.5203622363194178,4.920862120569623,3.7133266309639534,1.3224020845199602,1.1578726135851998,0.18663716238802247
0.9754244483763423,0.5957422363194169,4.885152120569623,3.824426630963954,1.2995140845199602,1.0608266135851998,0.2342451623880225
1.1222144483763423,0.6711222363194178,4.774072120569623,3.899826630963954,1.2519060845199603,1.2137196135851998,0.1939621623880225
0.9397144483763424,0.7068322363194177,4.738362120569623,4.125926630963953,1.2995140845199602,1.3656976135852,0.2406541623880225
0.7929294483763423,0.7465022363194169,4.845482120569623,4.201326630963953,1.3526190845199602,1.3867546135851998,0.26720416238802247
0.9754244483763423,0.6711222363194178,4.920862120569623,4.1656266309639545,1.3462090845199604,1.3034416135851998,0.1802291623880225
1.0508044483763423,0.6314522363194186,4.920862120569623,4.241026630963953,1.3343040845199603,1.1716056135851998,0.21410316238802252
1.1579244483763422,0.7068322363194177,4.920862120569623,4.391726630963953,1.2519060845199603,1.1166736135851998,0.21410316238802252
1.1579244483763422,0.9686922363194181,4.920862120569623,4.578226630963954,1.1878190845199603,1.1853386135851998,0.20677916238802252
1.2332944483763424,1.0440922363194183,4.885152120569623,4.689326630963954,1.2638080845199604,1.2063956135851999,0.2543871623880225
1.1222144483763423,0.9686922363194181,4.9565621205696235,4.764726630963954,1.2290180845199603,1.2274526135851997,0.2342451623880225
0.9754244483763423,0.7822022363194172,5.103352120569624,4.764726630963954,1.1933120845199605,1.1304066135851998,0.20677916238802252
1.1222144483763423,0.8575922363194177,4.885152120569623,4.915426630963953,1.1759170845199605,1.1716056135851998,0.1802291623880225
1.1975944483763423,0.893292236319418,4.774072120569623,5.030526630963953,1.1814110845199604,1.1651966135851999,0.24706216238802248
1.1975944483763423,0.893292236319418,4.774072120569623,5.030526630963953,1.1814110845199604,1.1651966135851999,0.24706216238802248
1.0508044483763423,0.8179122363194171,4.702662120569623,4.990826630963953,1.2519060845199603,1.1789296135851999,0.2607951623880225
0.7175514483763423,0.7465022363194169,4.738362120569623,4.955126630963953,1.2931050845199603,1.2063956135851999,0.1802291623880225
0.7929294483763423,0.7068322363194177,4.591572120569623,4.915426630963953,1.3462090845199604,1.1651966135851999,0.2406541623880225
1.0111344483763423,0.6314522363194186,4.262292120569623,4.915426630963953,1.2345110845199603,1.1578726135851998,0.21410316238802252
0.7929294483763423,0.5560722363194177,4.262292120569623,4.578226630963954,1.2876120845199603,1.1166736135851998,0.2607951623880225
0.7929294483763423,0.5560722363194177,4.262292120569623,4.578226630963954,1.2876120845199603,1.1166736135851998,0.2607951623880225
0.8286344483763424,0.4053122363194177,4.4804921205696235,4.241026630963953,1.4350090845199603,1.1999866135851998,0.22051216238802251
0.8643444483763423,0.5203622363194178,4.333702120569623,4.1656266309639545,1.4047990845199605,1.3107656135851997,0.2342451623880225
0.9397144483763424,0.5203622363194178,4.262292120569623,4.090226630963954,1.3288100845199604,1.2622426135851998,0.20677916238802252
0.8286344483763424,0.4806922363194186,4.333702120569623,4.050626630963954,1.2464130845199604,1.2137196135851998,0.2269211623880225
0.7175514483763423,0.3696122363194174,4.627282120569623,3.899826630963954,1.2638080845199604,1.1789296135851999,0.2406541623880225
0.8643444483763423,0.4053122363194177,4.369402120569624,3.8641266309639537,1.3581090845199602,1.1789296135851999,0.22051216238802251
0.7929294483763423,0.5560722363194177,4.4804921205696235,3.824426630963954,1.2464130845199604,1.2686516135851997,0.22051216238802251
0.8286344483763424,0.8179122363194171,4.516192120569623,4.014926630963954,1.2583150845199604,1.2338616135851999,0.20037016238802247
0.7929294483763423,0.7822022363194172,4.369402120569624,3.975226630963954,1.1933120845199605,1.2622426135851998,0.2342451623880225
0.7572244483763422,0.7068322363194177,4.444782120569624,3.939526630963954,1.3169090845199602,1.1789296135851999,0.20677916238802252
0.7929294483763423,0.8179122363194171,4.4804921205696235,3.899826630963954,1.3224020845199602,1.2622426135851998,0.20037016238802247
0.8643444483763423,0.8179122363194171,4.333702120569623,4.014926630963954,1.4047990845199605,1.2823846135851997,0.20677916238802252
0.8643444483763423,0.8179122363194171,4.333702120569623,4.014926630963954,1.4047990845199605,1.2823846135851997,0.20677916238802252
0.9397144483763424,0.893292236319418,4.409082120569623,3.975226630963954,1.4047990845199605,1.2411856135851997,0.20037016238802247
0.9397144483763424,0.7465022363194169,4.369402120569624,3.899826630963954,1.3938090845199604,1.1999866135851998,0.21410316238802252
0.8286344483763424,0.5957422363194169,4.297992120569623,3.939526630963954,1.4405090845199604,1.1166736135851998,0.20037016238802247
0.6818454483763423,0.6711222363194178,4.409082120569623,3.975226630963954,1.3938090845199604,1.1368156135852,0.20677916238802252
0.7572244483763422,0.7465022363194169,4.262292120569623,4.050626630963954,1.3114150845199604,1.2063956135851999,0.21410316238802252
0.7175514483763423,0.6711222363194178,4.079792120569623,4.050626630963954,1.2464130845199604,1.2759756135851998,0.1802291623880225
0.7175514483763423,0.6314522363194186,3.9687121205696236,4.014926630963954,1.1988060845199604,1.2549186135851997,0.2543871623880225
0.6104344483763422,0.7068322363194177,3.8933321205696236,4.241026630963953,1.1933120845199605,1.2201286135851999,0.18663716238802247
0.3882664483763422,0.6314522363194186,3.8933321205696236,4.316426630963953,1.1933120845199605,1.2411856135851997,0.20677916238802252
0.31685544837634233,0.6314522363194186,3.8219221205696234,4.391726630963953,1.3114150845199604,1.2759756135851998,0.2342451623880225
0.27718244837634226,0.7068322363194177,3.8576221205696237,4.502826630963954,1.4350090845199603,1.2411856135851997,0.1738201623880225
0.3882664483763422,0.7068322363194177,3.9330021205696237,4.502826630963954,1.4231090845199605,1.1716056135851998,0.1664961623880225
0.4993504483763423,0.8179122363194171,3.8219221205696234,4.8043266309639545,1.3581090845199602,1.0956166135852,0.2406541623880225
0.6104344483763422,0.7822022363194172,3.7505121205696232,4.8043266309639545,1.3050070845199604,1.0608266135851998,0.20037016238802247
0.4636454483763423,0.7465022363194169,3.7108321205696235,4.915426630963953,1.2638080845199604,1.0745596135851998,0.20037016238802247
0.27718244837634226,0.5957422363194169,3.8933321205696236,5.030526630963953,1.2638080845199604,1.1093496135852,0.2543871623880225
0.3882664483763422,0.5203622363194178,3.7862121205696235,5.256626630963954,1.2400040845199602,1.1230826135852,0.1939621623880225
0.4993504483763423,0.5560722363194177,3.7505121205696232,5.256626630963954,1.1521140845199604,1.1304066135851998,0.24706216238802248
0.5707614483763424,0.5560722363194177,3.6751321205696232,5.332026630963954,1.1466210845199605,1.0608266135851998,0.21410316238802252
0.4636454483763423,0.4449822363194169,3.7108321205696235,5.292326630963954,1.1933120845199605,1.0470936135851998,0.22051216238802251
0.4636454483763423,0.2545622363194173,3.6394221205696233,5.256626630963954,1.2995140845199602,1.0818836135852,0.22051216238802251
0.4636454483763423,0.2545622363194173,3.603722120569623,5.256626630963954,1.3407120845199603,1.0956166135852,0.1939621623880225
0.5707614483763424,0.2942322363194183,3.6394221205696233,5.256626630963954,1.3526190845199602,1.0681506135852,0.22051216238802251
0.6104344483763422,0.21885223631941741,3.528342120569623,5.256626630963954,1.3819090845199602,1.0123036135851997,0.24706216238802248
0.5350564483763423,0.06809223631941741,3.603722120569623,5.141626630963954,1.3874090845199603,1.0333606135851998,0.22051216238802251
0.5350564483763423,0.007287763680581705,3.6394221205696233,5.066226630963953,1.3700090845199604,1.0470936135851998,0.2543871623880225
0.5350564483763423,0.08265776368058297,3.603722120569623,4.955126630963953,1.2931050845199603,1.1166736135851998,0.2269211623880225
0.42397244837634224,0.1580377636805821,3.4569321205696233,4.764726630963954,1.2290180845199603,1.1789296135851999,0.1939621623880225
0.31685544837634233,0.1580377636805821,3.7108321205696235,4.689326630963954,1.1576070845199604,1.1789296135851999,0.2607951623880225
0.42397244837634224,0.2730877636805822,3.603722120569623,4.653626630963954,1.2171160845199602,1.1304066135851998,0.2269211623880225
0.5350564483763423,0.23341776368058298,3.492632120569623,4.391726630963953,1.1933120845199605,1.1716056135851998,0.2342451623880225
0.35256144837634223,0.23341776368058298,3.6751321205696232,4.502826630963954,1.1402120845199604,1.1514636135851999,0.2607951623880225
0.4993504483763423,0.384177763680583,3.603722120569623,4.502826630963954,1.3407120845199603,1.1651966135851999,0.21410316238802252
0.6461404483763422,0.384177763680583,3.6751321205696232,4.542526630963954,1.3581090845199602,1.1514636135851999,0.20037016238802247
0.6461404483763422,0.23341776368058298,3.6751321205696232,4.617926630963954,1.4112090845199603,1.1166736135851998,0.21410316238802252
0.7572244483763422,0.3087977636805821,3.603722120569623,4.653626630963954,1.3700090845199604,1.1304066135851998,0.2342451623880225
0.7572244483763422,0.3087977636805821,3.603722120569623,4.653626630963954,1.3700090845199604,1.1304066135851998,0.2342451623880225
0.6104344483763422,0.23341776368058298,3.5640421205696233,4.764726630963954,1.3635990845199601,1.1029406135851998,0.24706216238802248
0.6461404483763422,0.23341776368058298,3.3815521205696233,4.840026630963953,1.2519060845199603,1.1441396135851998,0.2342451623880225
0.4636454483763423,0.1223377636805818,3.492632120569623,4.990826630963953,1.2464130845199604,1.1304066135851998,0.2269211623880225
0.35256144837634223,0.1223377636805818,3.3101421205696235,4.990826630963953,1.2519060845199603,1.0882926135851998,0.2406541623880225
0.42397244837634224,0.08265776368058297,3.3101421205696235,4.879726630963953,1.2345110845199603,1.1230826135852,0.24706216238802248
0.3882664483763422,0.08265776368058297,3.1633521205696233,4.879726630963953,1.2464130845199604,1.1651966135851999,0.20037016238802247
0.17006644837634227,0.1977177636805827,3.1276421205696234,4.879726630963953,1.2995140845199602,1.1789296135851999,0.2406541623880225
0.023276448376342268,0.04695776368058269,3.1633521205696233,4.915426630963953,1.3462090845199604,1.1651966135851999,0.21410316238802252
0.058982448376342256,0.04695776368058269,3.0879721205696233,4.840026630963953,1.4231090845199605,1.2063956135851999,0.20677916238802252
0.058982448376342256,0.04695776368058269,3.0879721205696233,4.840026630963953,1.4231090845199605,1.2063956135851999,0.20677916238802252
0.20577144837634226,0.06809223631941741,2.9808521205696232,4.8043266309639545,1.4166990845199603,1.2063956135851999,0.2342451623880225
0.17006644837634227,0.1791822363194182,3.1633521205696233,4.915426630963953,1.3288100845199604,1.0956166135852,0.1939621623880225
0.0946874483763423,0.2545622363194173,2.9808521205696232,4.915426630963953,1.3343040845199603,1.0058946135851998,0.2269211623880225
0.0946874483763423,0.2545622363194173,2.941182120569623,4.915426630963953,1.3114150845199604,1.0333606135851998,0.2342451623880225
0.0946874483763423,0.21885223631941741,2.9808521205696232,4.990826630963953,1.2345110845199603,1.1166736135851998,0.21410316238802252
0.17006644837634227,0.1434722363194183,2.941182120569623,5.141626630963954,1.2464130845199604,1.1514636135851999,0.2406541623880225
0.24147744837634227,0.21885223631941741,2.9054821205696233,5.105926630963953,1.2638080845199604,1.1651966135851999,0.21410316238802252
0.31685544837634233,0.1791822363194182,2.9808521205696232,5.141626630963954,1.2583150845199604,1.1304066135851998,0.15367916238802248
0.31685544837634233,0.1434722363194183,2.8697721205696234,5.066226630963953,1.3581090845199602,1.0681506135852,0.2269211623880225
0.35256144837634223,0.21885223631941741,2.9808521205696232,5.030526630963953,1.3938090845199604,1.0818836135852,0.2269211623880225
0.31685544837634233,0.2545622363194173,2.9808521205696232,5.292326630963954,1.4643090845199604,1.0260366135851997,0.1664961623880225
0.3882664483763422,0.2942322363194183,2.941182120569623,5.292326630963954,1.4871990845199603,0.9921626135851997,0.22051216238802251
0.3882664483763422,0.1791822363194182,2.9808521205696232,5.292326630963954,1.3938090845199604,0.9921626135851997,0.22051216238802251
0.3882664483763422,0.10380223631941732,2.9054821205696233,5.407426630963954,1.3050070845199604,0.9775136135851998,0.18663716238802247
0.31685544837634233,0.2545622363194173,2.722982120569623,5.5185266309639545,1.2464130845199604,0.9637806135851998,0.2342451623880225
0.0946874483763423,0.4053122363194177,2.9808521205696232,5.593826630963953,1.1695090845199605,1.0608266135851998,0.1802291623880225
0.20577144837634226,0.2942322363194183,2.941182120569623,5.5185266309639545,1.2290180845199603,1.1441396135851998,0.1802291623880225
0.31685544837634233,0.4053122363194177,2.722982120569623,5.367726630963954,1.2226090845199602,1.1853386135851998,0.2342451623880225
0.20577144837634226,0.5203622363194178,2.834062120569623,5.407426630963954,1.1695090845199605,1.0818836135852,0.1802291623880225
0.20577144837634226,0.4053122363194177,2.722982120569623,5.407426630963954,1.2519060845199603,0.9985706135851997,0.2406541623880225
0.20577144837634226,0.1434722363194183,2.6872771205696235,5.216926630963954,1.4047990845199605,1.0260366135851997,0.22051216238802251
0.058982448376342256,0.08265776368058297,2.7586921205696235,5.105926630963953,1.4762090845199602,1.0544176135852,0.1738201623880225
0.058982448376342256,0.08265776368058297,2.7586921205696235,5.105926630963953,1.4762090845199602,1.0544176135852,0.1738201623880225
0.058982448376342256,0.1223377636805818,2.6872771205696235,5.216926630963954,1.5109990845199603,1.0260366135851997,0.2269211623880225
0.17006644837634227,0.1223377636805818,2.6118981205696232,5.141626630963954,1.4524090845199602,1.0196276135851998,0.1738201623880225
0.31685544837634233,0.23341776368058298,2.576193120569623,5.181226630963954,1.3819090845199602,1.0123036135851997,0.1802291623880225
0.20577144837634226,0.2730877636805822,2.576193120569623,5.030526630963953,1.3754990845199604,1.0260366135851997,0.2269211623880225
0.0946874483763423,0.3087977636805821,2.5404871205696233,4.955126630963953,1.3462090845199604,1.1166736135851998,0.1939621623880225
0.08780755162365772,0.3087977636805821,2.5047821205696232,4.840026630963953,1.2876120845199603,1.2274526135851997,0.2342451623880225
0.08780755162365772,0.4992277636805831,2.4294031205696234,4.840026630963953,1.2757100845199605,1.2338616135851999,0.2342451623880225
0.016396551623657718,0.4238477636805822,2.246908120569623,4.8043266309639545,1.2400040845199602,1.1651966135851999,0.1939621623880225
0.38138655162365775,0.6499877636805831,2.2112021205696233,4.729026630963954,1.3462090845199604,0.9573726135851999,0.22051216238802251
0.38138655162365775,0.6103077636805825,2.4294031205696234,4.729026630963954,1.4762090845199602,0.9775136135851998,0.20037016238802247
0.16318595162365773,0.5746077636805822,2.2826141205696233,4.729026630963954,1.5283990845199602,1.1166736135851998,0.20037016238802247
0.08780755162365772,0.4992277636805831,2.5404871205696233,4.840026630963953,1.4762090845199602,1.1651966135851999,0.22051216238802251
0.023276448376342268,0.4595577636805821,2.3936981205696233,4.879726630963953,1.3938090845199604,1.1304066135851998,0.2269211623880225
0.08780755162365772,0.5349277636805816,2.175497120569623,4.8043266309639545,1.2931050845199603,1.1304066135851998,0.20677916238802252
0.05210155162365773,0.5746077636805822,2.3222861205696232,4.879726630963953,1.1988060845199604,1.1514636135851999,0.20037016238802247
0.023276448376342268,0.7967777636805824,2.246908120569623,5.030526630963953,1.1878190845199603,1.1441396135851998,0.26720416238802247
0.023276448376342268,0.7967777636805824,2.246908120569623,5.030526630963953,1.1878190845199603,1.1441396135851998,0.26720416238802247
0.023276448376342268,0.7967777636805824,2.246908120569623,5.030526630963953,1.1878190845199603,1.1441396135851998,0.26720416238802247
0.13039344837634226,0.6499877636805831,2.3222861205696232,5.407426630963954,1.2931050845199603,1.1029406135851998,0.18663716238802247
0.13039344837634226,0.6499877636805831,2.3222861205696232,5.407426630963954,1.2931050845199603,1.1029406135851998,0.18663716238802247
0.13039344837634226,0.6499877636805831,2.3222861205696232,5.407426630963954,1.2931050845199603,1.1029406135851998,0.18663716238802247
0.5350564483763423,0.9475277636805828,2.465109120569623,5.633526630963953,1.4405090845199604,1.1853386135851998,0.1664961623880225
0.4636454483763423,0.9118277636805825,2.357992120569623,5.708926630963953,1.3700090845199604,1.1853386135851998,0.2342451623880225
0.31685544837634233,0.8364477636805816,2.357992120569623,5.708926630963953,1.2638080845199604,1.0260366135851997,0.1939621623880225
0.31685544837634233,0.7967777636805824,2.4294031205696234,5.708926630963953,1.2400040845199602,0.9015246135851998,0.1802291623880225
0.35256144837634223,0.8364477636805816,2.2826141205696233,5.593826630963953,1.2464130845199604,0.9152576135851997,0.2342451623880225
0.20577144837634226,0.5746077636805822,2.357992120569623,5.633526630963953,1.2171160845199602,1.0470936135851998,0.1939621623880225
0.0946874483763423,0.6103077636805825,2.4294031205696234,5.669226630963953,1.2290180845199603,1.0882926135851998,0.2406541623880225
0.31685544837634233,0.5349277636805816,2.357992120569623,5.5185266309639545,1.2583150845199604,1.0681506135852,0.24706216238802248
0.42397244837634224,0.6499877636805831,2.2826141205696233,5.367726630963954,1.3407120845199603,1.0260366135851997,0.1802291623880225
0.42397244837634224,0.6856877636805816,2.4294031205696234,5.292326630963954,1.3462090845199604,1.0123036135851997,0.2269211623880225
0.35256144837634223,0.7967777636805824,2.5047821205696232,5.181226630963954,1.3938090845199604,1.0260366135851997,0.1738201623880225
0.3882664483763422,0.5746077636805822,2.5047821205696232,5.256626630963954,1.4762090845199602,1.0818836135852,0.18663716238802247
0.5350564483763423,0.4238477636805822,2.357992120569623,5.292326630963954,1.4166990845199603,1.1230826135852,0.1939621623880225
0.5350564483763423,0.4595577636805821,2.3936981205696233,5.407426630963954,1.2931050845199603,1.0397696135851997,0.1939621623880225
0.35256144837634223,0.4595577636805821,2.357992120569623,5.332026630963954,1.2995140845199602,0.9289906135851997,0.2406541623880225
0.20577144837634226,0.4595577636805821,2.2826141205696233,5.332026630963954,1.2464130845199604,0.9500476135851998,0.20037016238802247
0.13039344837634226,0.6103077636805825,2.0287071205696234,5.407426630963954,1.2107070845199603,1.0544176135852,0.1939621623880225
0.08780755162365772,0.4595577636805821,2.135824120569623,5.593826630963953,1.2290180845199603,1.1716056135851998,0.18663716238802247
0.05210155162365773,0.5746077636805822,1.9890341205696234,5.708926630963953,1.3819090845199602,1.1166736135851998,0.15367916238802248
0.05210155162365773,0.5349277636805816,2.0287071205696234,5.633526630963953,1.3526190845199602,1.0397696135851997,0.22051216238802251
0.19889152162365772,0.6499877636805831,2.135824120569623,5.669226630963953,1.3700090845199604,0.9225816135851999,0.18663716238802247
0.19889152162365772,0.6499877636805831,2.135824120569623,5.669226630963953,1.3700090845199604,0.9225816135851999,0.18663716238802247
0.08780755162365772,0.5746077636805822,1.9533291205696233,5.8200266309639535,1.3874090845199603,0.8667346135851999,0.21410316238802252
0.08780755162365772,0.6856877636805816,1.9176231205696233,6.006426630963954,1.2995140845199602,0.9289906135851997,0.20677916238802252
0.23459705162365774,0.6499877636805831,1.9176231205696233,6.121526630963954,1.2995140845199602,0.9775136135851998,0.18663716238802247
0.3456815516236577,0.6103077636805825,1.8065395205696233,6.006426630963954,1.2757100845199605,1.0196276135851998,0.21410316238802252
0.4170925516236577,0.7253577636805826,1.7708339205696233,6.006426630963954,1.2519060845199603,1.0260366135851997,0.16008716238802245
0.38138655162365775,0.6856877636805816,1.7708339205696233,5.970726630963954,1.2702170845199605,0.9289906135851997,0.18663716238802247
0.19889152162365772,0.7610677636805825,1.9176231205696233,5.8596266309639535,1.1988060845199604,0.9637806135851998,0.2342451623880225
0.0946874483763423,0.9118277636805825,1.8065395205696233,5.8596266309639535,1.2812030845199605,1.0544176135852,0.1738201623880225
0.0946874483763423,0.9475277636805828,1.9890341205696234,5.744626630963953,1.4643090845199604,1.1093496135852,0.1802291623880225
0.05210155162365773,1.0982877636805828,1.9533291205696233,5.669226630963953,1.4871990845199603,1.0745596135851998,0.20037016238802247
0.05210155162365773,1.249047763680582,1.9533291205696233,5.669226630963953,1.3526190845199602,0.9637806135851998,0.1738201623880225
0.023276448376342268,1.439477763680582,1.9890341205696234,5.784326630963953,1.2995140845199602,0.8530016135851999,0.2406541623880225
0.13039344837634226,1.364097763680582,1.8819181205696234,5.784326630963953,1.2757100845199605,0.8740596135851998,0.21410316238802252
0.0946874483763423,1.3997977636805823,1.8819181205696234,5.8200266309639535,1.2226090845199602,0.9573726135851999,0.1399461623880225
0.023276448376342268,1.3997977636805823,1.9890341205696234,5.784326630963953,1.2226090845199602,1.0470936135851998,0.2543871623880225
0.023276448376342268,1.4751777636805823,2.0287071205696234,5.744626630963953,1.2519060845199603,1.0544176135852,0.1939621623880225
0.0946874483763423,1.5902277636805824,2.0287071205696234,5.8200266309639535,1.2757100845199605,1.0123036135851997,0.15367916238802248
0.13039344837634226,1.5505577636805823,1.9890341205696234,5.784326630963953,1.2638080845199604,1.0123036135851997,0.21410316238802252
0.24147744837634227,1.4751777636805823,1.9533291205696233,5.633526630963953,1.2345110845199603,1.0397696135851997,0.1802291623880225
0.13039344837634226,1.6259377636805823,1.9533291205696233,5.633526630963953,1.3050070845199604,1.0260366135851997,0.20037016238802247
0.058982448376342256,1.7013177636805823,1.9533291205696233,5.633526630963953,1.4578990845199602,0.9848376135851997,0.1939621623880225
0.13039344837634226,1.6656077636805824,1.9890341205696234,5.593826630963953,1.4231090845199605,0.9848376135851997,0.16008716238802245
0.24147744837634227,1.9274477636805827,2.0644131205696232,5.593826630963953,1.3581090845199602,0.9775136135851998,0.21410316238802252
0.27718244837634226,1.9671177636805819,1.8819181205696234,5.593826630963953,1.3938090845199604,0.9637806135851998,0.1664961623880225
0.17006644837634227,2.0028277636805827,1.5883391205696233,5.558126630963953,1.3407120845199603,1.0123036135851997,0.1262131623880225
0.0946874483763423,2.0782077636805827,1.6597499205696233,5.633526630963953,1.2464130845199604,1.0397696135851997,0.1802291623880225
0.24147744837634227,2.2289677636805827,1.4772551205696234,5.895326630963954,1.3407120845199603,1.0882926135851998,0.14635416238802246
0.24147744837634227,2.2289677636805827,1.5526331205696233,5.970726630963954,1.3343040845199603,1.0745596135851998,0.1399461623880225
0.20577144837634226,2.1535877636805827,1.6994228205696233,6.006426630963954,1.3407120845199603,0.9637806135851998,0.11980416238802248
0.31685544837634233,2.304337763680582,1.5129601205696233,6.046126630963954,1.3526190845199602,0.9015246135851998,0.14635416238802246
0.17006644837634227,2.304337763680582,1.5526331205696233,6.196926630963954,1.3754990845199604,0.8740596135851998,0.07952116238802247
0.016396551623657718,2.340047763680582,1.6240443205696233,6.307926630963953,1.3874090845199603,0.8951166135851998,0.08592916238802246
0.08780755162365772,2.264667763680582,1.4058441205696233,6.383326630963953,1.3050070845199604,0.9848376135851997,0.1262131623880225
0.08780755162365772,2.264667763680582,1.4058441205696233,6.383326630963953,1.3050070845199604,0.9848376135851997,0.1262131623880225
0.08780755162365772,2.2289677636805827,1.2947601205696233,6.383326630963953,1.2519060845199603,1.0123036135851997,0.1335371623880225
0.23459705162365774,2.0782077636805827,1.2590541205696233,6.534126630963954,1.1640160845199605,0.9436396135851999,0.09325416238802249
0.23459705162365774,2.042497763680582,1.2947601205696233,6.5738266309639535,1.1878190845199603,0.9152576135851997,0.10607116238802249
0.05210155162365773,2.1535877636805827,1.3304651205696234,6.498426630963953,1.2464130845199604,0.9573726135851999,0.09325416238802249
0.13039344837634226,2.117877763680582,1.3304651205696234,6.383326630963953,1.3050070845199604,0.9985706135851997,0.09325416238802249
0.13039344837634226,2.117877763680582,1.3304651205696234,6.383326630963953,1.3050070845199604,0.9985706135851997,0.09325416238802249
0.13039344837634226,2.117877763680582,1.3304651205696234,6.383326630963953,1.3050070845199604,0.9985706135851997,0.09325416238802249
0.13039344837634226,2.117877763680582,1.3304651205696234,6.383326630963953,1.3050070845199604,0.9985706135851997,0.09325416238802249
0.24147744837634227,2.042497763680582,1.4415491205696234,6.121526630963954,1.4405090845199604,0.9152576135851997,0.06578816238802247
0.31685544837634233,2.2289677636805827,1.2947601205696233,6.1572266309639545,1.3635990845199601,0.8740596135851998,0.05297116238802248
0.20577144837634226,2.0782077636805827,1.4058441205696233,6.081826630963954,1.2226090845199602,0.8530016135851999,0.05297116238802248
0.058982448376342256,2.042497763680582,1.3701381205696233,6.081826630963954,1.2464130845199604,0.9015246135851998,0.06578816238802247
0.0946874483763423,1.9671177636805819,1.2233481205696233,6.081826630963954,1.2702170845199605,1.0397696135851997,0.0010454376119775205
0.13039344837634226,2.0028277636805827,1.2590541205696233,6.046126630963954,1.2464130845199604,1.0608266135851998,0.012687462388022472
0.13039344837634226,2.042497763680582,1.2590541205696233,5.970726630963954,1.2345110845199603,1.0196276135851998,0.04564616238802248
0.24147744837634227,1.9671177636805819,1.2947601205696233,5.970726630963954,1.2757100845199605,0.9573726135851999,0.02759573761197752
0.27718244837634226,1.7409877636805824,1.1836761205696233,5.935026630963954,1.3114150845199604,0.9573726135851999,0.021187037611977523
0.20577144837634226,1.5505577636805823,1.2233481205696233,5.895326630963954,1.3169090845199602,0.9848376135851997,0.02759573761197752
0.016396551623657718,1.7013177636805823,1.3701381205696233,5.970726630963954,1.3700090845199604,1.0397696135851997,0.04773733761197752
0.08780755162365772,1.8163677636805824,1.1836761205696233,5.970726630963954,1.3938090845199604,1.0196276135851998,0.06147023761197752
0.08780755162365772,2.0782077636805827,0.9654751205696233,6.006426630963954,1.2812030845199605,0.9637806135851998,0.041328637611977526
0.12351305162365772,2.1535877636805827,1.0368861205696231,6.046126630963954,1.1521140845199604,0.9363146135851999,0.01477833761197752
0.05210155162365773,2.1535877636805827,1.1479701205696233,6.196926630963954,1.2226090845199602,0.9775136135851998,0.06147023761197752
0.17006644837634227,2.193257763680582,1.2947601205696233,6.1572266309639545,1.3526190845199602,1.0123036135851997,0.12189503761197752
0.24147744837634227,2.304337763680582,1.2233481205696233,6.232626630963953,1.3407120845199603,0.9225816135851999,0.06787893761197752
0.31685544837634233,2.379717763680582,1.0765591205696232,6.232626630963953,1.3754990845199604,0.8877916135851998,0.11457083761197752
0.27718244837634226,2.6415577636805825,1.0011801205696234,6.423026630963953,1.3407120845199603,0.9637806135851998,0.11457083761197752
0.20577144837634226,2.6415577636805825,0.9654751205696233,6.347626630963953,1.3288100845199604,1.0260366135851997,0.10816213761197752
0.17006644837634227,2.6415577636805825,0.9297691205696232,6.423026630963953,1.3050070845199604,0.9848376135851997,0.10816213761197752
0.17006644837634227,2.6415577636805825,1.1836761205696233,6.5738266309639535,1.3169090845199602,0.8530016135851999,0.12189503761197752
0.35256144837634223,2.566187763680582,1.1122641205696233,6.534126630963954,1.3288100845199604,0.8465936135851998,0.16217823761197753
0.4993504483763423,2.6415577636805825,0.9297691205696232,6.5738266309639535,1.3050070845199604,0.9225816135851999,0.14844533761197753
0.20577144837634226,2.681237763680582,1.1479701205696233,6.7999166309639545,1.2519060845199603,0.9225816135851999,0.14203663761197752
0.20577144837634226,2.7566077636805826,1.1122641205696233,6.7999166309639545,1.2876120845199603,0.9015246135851998,0.14844533761197753
0.27718244837634226,2.8676977636805825,0.9654751205696233,6.724536630963954,1.3224020845199602,0.9289906135851997,0.1823198376119775
0.20577144837634226,2.9827477636805826,0.8940641205696233,6.684866630963954,1.2290180845199603,0.9088496135851998,0.1823198376119775
0.27718244837634226,3.0184577636805825,0.8186851205696233,6.684866630963954,1.2052140845199604,0.8804676135851999,0.1749958376119775
0.13039344837634226,2.9073677636805826,0.9297691205696232,6.910996630963954,1.2702170845199605,0.9152576135851997,0.21527883761197752
0.016396551623657718,2.9073677636805826,0.8186851205696233,6.910996630963954,1.3224020845199602,0.9363146135851999,0.1887288376119775
0.0946874483763423,3.1335077636805826,0.6718921205696233,6.7999166309639545,1.3526190845199602,0.8740596135851998,0.19513683761197753
0.058982448376342256,3.093827763680582,0.7472741205696233,6.724536630963954,1.3224020845199602,0.8465936135851998,0.22260283761197752
0.0946874483763423,3.0581277636805826,0.8186851205696233,6.875296630963954,1.3581090845199602,0.8319446135851998,0.20886983761197753
0.0946874483763423,3.169207763680582,0.6004821205696234,6.835616630963953,1.2876120845199603,0.9848376135851997,0.20886983761197753
0.05210155162365773,3.359637763680582,0.5251021205696234,6.875296630963954,1.3407120845199603,0.9775136135851998,0.21527883761197752
0.016396551623657718,3.359637763680582,0.3426121205696233,6.760236630963954,1.3407120845199603,0.9289906135851997,0.2894368376119775
0.08780755162365772,3.319967763680582,0.23153212056962325,6.835616630963953,1.2226090845199602,0.8530016135851999,0.25556183761197754
0.08780755162365772,3.319967763680582,0.23153212056962325,6.835616630963953,1.2226090845199602,0.8530016135851999,0.25556183761197754
0.05210155162365773,3.284257763680582,0.19582212056962334,6.684866630963954,1.4112090845199603,0.9225816135851999,0.26288583761197754
0.05210155162365773,3.284257763680582,0.19582212056962334,6.684866630963954,1.4112090845199603,0.9225816135851999,0.26288583761197754
0.08780755162365772,3.319967763680582,0.3069021205696232,6.684866630963954,1.4112090845199603,0.9775136135851998,0.27570383761197753
0.05210155162365773,3.244587763680582,0.4894021205696233,6.760236630963954,1.3462090845199604,0.8877916135851998,0.27570383761197753
0.058982448376342256,3.284257763680582,0.27120212056962334,6.6094866309639535,1.2995140845199602,0.8804676135851999,0.26288583761197754
0.05210155162365773,3.395347763680582,0.12441212056962336,6.6491566309639545,1.2638080845199604,0.9088496135851998,0.27570383761197753
0.08780755162365772,3.435017763680582,0.23153212056962325,6.684866630963954,1.3635990845199601,0.9225816135851999,0.26929483761197753
0.17006644837634227,3.470727763680582,0.27120212056962334,6.684866630963954,1.3635990845199601,0.9711046135851997,0.26288583761197754
0.058982448376342256,3.284257763680582,0.19582212056962334,6.534126630963954,1.3700090845199604,0.9711046135851997,0.2894368376119775
0.13039344837634226,3.1335077636805826,0.4179921205696233,6.534126630963954,1.4166990845199603,0.8465936135851998,0.3233108376119775
0.35256144837634223,3.359637763680582,0.4894021205696233,6.383326630963953,1.4578990845199602,0.7907466135851998,0.3031698376119775
0.35256144837634223,3.7325677636805823,0.5608121205696233,6.423026630963953,1.3288100845199604,0.9015246135851998,0.2958448376119775
0.35256144837634223,3.7325677636805823,0.5608121205696233,6.423026630963953,1.3288100845199604,0.9015246135851998,0.2958448376119775
0.42397244837634224,3.8476177636805824,0.5251021205696234,6.6094866309639535,1.3407120845199603,0.9289906135851997,0.27570383761197753
0.3882664483763422,3.998367763680582,0.5251021205696234,6.684866630963954,1.2583150845199604,0.8951166135851998,0.28302783761197753
0.31685544837634233,3.998367763680582,0.4536921205696234,6.6491566309639545,1.1814110845199604,0.7696886135851998,0.27570383761197753
0.27718244837634226,3.9586977636805827,0.3783121205696234,6.6491566309639545,1.2290180845199603,0.7770136135851998,0.3361288376119775
0.31685544837634233,3.998367763680582,0.3783121205696234,6.760236630963954,1.3343040845199603,0.8319446135851998,0.28302783761197753
0.4636454483763423,4.034077763680583,0.3069021205696232,6.835616630963953,1.3407120845199603,0.8804676135851999,0.2958448376119775
0.4993504483763423,4.073747763680582,0.3783121205696234,6.875296630963954,1.3874090845199603,0.8740596135851998,0.30957783761197755
0.31685544837634233,4.034077763680583,0.4179921205696233,6.835616630963953,1.4285990845199605,0.8667346135851999,0.2958448376119775
0.13039344837634226,4.109457763680583,0.12441212056962336,6.835616630963953,1.4350090845199603,0.8465936135851998,0.30957783761197755
0.058982448376342256,4.149127763680582,0.04903212056962336,6.875296630963954,1.3050070845199604,0.8530016135851999,0.2958448376119775
0.08780755162365772,4.299887763680582,0.05808787943037674,6.950666630963953,1.1933120845199605,0.8530016135851999,0.2894368376119775
0.12351305162365772,4.299887763680582,0.3516678794303767,7.101426630963953,1.2290180845199603,0.8182116135851998,0.30957783761197755
0.45676555162365773,4.260217763680583,0.3516678794303767,6.986376630963953,1.1695090845199605,0.8118036135851998,0.3031698376119775
0.38138655162365775,4.410967763680582,0.2445478794303768,6.986376630963953,1.2345110845199603,0.7770136135851998,0.24274483761197752
0.023276448376342268,4.676777763680582,0.42703787943037663,6.835616630963953,1.3526190845199602,0.7907466135851998,0.3361288376119775
0.20577144837634226,4.561727763680582,0.3159578794303768,6.950666630963953,1.3635990845199601,0.7907466135851998,0.3031698376119775
0.17006644837634227,4.601397763680582,0.2445478794303768,7.061756630963954,1.4350090845199603,0.7770136135851998,0.3297198376119775
0.0946874483763423,4.676777763680582,0.3913378794303768,6.986376630963953,1.4643090845199604,0.8255366135851998,0.2958448376119775
0.08780755162365772,4.712487763680582,0.3159578794303768,6.950666630963953,1.4643090845199604,0.7907466135851998,0.2958448376119775
0.016396551623657718,4.863237763680583,0.3516678794303767,7.061756630963954,1.4524090845199602,0.6937006135851997,0.34345283761197754
0.13039344837634226,4.712487763680582,0.3159578794303768,7.212506630963954,1.3224020845199602,0.6525016135851998,0.27570383761197753
0.13039344837634226,4.601397763680582,0.2445478794303768,7.287886630963953,1.2226090845199602,0.6662346135851998,0.2958448376119775
0.27718244837634226,4.561727763680582,0.13346787943037675,7.287886630963953,1.2931050845199603,0.7147576135851998,0.28302783761197753
0.3882664483763422,4.526017763680582,0.3159578794303768,7.252186630963953,1.2812030845199605,0.7559566135851998,0.27570383761197753
0.4636454483763423,4.526017763680582,0.04903212056962336,7.252186630963953,1.1759170845199605,0.7559566135851998,0.2894368376119775
0.7175514483763423,4.486347763680582,0.01332212056962323,7.212506630963954,1.3938090845199604,0.7559566135851998,0.3361288376119775
0.6818454483763423,4.526017763680582,0.23153212056962325,7.176806630963954,1.3700090845199604,0.7770136135851998,0.30957783761197755
0.6461404483763422,4.561727763680582,0.23153212056962325,7.252186630963953,1.3526190845199602,0.6937006135851997,0.26929483761197753
0.7175514483763423,4.450647763680582,0.022377879430376613,7.212506630963954,1.2931050845199603,0.5902456135851998,0.3031698376119775
0.6104344483763422,4.450647763680582,0.13346787943037675,7.212506630963954,1.2464130845199604,0.6589106135851999,0.26929483761197753
0.6818454483763423,4.034077763680583,0.1691678794303768,7.176806630963954,1.2171160845199602,0.7559566135851998,0.28302783761197753
0.6818454483763423,4.034077763680583,0.1691678794303768,7.176806630963954,1.2171160845199602,0.7559566135851998,0.28302783761197753
0.7929294483763423,4.224507763680582,0.3159578794303768,7.101426630963953,1.2638080845199604,0.7422236135851998,0.30957783761197755
0.3882664483763422,4.787857763680583,0.3516678794303767,7.061756630963954,1.3462090845199604,0.8118036135851998,0.2894368376119775
0.31685544837634233,4.978287763680583,0.8674078794303768,7.061756630963954,1.3938090845199604,0.8392696135851998,0.2894368376119775
0.023276448376342268,5.089377763680583,0.6809478794303765,7.252186630963953,1.3050070845199604,0.7422236135851998,0.28302783761197753
0.023276448376342268,5.089377763680583,0.6809478794303765,7.252186630963953,1.3050070845199604,0.7422236135851998,0.28302783761197753
0.08780755162365772,5.129047763680583,0.7563278794303765,7.137136630963953,1.3993090845199605,0.6039786135851998,0.3031698376119775
0.016396551623657718,5.200457763680582,1.049907879430377,6.950666630963953,1.4405090845199604,0.5765126135851998,0.34345283761197754
0.016396551623657718,5.164757763680583,0.9388178794303765,7.061756630963954,1.3169090845199602,0.6177116135851998,0.28302783761197753
0.016396551623657718,5.013997763680583,1.0102378794303768,7.176806630963954,1.2931050845199603,0.7010246135851999,0.26929483761197753
0.023276448376342268,4.863237763680583,1.049907879430377,7.176806630963954,1.3526190845199602,0.8255366135851998,0.2958448376119775
0.023276448376342268,5.053667763680583,0.9745278794303769,7.137136630963953,1.3993090845199605,0.8877916135851998,0.27570383761197753
0.023276448376342268,5.315507763680582,0.9745278794303769,7.137136630963953,1.4166990845199603,0.7284906135851998,0.2958448376119775
0.0946874483763423,5.426597763680583,0.7920278794303768,7.212506630963954,1.3581090845199602,0.6525016135851998,0.2894368376119775
0.35256144837634223,5.426597763680583,0.9388178794303765,7.363266630963954,1.4231090845199605,0.5966546135851998,0.3297198376119775
0.3882664483763422,5.501977763680582,0.8277378794303767,7.327566630963954,1.3224020845199602,0.6387686135851998,0.2894368376119775
0.31685544837634233,5.728107763680582,0.46274787943037654,7.327566630963954,1.2290180845199603,0.6726436135851999,0.3031698376119775
0.4993504483763423,5.577347763680582,0.6452378794303766,7.363266630963954,1.3224020845199602,0.6525016135851998,0.28302783761197753
0.7929294483763423,5.617027763680582,0.5738278794303768,7.398976630963954,1.2400040845199602,0.6662346135851998,0.3031698376119775
0.9397144483763424,5.577347763680582,0.3913378794303768,7.398976630963954,1.1814110845199604,0.6525016135851998,0.28302783761197753
0.7929294483763423,5.692407763680582,0.42703787943037663,7.398976630963954,1.2464130845199604,0.6662346135851998,0.26288583761197754
0.7572244483763422,5.8431577636805825,0.28024787943037666,7.287886630963953,1.3462090845199604,0.7147576135851998,0.34986183761197753
0.6818454483763423,5.8431577636805825,0.3913378794303768,7.398976630963954,1.4459990845199604,0.7010246135851999,0.3562698376119775
0.7175514483763423,5.728107763680582,0.3913378794303768,7.327566630963954,1.3343040845199603,0.6387686135851998,0.28302783761197753
0.8643444483763423,5.728107763680582,0.42703787943037663,7.398976630963954,1.2171160845199602,0.5691886135851998,0.3031698376119775
0.8643444483763423,5.541647763680582,0.6809478794303765,7.474356630963953,1.2400040845199602,0.5279898135851998,0.30957783761197755
0.7175514483763423,5.577347763680582,0.6095378794303767,7.514026630963954,1.1988060845199604,0.5618643135851998,0.2894368376119775
0.42397244837634224,5.617027763680582,0.7920278794303768,7.474356630963953,1.3526190845199602,0.7284906135851998,0.2894368376119775
0.20577144837634226,5.501977763680582,0.9031178794303767,7.398976630963954,1.3526190845199602,0.7010246135851999,0.3361288376119775
0.17006644837634227,5.541647763680582,0.9031178794303767,7.438646630963953,1.3526190845199602,0.6177116135851998,0.3159868376119775
0.27718244837634226,5.7677777636805825,1.157017879430377,7.398976630963954,1.3993090845199605,0.6177116135851998,0.28302783761197753
0.13039344837634226,5.8431577636805825,1.2681078794303768,7.327566630963954,1.3874090845199603,0.6726436135851999,0.34345283761197754
0.0946874483763423,5.577347763680582,1.4148978794303766,7.438646630963953,1.3993090845199605,0.6799676135851997,0.3159868376119775
0.3882664483763422,5.652727763680582,1.4863078794303768,7.327566630963954,1.3407120845199603,0.6799676135851997,0.3233108376119775
0.3882664483763422,5.652727763680582,1.4863078794303768,7.327566630963954,1.3407120845199603,0.6799676135851997,0.3233108376119775
0.35256144837634223,5.878867763680582,1.4863078794303768,7.327566630963954,1.3700090845199604,0.6387686135851998,0.3297198376119775
0.17006644837634227,6.029617763680582,1.232397879430377,7.398976630963954,1.3993090845199605,0.6314446135851999,0.3361288376119775
0.27718244837634226,6.255757763680583,1.049907879430377,7.327566630963954,1.4285990845199605,0.6525016135851998,0.3297198376119775
0.6461404483763422,6.481897763680582,1.3434878794303768,7.287886630963953,1.4524090845199602,0.6589106135851999,0.3159868376119775
0.4993504483763423,6.481897763680582,1.0856078794303767,7.438646630963953,1.3050070845199604,0.6387686135851998,0.3297198376119775
0.4993504483763423,6.521567763680583,1.0856078794303767,7.549726630963953,1.2638080845199604,0.5966546135851998,0.30957783761197755
0.6461404483763422,6.446187763680582,1.2681078794303768,7.398976630963954,1.3224020845199602,0.6177116135851998,0.28302783761197753
0.9040144483763424,6.370807763680583,1.049907879430377,7.589406630963953,1.2757100845199605,0.5417227135851999,0.27570383761197753
0.7929294483763423,6.446187763680582,0.8277378794303767,7.549726630963953,1.3581090845199602,0.5829216135851998,0.3361288376119775
0.8286344483763424,6.596947763680582,0.8277378794303767,7.474356630963953,1.4112090845199603,0.6177116135851998,0.30957783761197755
0.9040144483763424,6.668357763680582,0.7563278794303765,7.549726630963953,1.3874090845199603,0.6662346135851998,0.3361288376119775
0.9754244483763423,6.708027763680582,0.7563278794303765,7.700486630963953,1.3114150845199604,0.6525016135851998,0.3233108376119775
1.0865044483763424,6.783407763680582,1.0856078794303767,7.775866630963954,1.2702170845199605,0.5765126135851998,0.28302783761197753
1.1222144483763423,6.632647763680582,1.1966978794303766,7.775866630963954,1.1521140845199604,0.5133414135851998,0.3159868376119775
0.9754244483763423,6.632647763680582,1.232397879430377,7.775866630963954,1.1164080845199602,0.4996085135851998,0.24274483761197752
0.7572244483763422,6.783407763680582,1.4863078794303768,7.740156630963954,1.2226090845199602,0.5417227135851999,0.2958448376119775
0.5350564483763423,6.858787763680582,1.3434878794303768,7.775866630963954,1.3050070845199604,0.5829216135851998,0.3233108376119775
0.5350564483763423,6.858787763680582,1.3434878794303768,7.775866630963954,1.3050070845199604,0.5829216135851998,0.3233108376119775
0.5707614483763424,6.969867763680583,1.4505978794303769,7.775866630963954,1.3754990845199604,0.6250356135851998,0.26288583761197754
0.6461404483763422,6.969867763680583,1.5616878794303768,7.700486630963953,1.4112090845199603,0.6525016135851998,0.34345283761197754
0.42397244837634224,6.934167763680582,1.6727678794303766,7.700486630963953,1.3754990845199604,0.6314446135851999,0.3562698376119775
0.4636454483763423,7.009537763680582,1.9266778794303765,7.700486630963953,1.3700090845199604,0.5829216135851998,0.28302783761197753
0.5707614483763424,7.045247763680582,1.8909678794303766,7.775866630963954,1.3224020845199602,0.5966546135851998,0.3159868376119775
0.4636454483763423,7.009537763680582,1.9623778794303768,7.851246630963953,1.3224020845199602,0.5902456135851998,0.28302783761197753
0.3882664483763422,6.819107763680583,1.9266778794303765,7.851246630963953,1.3581090845199602,0.5417227135851999,0.2958448376119775
0.31685544837634233,6.894487763680582,1.7441778794303768,7.890916630963954,1.3700090845199604,0.44467681358519984,0.3361288376119775
0.4993504483763423,6.894487763680582,1.8195578794303768,7.700486630963953,1.3050070845199604,0.3888297135851998,0.26929483761197753
0.4993504483763423,6.934167763680582,1.8909678794303766,7.700486630963953,1.2400040845199602,0.4584097535851998,0.3233108376119775
0.5350564483763423,7.009537763680582,1.5973878794303766,7.851246630963953,1.2519060845199603,0.6177116135851998,0.3361288376119775
0.8643444483763423,6.708027763680582,1.5973878794303766,7.815536630963953,1.3993090845199605,0.8319446135851998,0.34986183761197753
1.1222144483763423,6.858787763680582,1.5259778794303769,7.740156630963954,1.3938090845199604,0.6525016135851998,0.3297198376119775
1.1222144483763423,6.858787763680582,1.5259778794303769,7.740156630963954,1.3938090845199604,0.6525016135851998,0.3297198376119775
1.3443844483763423,7.120627763680583,1.4863078794303768,7.740156630963954,1.3635990845199601,0.44467681358519984,0.30957783761197755
1.1975944483763423,7.271387763680583,1.3038078794303767,7.775866630963954,1.3754990845199604,0.3888297135851998,0.3700028376119775
1.1579244483763422,7.311057763680582,1.3038078794303767,7.966296630963953,1.4350090845199603,0.4794669135851998,0.3159868376119775
0.9754244483763423,7.386437763680583,1.3038078794303767,8.001996630963953,1.3819090845199602,0.5966546135851998,0.34345283761197754
0.9754244483763423,7.461807763680582,1.157017879430377,8.152756630963953,1.2345110845199603,0.5618643135851998,0.3764118376119775
1.2332944483763424,7.346757763680582,1.5259778794303769,8.077376630963954,1.1402120845199604,0.4858756135851998,0.28302783761197753
1.0508044483763423,7.346757763680582,1.6330978794303765,8.077376630963954,1.0285180845199604,0.4858756135851998,0.3297198376119775
0.9754244483763423,7.160297763680582,1.7084778794303765,8.001996630963953,1.0752090845199604,0.5829216135851998,0.26288583761197754
0.9754244483763423,7.160297763680582,1.7084778794303765,8.001996630963953,1.0752090845199604,0.5829216135851998,0.26288583761197754
0.6818454483763423,7.120627763680583,1.7798878794303767,8.041676630963954,1.4047990845199605,0.7632806135851998,0.3828208376119775
0.6104344483763422,7.648277763680582,2.0377578794303766,8.001996630963953,1.5283990845199602,0.5417227135851999,0.34986183761197753
0.42397244837634224,7.687947763680582,2.1845478794303768,8.077376630963954,1.4350090845199603,0.4996085135851998,0.3828208376119775
0.3882664483763422,7.723657763680582,2.2956378794303767,8.192426630963954,1.3819090845199602,0.4858756135851998,0.3233108376119775
0.5350564483763423,7.723657763680582,2.402747879430377,8.192426630963954,1.3288100845199604,0.5829216135851998,0.34345283761197754
0.7175514483763423,7.838707763680582,2.513837879430377,8.228136630963954,1.2812030845199605,0.6525016135851998,0.3233108376119775
0.7572244483763422,7.914087763680582,2.367047879430377,8.418566630963953,1.2638080845199604,0.6039786135851998,0.28302783761197753
0.7175514483763423,7.989457763680583,2.255957879430377,8.343186630963954,1.3343040845199603,0.4858756135851998,0.3635938376119775
0.9040144483763424,8.025167763680582,2.438457879430377,8.228136630963954,1.3700090845199604,0.4794669135851998,0.3031698376119775
0.9040144483763424,8.064837763680583,2.2202578794303767,8.343186630963954,1.3050070845199604,0.4996085135851998,0.3562698376119775
0.9754244483763423,8.140217763680582,2.1091678794303768,8.493946630963954,1.3819090845199602,0.5417227135851999,0.3361288376119775
1.0508044483763423,8.175923763680583,2.255957879430377,8.418566630963953,1.4871990845199603,0.6662346135851998,0.3233108376119775
1.0508044483763423,8.100547763680582,2.0734678794303765,8.418566630963953,1.4697990845199604,0.7147576135851998,0.3828208376119775
1.3443844483763423,7.989457763680583,2.0734678794303765,8.569326630963953,1.3993090845199605,0.5554556135851998,0.2958448376119775
1.4554644483763424,7.914087763680582,2.0734678794303765,8.569326630963953,1.3050070845199604,0.4025626135851998,0.30957783761197755
1.1579244483763422,7.838707763680582,1.9623778794303768,8.644696630963953,1.3700090845199604,0.4172110135851998,0.30957783761197755
1.2332944483763424,7.989457763680583,1.8195578794303768,8.569326630963953,1.2876120845199603,0.5554556135851998,0.34986183761197753
1.3086744483763424,7.914087763680582,2.0734678794303765,8.720076630963954,1.1759170845199605,0.5554556135851998,0.2958448376119775
1.4554644483763424,8.175923763680583,2.1488478794303765,8.680406630963954,1.1054220845199603,0.5691886135851998,0.3635938376119775
1.3443844483763423,8.402059763680583,2.2202578794303767,8.644696630963953,1.1933120845199605,0.6103876135851998,0.27570383761197753
1.0508044483763423,8.477437763680582,2.438457879430377,8.569326630963953,1.3526190845199602,0.6799676135851997,0.30957783761197755
0.9754244483763423,8.513142763680582,2.402747879430377,8.569326630963953,1.4643090845199604,0.6103876135851998,0.4029618376119775
1.1579244483763422,8.739278763680582,2.478127879430377,8.755786630963954,1.5402990845199604,0.4309439135851998,0.3031698376119775
0.9754244483763423,8.778951763680583,2.6249178794303774,8.644696630963953,1.4762090845199602,0.3686881135851998,0.3562698376119775
0.9754244483763423,8.739278763680582,2.8074178794303766,8.644696630963953,1.4405090845199604,0.4025626135851998,0.3562698376119775
0.9754244483763423,8.703572763680583,2.7320378794303766,8.680406630963954,1.3938090845199604,0.5206656135851998,0.28302783761197753
0.9754244483763423,8.778951763680583,2.8788278794303768,8.720076630963954,1.2995140845199602,0.6872916135851999,0.34345283761197754
1.1222144483763423,8.890035763680583,3.0613178794303773,8.755786630963954,1.3288100845199604,0.7980706135851998,0.30957783761197755
0.9754244483763423,9.005086763680582,2.8074178794303766,8.791486630963954,1.3526190845199602,0.7696886135851998,0.28302783761197753
1.0508044483763423,9.231221863680583,2.7717078794303767,8.791486630963954,1.3819090845199602,0.6387686135851998,0.34345283761197754
1.0111344483763423,9.342305763680582,2.8074178794303766,8.720076630963954,1.3819090845199602,0.3750968135851998,0.3562698376119775
0.9397144483763424,9.306599763680582,2.7320378794303766,8.831166630963953,1.4643090845199604,0.3888297135851998,0.3700028376119775
1.4157944483763423,9.266927363680582,2.6963278794303767,9.017626630963953,1.3819090845199602,0.5966546135851998,0.3700028376119775
1.4554644483763424,9.306599763680582,2.6606278794303773,9.057296630963954,1.2876120845199603,0.5691886135851998,0.30957783761197755
1.4157944483763423,9.381978763680582,2.6249178794303774,9.057296630963954,1.2290180845199603,0.5554556135851998,0.34345283761197754
1.2332944483763424,9.342305763680582,2.513837879430377,9.132676630963953,1.3169090845199602,0.5481314135851998,0.3159868376119775
1.1975944483763423,9.417683763680582,2.513837879430377,9.208056630963954,1.3114150845199604,0.6177116135851998,0.3297198376119775
1.3086744483763424,9.381978763680582,2.5495378794303774,9.283436630963955,1.2290180845199603,0.6250356135851998,0.3635938376119775
1.3086744483763424,9.381978763680582,2.5495378794303774,9.283436630963955,1.2290180845199603,0.6250356135851998,0.3635938376119775
1.3443844483763423,9.342305763680582,2.513837879430377,9.319136630963953,1.2876120845199603,0.4931998135851998,0.3233108376119775
1.5268744483763423,9.306599763680582,2.7320378794303766,9.283436630963955,1.2702170845199605,0.4236197135851998,0.3635938376119775
1.3800844483763424,9.417683763680582,2.843117879430377,9.243756630963954,1.2702170845199605,0.3824210135851998,0.3361288376119775
1.2332944483763424,9.417683763680582,2.843117879430377,9.243756630963954,1.3581090845199602,0.44467681358519984,0.3031698376119775
1.0508044483763423,9.532735763680583,2.989907879430377,9.243756630963954,1.3819090845199602,0.5618643135851998,0.34986183761197753
0.9397144483763424,9.568440763680583,3.2081078794303766,9.243756630963954,1.3700090845199604,0.6177116135851998,0.2894368376119775
1.0508044483763423,9.754903763680582,3.319187879430377,9.168386630963955,1.3224020845199602,0.6726436135851999,0.34986183761197753
0.9397144483763424,9.905660763680583,3.319187879430377,9.057296630963954,1.3169090845199602,0.6039786135851998,0.3233108376119775
1.2332944483763424,10.171467763680582,3.537397879430377,9.168386630963955,1.4459990845199604,0.6103876135851998,0.3297198376119775
1.3086744483763424,10.322227763680582,3.2477778794303767,9.319136630963953,1.4643090845199604,0.5133414135851998,0.30957783761197755
1.3086744483763424,10.322227763680582,3.2477778794303767,9.319136630963953,1.4643090845199604,0.5133414135851998,0.30957783761197755
1.4554644483763424,10.171467763680582,3.3906078794303767,9.243756630963954,1.4459990845199604,0.3824210135851998,0.3297198376119775
1.3443844483763423,10.171467763680582,3.2081078794303766,9.243756630963954,1.3288100845199604,0.44467681358519984,0.34986183761197753
1.4554644483763424,10.131795763680582,3.2081078794303766,9.243756630963954,1.3114150845199604,0.5554556135851998,0.34345283761197754
1.7847544483763422,10.131795763680582,3.3548978794303768,9.243756630963954,1.3462090845199604,0.7211656135851998,0.3361288376119775
1.7490444483763423,10.131795763680582,3.025617879430377,9.469896630963953,1.3407120845199603,0.7495476135851998,0.3562698376119775
1.8204544483763425,10.357927763680582,3.1009878794303773,9.394516630963953,1.3938090845199604,0.5829216135851998,0.3159868376119775
1.8561644483763424,10.472977763680582,3.172407879430377,9.243756630963954,1.4166990845199603,0.4510855135851998,0.34345283761197754
1.5625844483763422,10.584067763680583,2.954197879430377,9.319136630963953,1.4405090845199604,0.3128406135851998,0.3635938376119775
1.6736644483763423,10.699117763680583,3.025617879430377,9.469896630963953,1.4643090845199604,0.30551661358519977,0.30957783761197755
1.7093744483763422,10.584067763680583,3.172407879430377,9.469896630963953,1.3938090845199604,0.44467681358519984,0.3297198376119775
1.6379644483763423,10.548357763680583,3.0613178794303773,9.584946630963953,1.2931050845199603,0.5417227135851999,0.3361288376119775
1.6379644483763423,10.659447763680582,3.2477778794303767,9.545276630963954,1.2400040845199602,0.5279898135851998,0.3233108376119775
1.3443844483763423,10.584067763680583,3.648477879430377,9.509566630963953,1.1878190845199603,0.5829216135851998,0.30957783761197755
1.1975944483763423,10.659447763680582,3.7952678794303774,9.696036630963953,1.2107070845199603,0.6451776135851999,0.3233108376119775
1.0508044483763423,10.548357763680583,3.8309678794303768,9.696036630963953,1.3407120845199603,0.6937006135851997,0.3297198376119775
1.3443844483763423,10.885577763680583,3.8666778794303767,9.545276630963954,1.4350090845199603,0.4931998135851998,0.3562698376119775
1.3443844483763423,11.000627763680582,3.9420578794303767,9.469896630963953,1.4697990845199604,0.4172110135851998,0.3635938376119775
1.3443844483763423,11.000627763680582,3.9420578794303767,9.469896630963953,1.4697990845199604,0.4172110135851998,0.3635938376119775
1.4554644483763424,11.147417763680583,4.053137879430377,9.434186630963953,1.5998090845199604,0.4721426635851998,0.34345283761197754
1.5268744483763423,11.337847763680582,3.977757879430377,9.696036630963953,1.5402990845199604,0.5829216135851998,0.3700028376119775
1.6022544483763423,11.298177763680583,3.8309678794303768,9.846786630963955,1.4643090845199604,0.5481314135851998,0.34986183761197753
1.7093744483763422,11.262467763680583,3.8666778794303767,9.846786630963955,1.5055090845199603,0.5133414135851998,0.3562698376119775
1.6379644483763423,11.599687763680581,3.977757879430377,9.696036630963953,1.3819090845199602,0.44467681358519984,0.3965528376119775
1.5625844483763422,11.790117763680582,3.8309678794303768,9.771406630963954,1.2519060845199603,0.3750968135851998,0.3233108376119775
1.7093744483763422,11.865497763680583,3.723857879430377,9.846786630963955,1.3050070845199604,0.4236197135851998,0.3297198376119775
1.7490444483763423,11.865497763680583,3.8309678794303768,9.922166630963954,1.3993090845199605,0.5554556135851998,0.3361288376119775
1.5625844483763422,11.675067763680582,3.684187879430377,9.997546630963953,1.4166990845199603,0.5279898135851998,0.34345283761197754
1.5625844483763422,11.599687763680581,3.7595578794303766,9.886456630963954,1.3581090845199602,0.4648184475851998,0.3233108376119775
1.5625844483763422,11.675067763680582,3.648477879430377,9.997546630963953,1.3462090845199604,0.4025626135851998,0.3700028376119775
1.6736644483763423,11.714737763680581,3.648477879430377,10.037216630963954,1.3224020845199602,0.4648184475851998,0.3635938376119775
1.7847544483763422,11.714737763680581,3.723857879430377,10.112596630963953,1.3050070845199604,0.6250356135851998,0.2958448376119775
1.5268744483763423,11.940877763680582,3.6127678794303772,10.259386630963952,1.3407120845199603,0.6451776135851999,0.3361288376119775
1.4911744483763423,12.127337763680583,3.8309678794303768,10.299056630963953,1.3462090845199604,0.5417227135851999,0.30957783761197755
1.3800844483763424,12.317767763680582,4.053137879430377,10.259386630963952,1.2757100845199605,0.43735261358519983,0.3233108376119775
1.3800844483763424,12.393147763680583,4.088847879430377,10.410146630963954,1.1814110845199604,0.3686881135851998,0.2958448376119775
1.3800844483763424,12.468527763680582,4.418127879430377,10.449816630963953,1.1988060845199604,0.4025626135851998,0.2958448376119775
1.3086744483763424,12.654987763680582,4.235637879430377,10.525196630963954,1.3343040845199603,0.4996085135851998,0.34986183761197753
1.3086744483763424,12.654987763680582,4.235637879430377,10.525196630963954,1.3343040845199603,0.4996085135851998,0.34986183761197753
1.4911744483763423,12.805747763680582,4.235637879430377,10.374436630963952,1.5283990845199602,0.5279898135851998,0.3031698376119775
1.7847544483763422,12.730367763680583,4.307047879430377,10.334766630963953,1.4762090845199602,0.5554556135851998,0.30957783761197755
1.7490444483763423,12.805747763680582,4.271337879430377,10.374436630963952,1.4816990845199602,0.5069327135851998,0.3361288376119775
1.8958344483763425,12.841447763680582,4.307047879430377,10.449816630963953,1.5467090845199603,0.43735261358519983,0.3233108376119775
1.9315444483763424,12.956497763680582,4.235637879430377,10.374436630963952,1.4643090845199604,0.4721426635851998,0.30957783761197755
1.8958344483763425,12.881127763680581,4.053137879430377,10.334766630963953,1.4762090845199602,0.4648184475851998,0.3159868376119775
2.1894144483763425,12.992207763680582,4.124547879430377,10.374436630963952,1.3526190845199602,0.4236197135851998,0.3562698376119775
2.1140344483763425,13.182637763680582,3.9063478794303768,10.449816630963953,1.2345110845199603,0.3540396135851998,0.3159868376119775
2.1497444483763424,13.293717763680583,4.160257879430377,10.299056630963953,1.3700090845199604,0.4236197135851998,0.3031698376119775
2.002954448376342,13.369097763680582,4.160257879430377,10.334766630963953,1.3754990845199604,0.5829216135851998,0.3562698376119775
1.8204544483763425,13.444477763680581,3.7952678794303774,10.410146630963954,1.3938090845199604,0.5765126135851998,0.2958448376119775
2.002954448376342,13.595237763680583,4.053137879430377,10.334766630963953,1.4231090845199605,0.4648184475851998,0.34986183761197753
2.002954448376342,13.745987763680581,4.195957879430377,10.299056630963953,1.3114150845199604,0.43735261358519983,0.3297198376119775
1.8958344483763425,13.634907763680582,4.088847879430377,10.410146630963954,1.2583150845199604,0.4098868135851998,0.2958448376119775
1.6736644483763423,13.634907763680582,4.235637879430377,10.299056630963953,1.3050070845199604,0.4794669135851998,0.3562698376119775
1.6736644483763423,13.519857763680582,4.529217879430377,10.299056630963953,1.3343040845199603,0.5279898135851998,0.30957783761197755
1.5625844483763422,13.258017763680582,4.529217879430377,10.374436630963952,1.2876120845199603,0.44467681358519984,0.34345283761197754
1.5625844483763422,13.142967763680582,4.747417879430377,10.334766630963953,1.2290180845199603,0.4236197135851998,0.3233108376119775
1.5625844483763422,13.142967763680582,5.040997879430377,10.184006630963953,1.2464130845199604,0.5133414135851998,0.2958448376119775
1.4554644483763424,13.258017763680582,4.965617879430377,10.223676630963954,1.3343040845199603,0.6525016135851998,0.30957783761197755
1.7490444483763423,13.670617763680582,5.112407879430377,10.037216630963954,1.5174090845199601,0.7284906135851998,0.3031698376119775
1.9672444483763423,13.785667763680582,5.112407879430377,10.037216630963954,1.5402990845199604,0.5829216135851998,0.2958448376119775
1.8561644483763424,14.233967763680582,5.148107879430377,10.112596630963953,1.5695990845199606,0.3750968135851998,0.34986183761197753
1.8561644483763424,14.349017763680582,5.187787879430377,10.184006630963953,1.5174090845199601,0.3824210135851998,0.2958448376119775
2.0426244483763423,14.460107763680583,4.894207879430377,10.299056630963953,1.3938090845199604,0.3961539135851998,0.3233108376119775
2.1894144483763425,14.384727763680583,4.783117879430377,10.259386630963952,1.3754990845199604,0.4025626135851998,0.3297198376119775
2.1894144483763425,14.384727763680583,4.783117879430377,10.259386630963952,1.3754990845199604,0.4025626135851998,0.3297198376119775
2.1894144483763425,14.384727763680583,5.005287879430377,10.184006630963953,1.3938090845199604,0.4858756135851998,0.3159868376119775
1.9672444483763423,14.198267763680583,4.858497879430377,10.184006630963953,1.2757100845199605,0.5902456135851998,0.3361288376119775
1.6736644483763423,14.011797763680583,4.858497879430377,10.334766630963953,1.2812030845199605,0.6103876135851998,0.3159868376119775
1.8958344483763425,14.047507763680581,5.076697879430377,10.374436630963952,1.3938090845199604,0.6177116135851998,0.3233108376119775
1.8204544483763425,14.158587763680583,4.818827879430377,10.449816630963953,1.3581090845199602,0.5902456135851998,0.34986183761197753
1.8561644483763424,14.273637763680583,4.672037879430377,10.560896630963953,1.3581090845199602,0.4996085135851998,0.2958448376119775
1.9315444483763424,14.610857763680581,4.894207879430377,10.560896630963953,1.4578990845199602,0.4931998135851998,0.3361288376119775
1.7490444483763423,14.801287763680582,4.672037879430377,10.711656630963954,1.4112090845199603,0.4858756135851998,0.3764118376119775
1.7490444483763423,14.801287763680582,4.672037879430377,10.711656630963954,1.4112090845199603,0.4858756135851998,0.3764118376119775
1.9315444483763424,15.102807763680582,4.965617879430377,10.977466630963953,1.2812030845199605,0.4098868135851998,0.3828208376119775
1.8561644483763424,15.328937763680582,4.858497879430377,11.203596630963954,1.1466210845199605,0.3750968135851998,0.2894368376119775
1.8561644483763424,15.364647763680583,5.370277879430377,11.203596630963954,1.1878190845199603,0.4510855135851998,0.3700028376119775
1.8204544483763425,15.289267763680582,5.259197879430377,11.203596630963954,1.2107070845199603,0.4648184475851998,0.26288583761197754
1.9672444483763423,15.138507763680582,5.294897879430377,11.239306630963954,1.3462090845199604,0.4648184475851998,0.30957783761197755
2.078334448376342,14.912377763680581,5.441687879430377,11.163926630963953,1.4936090845199606,0.4996085135851998,0.3901448376119775
2.078334448376342,14.912377763680581,5.441687879430377,11.163926630963953,1.4936090845199606,0.4996085135851998,0.3901448376119775
2.1140344483763425,14.987747763680582,5.259197879430377,11.088546630963954,1.5521990845199602,0.4931998135851998,0.2894368376119775
2.1140344483763425,14.952047763680582,5.294897879430377,11.013166630963955,1.5814990845199604,0.4584097535851998,0.3828208376119775
2.5186944483763423,15.404317763680583,5.148107879430377,11.013166630963955,1.4871990845199603,0.4931998135851998,0.3159868376119775
2.4433244483763423,15.626487763680583,4.929907879430377,11.052846630963954,1.4166990845199603,0.4931998135851998,0.3764118376119775
2.5186944483763423,15.816917763680582,5.005287879430377,11.013166630963955,1.3754990845199604,0.4721426635851998,0.30957783761197755
2.4076144483763424,16.043047763680583,5.005287879430377,11.052846630963954,1.3462090845199604,0.3750968135851998,0.3233108376119775
2.260824448376342,16.344567763680583,5.040997879430377,11.013166630963955,1.2345110845199603,0.2569936135851998,0.3297198376119775
2.1894144483763425,16.380267763680582,4.894207879430377,11.128226630963955,1.1347190845199604,0.20938661358519983,0.2894368376119775
2.3719044483763425,16.380267763680582,5.005287879430377,11.163926630963953,1.1988060845199604,0.3201656135851998,0.3361288376119775
2.3362044483763422,16.304887763680583,5.148107879430377,11.088546630963954,1.3224020845199602,0.5133414135851998,0.34345283761197754
1.9315444483763424,16.19380776368058,4.929907879430377,11.239306630963954,1.3819090845199602,0.6103876135851998,0.3361288376119775
2.0426244483763423,16.118427763680582,5.294897879430377,10.977466630963953,1.4047990845199605,0.4648184475851998,0.3361288376119775
1.9315444483763424,16.229517763680583,5.624187879430377,11.052846630963954,1.3993090845199605,0.4236197135851998,0.2958448376119775
1.9315444483763424,16.229517763680583,5.624187879430377,11.052846630963954,1.3993090845199605,0.4236197135851998,0.2958448376119775
1.9315444483763424,16.495317763680582,5.699567879430377,10.977466630963953,1.4112090845199603,0.5554556135851998,0.3361288376119775
1.8958344483763425,16.64607776368058,5.624187879430377,11.203596630963954,1.3993090845199605,0.5343985135851999,0.3233108376119775
2.1497444483763424,16.832537763680584,5.957437879430377,11.052846630963954,1.3700090845199604,0.44467681358519984,0.2894368376119775
2.1894144483763425,17.094377763680583,6.064557879430377,10.977466630963953,1.2638080845199604,0.3613636135851998,0.3562698376119775
1.9672444483763423,17.24513776368058,5.993147879430377,10.977466630963953,1.3288100845199604,0.3476306135851998,0.2958448376119775
2.1140344483763425,17.320517763680584,6.358137879430378,10.711656630963954,1.5109990845199603,0.4510855135851998,0.30957783761197755
2.260824448376342,17.094377763680583,6.139927879430377,10.675946630963953,1.5467090845199603,0.5206656135851998,0.3828208376119775
2.3719044483763425,16.796837763680582,6.100257879430377,10.711656630963954,1.5348090845199605,0.4794669135851998,0.30957783761197755
2.4076144483763424,16.531027763680584,6.322427879430378,10.485526630963953,1.5586090845199605,0.4721426635851998,0.3562698376119775
1.9672444483763423,16.15413776368058,6.211347879430377,10.374436630963952,1.4459990845199604,0.5966546135851998,0.25556183761197754
2.078334448376342,16.269187763680584,6.247047879430377,10.334766630963953,1.4285990845199605,0.6799676135851997,0.3700028376119775
2.2251244483763424,16.304887763680583,6.064557879430377,10.600576630963953,1.3407120845199603,0.6525016135851998,0.3361288376119775
1.9315444483763424,16.832537763680584,5.993147879430377,10.525196630963954,1.2812030845199605,0.5279898135851998,0.27570383761197753
1.9672444483763423,17.094377763680583,6.100257879430377,10.675946630963953,1.3635990845199601,0.4309439135851998,0.3361288376119775
2.1140344483763425,17.20942776368058,6.211347879430377,10.826706630963955,1.3224020845199602,0.4098868135851998,0.34986183761197753
2.260824448376342,17.284807763680583,6.028847879430377,10.977466630963953,1.3114150845199604,0.4721426635851998,0.28302783761197753
2.260824448376342,17.39589776368058,6.064557879430377,10.977466630963953,1.4112090845199603,0.5279898135851998,0.30957783761197755
2.260824448376342,17.24513776368058,6.139927879430377,11.013166630963955,1.4285990845199605,0.5618643135851998,0.3828208376119775
2.5186944483763423,17.20942776368058,5.993147879430377,11.163926630963953,1.4459990845199604,0.5206656135851998,0.34345283761197754
2.812274448376342,17.05867776368058,5.993147879430377,11.203596630963954,1.4578990845199602,0.4996085135851998,0.3361288376119775
2.9590644483763424,17.05867776368058,6.064557879430377,11.465436630963953,1.4936090845199606,0.4931998135851998,0.34986183761197753
2.9590644483763424,17.05867776368058,6.064557879430377,11.465436630963953,1.4936090845199606,0.4931998135851998,0.34986183761197753
2.9590644483763424,17.13405776368058,6.064557879430377,11.505116630963954,1.5109990845199603,0.4309439135851998,0.3635938376119775
2.7765744483763424,17.39589776368058,6.247047879430377,11.390066630963954,1.4816990845199602,0.3750968135851998,0.34345283761197754
2.923364448376342,18.038597763680585,6.247047879430377,11.540816630963953,1.4578990845199602,0.3613636135851998,0.3159868376119775
2.923364448376342,18.264727763680582,6.247047879430377,11.540816630963953,1.4871990845199603,0.4510855135851998,0.3297198376119775
2.7765744483763424,18.490867763680583,6.211347879430377,11.429736630963953,1.3754990845199604,0.4584097535851998,0.2958448376119775
2.7765744483763424,18.41548776368058,6.286717879430378,11.314686630963955,1.3700090845199604,0.43735261358519983,0.3635938376119775
2.554404448376342,18.038597763680585,6.247047879430377,11.429736630963953,1.2931050845199603,0.4098868135851998,0.2958448376119775
2.6654844483763425,17.73707776368058,6.247047879430377,11.354356630963952,1.2931050845199603,0.4172110135851998,0.26288583761197754
2.5186944483763423,17.471267763680583,6.211347879430377,11.278976630963953,1.3581090845199602,0.5206656135851998,0.34986183761197753
2.1894144483763425,17.320517763680584,6.286717879430378,11.239306630963954,1.4112090845199603,0.5343985135851999,0.3159868376119775
2.078334448376342,17.510947763680583,6.433507879430377,11.203596630963954,1.3343040845199603,0.5554556135851998,0.30957783761197755
2.1140344483763425,17.622027763680585,6.433507879430377,11.203596630963954,1.2519060845199603,0.6103876135851998,0.3361288376119775
2.078334448376342,17.887837763680583,6.616007879430376,11.278976630963953,1.3343040845199603,0.6726436135851999,0.30957783761197755
2.078334448376342,17.887837763680583,6.616007879430376,11.278976630963953,1.3343040845199603,0.6726436135851999,0.30957783761197755
2.2251244483763424,18.038597763680585,6.6874178794303765,11.278976630963953,1.3938090845199604,0.7632806135851998,0.3297198376119775
2.3362044483763422,18.41548776368058,6.540627879430377,11.128226630963955,1.4231090845199605,0.6451776135851999,0.3361288376119775
2.554404448376342,18.828087763680582,6.651707879430377,11.088546630963954,1.4697990845199604,0.4309439135851998,0.2958448376119775
3.030474448376342,19.054217763680583,6.616007879430376,11.203596630963954,1.3993090845199605,0.3476306135851998,0.3159868376119775
3.0701544483763423,19.16530776368058,6.762797879430377,11.163926630963953,1.4231090845199605,0.44467681358519984,0.3159868376119775
3.1772644483763424,18.97883776368058,6.8342078794303776,11.203596630963954,1.4112090845199603,0.6177116135851998,0.2894368376119775
2.9947744483763423,18.752707763680583,7.127787879430376,11.128226630963955,1.4047990845199605,0.5966546135851998,0.3361288376119775
2.847984448376342,18.78840776368058,7.274577879430377,11.052846630963954,1.3938090845199604,0.6039786135851998,0.27570383761197753
2.5186944483763423,18.863787763680584,7.274577879430377,11.088546630963954,1.4697990845199604,0.5765126135851998,0.3965528376119775
2.3362044483763422,18.939167763680583,7.492777879430377,11.163926630963953,1.5759990845199603,0.5691886135851998,0.34345283761197754
2.3362044483763422,19.054217763680583,7.421367879430377,11.239306630963954,1.5402990845199604,0.6250356135851998,0.3159868376119775
2.3719044483763425,19.205007763680584,7.457067879430377,11.354356630963952,1.5467090845199603,0.6250356135851998,0.3361288376119775
2.4076144483763424,19.466807763680585,7.492777879430377,11.429736630963953,1.4459990845199604,0.6250356135851998,0.2894368376119775
2.1894144483763425,19.581907763680583,7.421367879430377,11.691576630963954,1.3343040845199603,0.5829216135851998,0.34986183761197753
2.0426244483763423,19.581907763680583,7.421367879430377,11.766956630963954,1.2519060845199603,0.5206656135851998,0.2894368376119775
2.078334448376342,19.466807763680585,7.457067879430377,11.953416630963954,1.2052140845199604,0.4858756135851998,0.3031698376119775
2.1140344483763425,19.280307763680582,7.528477879430377,12.179556630963955,1.2107070845199603,0.44467681358519984,0.3700028376119775
2.1497444483763424,19.089927763680585,7.675267879430376,12.294606630963955,1.2583150845199604,0.4648184475851998,0.26288583761197754
2.1497444483763424,18.939167763680583,7.528477879430377,12.179556630963955,1.2226090845199602,0.5069327135851998,0.3031698376119775
2.4076144483763424,18.97883776368058,7.639567879430376,12.104176630963954,1.3700090845199604,0.5206656135851998,0.2958448376119775
3.0701544483763423,19.391407763680583,7.1634878794303765,12.028796630963953,1.6171990845199602,0.5966546135851998,0.3562698376119775
3.324054448376342,19.61760776368058,7.016697879430377,11.842336630963953,1.6995990845199604,0.5966546135851998,0.3031698376119775
3.6216044483763423,20.296007763680585,6.8699178794303775,11.651906630963953,1.6345990845199605,0.3824210135851998,0.3031698376119775
3.7683944483763425,20.708607763680583,6.8342078794303776,11.505116630963954,1.4762090845199602,0.2780506135851998,0.2894368376119775
3.875514448376342,20.748207763680583,6.980997879430377,11.390066630963954,1.3819090845199602,0.2853746135851998,0.34986183761197753
3.6216044483763423,20.859307763680583,7.016697879430377,11.314686630963955,1.2107070845199603,0.3750968135851998,0.2894368376119775
3.6216044483763423,20.859307763680583,7.016697879430377,11.314686630963955,1.2107070845199603,0.3750968135851998,0.2894368376119775
3.5462244483763423,20.78390776368058,7.1634878794303765,11.128226630963955,1.1814110845199604,0.43735261358519983,0.3031698376119775
3.2883544483763423,20.748207763680583,7.274577879430377,10.826706630963955,1.2171160845199602,0.5206656135851998,0.3562698376119775
2.9947744483763423,20.597507763680582,7.1634878794303765,10.600576630963953,1.2757100845199605,0.6589106135851999,0.26288583761197754
3.030474448376342,20.40710776368058,7.3459878794303775,10.410146630963954,1.4936090845199606,0.7980706135851998,0.3635938376119775
2.812274448376342,20.446707763680582,7.528477879430377,10.259386630963952,1.6226990845199603,0.8877916135851998,0.3700028376119775
2.296534448376342,20.482407763680584,7.3102778794303775,10.334766630963953,1.6052990845199604,0.7843376135851998,0.30957783761197755
2.5186944483763423,20.482407763680584,7.861737879430376,10.374436630963952,1.5759990845199603,0.6589106135851999,0.3764118376119775
2.4829944483763424,20.823607763680585,7.897437879430377,10.711656630963954,1.4578990845199602,0.6250356135851998,0.34986183761197753
2.3719044483763425,21.049807763680583,7.8220578794303774,11.052846630963954,1.3050070845199604,0.5829216135851998,0.3031698376119775
2.5901144483763425,21.16080776368058,8.044227879430377,11.203596630963954,1.2876120845199603,0.5966546135851998,0.3361288376119775
2.6654844483763425,21.200507763680584,7.861737879430376,11.390066630963954,1.2931050845199603,0.5481314135851998,0.34345283761197754
2.812274448376342,20.93470776368058,7.897437879430377,11.576526630963954,1.2464130845199604,0.4648184475851998,0.3031698376119775
3.0701544483763423,20.597507763680582,7.9331478794303765,11.505116630963954,1.2638080845199604,0.44467681358519984,0.34986183761197753
3.0701544483763423,20.331707763680583,7.897437879430377,11.691576630963954,1.3754990845199604,0.5618643135851998,0.3297198376119775
3.2169444483763425,20.25630776368058,7.9331478794303765,11.727286630963953,1.4816990845199602,0.6726436135851999,0.34986183761197753
3.4708444483763423,20.220607763680583,8.004557879430376,11.842336630963953,1.6107890845199604,0.6937006135851997,0.3233108376119775
3.4708444483763423,20.296007763680585,7.786357879430377,11.842336630963953,1.6519890845199603,0.6250356135851998,0.3562698376119775
3.399434448376342,20.482407763680584,7.897437879430377,11.917706630963954,1.6995990845199604,0.4996085135851998,0.34986183761197753
3.2526444483763424,20.78390776368058,8.151347879430377,11.842336630963953,1.6931890845199602,0.3888297135851998,0.34986183761197753
3.105854448376342,21.12510776368058,8.004557879430376,12.068466630963954,1.5467090845199603,0.3403066135851998,0.3700028376119775
2.9590644483763424,21.46240776368058,8.115637879430375,12.104176630963954,1.4285990845199605,0.4025626135851998,0.27570383761197753
2.847984448376342,21.537707763680583,8.226727879430376,12.254926630963954,1.3700090845199604,0.4648184475851998,0.3233108376119775
2.7011944483763424,21.799607763680584,8.191017879430376,12.254926630963954,1.2583150845199604,0.4794669135851998,0.34345283761197754
2.5901144483763425,21.914607763680582,8.337777879430377,12.179556630963955,1.1814110845199604,0.4931998135851998,0.28302783761197753
2.296534448376342,21.799607763680584,8.555977879430376,12.104176630963954,1.2107070845199603,0.5481314135851998,0.3635938376119775
2.296534448376342,21.799607763680584,8.555977879430376,12.104176630963954,1.2107070845199603,0.5481314135851998,0.3635938376119775
2.0426244483763423,21.498107763680583,8.885277879430376,12.104176630963954,1.3819090845199602,0.5902456135851998,0.3031698376119775
2.078334448376342,21.72420776368058,8.885277879430376,12.068466630963954,1.4762090845199602,0.6314446135851999,0.34345283761197754
2.1497444483763424,21.839207763680584,8.956677879430377,12.068466630963954,1.5695990845199606,0.6451776135851999,0.3562698376119775
2.3362044483763422,21.99000776368058,8.956677879430377,12.028796630963953,1.5998090845199604,0.6314446135851999,0.30957783761197755
2.6654844483763425,22.25180776368058,8.813877879430375,11.917706630963954,1.5640990845199605,0.5829216135851998,0.3031698376119775
2.6654844483763425,22.25180776368058,8.813877879430375,11.917706630963954,1.5640990845199605,0.5829216135851998,0.3031698376119775
3.105854448376342,22.517707763680583,8.667077879430376,12.028796630963953,1.5467090845199603,0.4648184475851998,0.30957783761197755
3.399434448376342,22.668407763680584,8.480677879430376,11.917706630963954,1.5348090845199605,0.3824210135851998,0.3965528376119775
3.7287244483763424,22.743807763680582,8.444877879430376,11.993086630963955,1.5055090845199603,0.3888297135851998,0.26288583761197754
3.8398044483763423,22.779507763680584,8.444877879430376,11.953416630963954,1.4350090845199603,0.3824210135851998,0.26929483761197753
3.9508844483763426,22.593007763680582,8.337777879430377,11.953416630963954,1.3526190845199602,0.2853746135851998,0.3233108376119775
3.9508844483763426,22.47800776368058,8.337777879430377,11.878036630963955,1.3700090845199604,0.29910761358519977,0.26288583761197754
3.9508844483763426,22.25180776368058,8.262427879430376,11.802656630963954,1.4524090845199602,0.4794669135851998,0.3828208376119775
3.8398044483763423,21.99000776368058,8.115637879430375,11.802656630963954,1.5174090845199601,0.7010246135851999,0.3159868376119775
3.8398044483763423,22.025707763680582,8.191017879430376,11.691576630963954,1.5467090845199603,0.7358146135851997,0.3031698376119775
3.6930144483763425,21.99000776368058,8.191017879430376,11.727286630963953,1.6052990845199604,0.7010246135851999,0.3764118376119775
3.5105244483763425,22.44230776368058,8.226727879430376,12.028796630963953,1.4459990845199604,0.5417227135851999,0.3361288376119775
2.9947744483763423,22.779507763680584,8.262427879430376,12.104176630963954,1.4643090845199604,0.4858756135851998,0.3297198376119775
2.8836844483763424,23.192107763680582,8.337777879430377,12.445356630963953,1.3581090845199602,0.4858756135851998,0.3159868376119775
2.629784448376342,23.684007763680583,8.702777879430377,12.746876630963953,1.1576070845199604,0.2917836135851998,0.26929483761197753
2.6654844483763425,23.759407763680585,8.996377879430376,12.746876630963953,1.1759170845199605,0.3888297135851998,0.28302783761197753
2.7765744483763424,23.795107763680583,8.956677879430377,12.707196630963953,1.3169090845199602,0.5554556135851998,0.34345283761197754
2.923364448376342,23.56900776368058,9.103477879430375,12.746876630963953,1.4459990845199604,0.6525016135851998,0.30957783761197755
3.105854448376342,23.684007763680583,9.067777879430375,12.707196630963953,1.5402990845199604,0.6451776135851999,0.3159868376119775
3.1772644483763424,23.684007763680583,9.103477879430375,12.707196630963953,1.7169990845199603,0.5765126135851998,0.4102858376119775
3.2169444483763425,23.83480776368058,9.143177879430375,12.520736630963953,1.7645990845199604,0.44467681358519984,0.34345283761197754
3.2169444483763425,23.83480776368058,9.143177879430375,12.520736630963953,1.7645990845199604,0.44467681358519984,0.34345283761197754
3.2883544483763423,23.94590776368058,9.143177879430375,12.369986630963954,1.6702990845199603,0.3338976135851998,0.3159868376119775
3.5105244483763425,24.624307763680584,9.032077879430377,12.219226630963954,1.5759990845199603,0.3888297135851998,0.2958448376119775
3.3637344483763423,24.735407763680584,9.178877879430376,12.028796630963953,1.4285990845199605,0.5279898135851998,0.3764118376119775
3.2883544483763423,24.54890776368058,9.289977879430376,11.917706630963954,1.3288100845199604,0.5829216135851998,0.28302783761197753
3.0701544483763423,24.43780776368058,9.325677879430376,11.651906630963953,1.2583150845199604,0.5417227135851999,0.21527883761197752
3.030474448376342,24.060907763680582,9.397077879430377,11.390066630963954,1.3114150845199604,0.5279898135851998,0.3965528376119775
2.8836844483763424,23.83480776368058,9.325677879430376,11.314686630963955,1.4166990845199603,0.6039786135851998,0.26288583761197754
2.7765744483763424,23.608707763680584,9.325677879430376,11.314686630963955,1.5109990845199603,0.7559566135851998,0.2894368376119775
2.4076144483763424,23.533307763680583,9.472477879430375,11.239306630963954,1.6171990845199602,0.8530016135851999,0.3901448376119775
2.260824448376342,23.644407763680583,9.690677879430377,11.390066630963954,1.6290990845199604,0.7907466135851998,0.25556183761197754
2.1894144483763425,23.83480776368058,9.690677879430377,11.727286630963953,1.4936090845199606,0.7559566135851998,0.3562698376119775
2.1894144483763425,24.09660776368058,9.837477879430375,12.028796630963953,1.4405090845199604,0.6525016135851998,0.3361288376119775
2.260824448376342,24.322807763680583,10.019977879430376,12.294606630963955,1.4166990845199603,0.5829216135851998,0.22260283761197752
2.296534448376342,24.660007763680582,9.837477879430375,12.631826630963953,1.4047990845199605,0.5554556135851998,0.3828208376119775
2.5901144483763425,25.03690776368058,9.908877879430376,12.933336630963954,1.4578990845199602,0.4721426635851998,0.3233108376119775
2.5901144483763425,25.03690776368058,9.908877879430376,12.933336630963954,1.4578990845199602,0.4721426635851998,0.3233108376119775
2.8836844483763424,25.076607763680585,9.837477879430375,13.044416630963953,1.4350090845199603,0.3686881135851998,0.2894368376119775
3.1415644483763425,25.338407763680582,9.726377879430377,13.234846630963954,1.4285990845199605,0.3686881135851998,0.34345283761197754
3.4351444483763425,25.338407763680582,9.766077879430377,13.234846630963954,1.5348090845199605,0.4236197135851998,0.3159868376119775
3.6216044483763423,25.302707763680583,9.766077879430377,13.310226630963953,1.5348090845199605,0.4794669135851998,0.3159868376119775
3.7287244483763424,25.453407763680584,9.543877879430376,13.345936630963953,1.5402990845199604,0.5279898135851998,0.34345283761197754
3.875514448376342,25.56450776368058,9.654977879430376,13.159476630963955,1.6226990845199603,0.4858756135851998,0.34345283761197754
3.8398044483763423,25.790707763680583,9.508177879430376,13.084096630963954,1.5933990845199602,0.43735261358519983,0.3562698376119775
3.6930144483763425,25.941407763680584,9.432777879430375,13.008716630963953,1.5586090845199605,0.4309439135851998,0.2958448376119775
3.6930144483763425,26.127907763680582,9.508177879430376,12.857956630963955,1.5228990845199601,0.4236197135851998,0.3361288376119775
3.5105244483763425,26.39370776368058,9.325677879430376,12.782576630963954,1.4990990845199605,0.4098868135851998,0.3233108376119775
3.399434448376342,26.39370776368058,9.397077879430377,12.746876630963953,1.4350090845199603,0.44467681358519984,0.3297198376119775
3.4708444483763423,26.35400776368058,9.579577879430376,12.596116630963953,1.3581090845199602,0.4794669135851998,0.30957783761197755
2.9590644483763424,26.127907763680582,9.579577879430376,12.707196630963953,1.2995140845199602,0.5069327135851998,0.25556183761197754
2.923364448376342,25.679607763680583,9.873177879430376,12.671496630963954,1.2876120845199603,0.5618643135851998,0.34345283761197754
2.7765744483763424,25.528807763680582,9.948477879430376,12.707196630963953,1.3224020845199602,0.5554556135851998,0.26288583761197754
2.3719044483763425,25.263007763680584,9.984277879430376,12.782576630963954,1.3526190845199602,0.5829216135851998,0.27570383761197753
2.3719044483763425,25.263007763680584,9.984277879430376,12.782576630963954,1.3526190845199602,0.5829216135851998,0.27570383761197753
2.629784448376342,25.001207763680583,10.242077879430376,12.746876630963953,1.4166990845199603,0.6799676135851997,0.3764118376119775
2.7369044483763423,25.076607763680585,10.242077879430376,12.893666630963953,1.5174090845199601,0.7147576135851998,0.30957783761197755
2.7765744483763424,25.263007763680584,10.095277879430377,13.195176630963953,1.5586090845199605,0.6937006135851997,0.30957783761197755
3.0701544483763423,25.75500776368058,10.242077879430376,13.159476630963955,1.5814990845199604,0.6872916135851999,0.3764118376119775
3.2526444483763424,26.052507763680584,10.242077879430376,13.310226630963953,1.6290990845199604,0.5206656135851998,0.3031698376119775
3.2883544483763423,26.469107763680583,10.095277879430377,13.460986630963953,1.5402990845199604,0.3613636135851998,0.34986183761197753
3.5105244483763425,26.957007763680583,10.242077879430376,13.536366630963954,1.4578990845199602,0.2780506135851998,0.34345283761197754
3.324054448376342,27.22290776368058,10.166677879430376,13.496686630963953,1.3581090845199602,0.3613636135851998,0.3635938376119775
3.2526444483763424,27.298207763680583,10.384877879430377,13.234846630963954,1.3874090845199603,0.5133414135851998,0.30957783761197755
3.1415644483763425,27.258607763680583,10.384877879430377,13.195176630963953,1.4231090845199605,0.5133414135851998,0.2958448376119775
2.923364448376342,27.409307763680584,10.166677879430376,13.159476630963955,1.3700090845199604,0.5691886135851998,0.34345283761197754
2.8836844483763424,27.484707763680582,10.384877879430377,12.893666630963953,1.4816990845199602,0.6103876135851998,0.34986183761197753
2.629784448376342,27.445007763680582,10.349177879430377,12.933336630963954,1.5879090845199602,0.6589106135851999,0.30957783761197755
2.5186944483763423,27.445007763680582,10.055677879430377,12.707196630963953,1.5228990845199601,0.6872916135851999,0.34345283761197754
2.4076144483763424,27.67120776368058,10.460277879430375,12.746876630963953,1.5640990845199605,0.5765126135851998,0.3159868376119775
2.4076144483763424,27.937007763680583,10.384877879430377,12.822256630963954,1.4816990845199602,0.4858756135851998,0.3031698376119775
2.078334448376342,27.97270776368058,10.495977879430376,12.893666630963953,1.3050070845199604,0.5069327135851998,0.3635938376119775
2.1894144483763425,27.86160776368058,10.900677879430376,12.857956630963955,1.2757100845199605,0.4931998135851998,0.25556183761197754
2.1894144483763425,27.86160776368058,10.900677879430376,12.857956630963955,1.2757100845199605,0.4931998135851998,0.25556183761197754
2.1894144483763425,27.746507763680583,10.972077879430376,12.969046630963954,1.2519060845199603,0.4931998135851998,0.26288583761197754
2.260824448376342,27.37360776368058,10.860977879430376,12.933336630963954,1.2757100845199605,0.5966546135851998,0.3361288376119775
2.7765744483763424,27.107807763680583,11.083177879430377,12.969046630963954,1.4459990845199604,0.6451776135851999,0.3031698376119775
2.923364448376342,26.996707763680583,10.900677879430376,12.822256630963954,1.5640990845199605,0.6387686135851998,0.28302783761197753
3.0701544483763423,26.806307763680582,10.900677879430376,12.782576630963954,1.6290990845199604,0.6387686135851998,0.3361288376119775
3.399434448376342,26.92130776368058,10.936377879430376,12.782576630963954,1.7581890845199601,0.6039786135851998,0.3700028376119775
3.5462244483763423,27.107807763680583,10.936377879430376,12.857956630963955,1.8057990845199603,0.5343985135851999,0.3159868376119775
3.8398044483763423,27.298207763680583,10.860977879430376,12.933336630963954,1.7114990845199602,0.5206656135851998,0.3297198376119775
3.7683944483763425,27.746507763680583,10.972077879430376,13.044416630963953,1.6876990845199602,0.4172110135851998,0.3159868376119775
3.6930144483763425,28.163107763680582,10.900677879430376,13.084096630963954,1.5640990845199605,0.3128406135851998,0.3361288376119775
3.6573144483763422,28.313907763680582,10.936377879430376,13.159476630963955,1.4047990845199605,0.3540396135851998,0.2958448376119775
3.5462244483763423,28.464607763680583,11.083177879430377,13.310226630963953,1.3635990845199601,0.4236197135851998,0.34345283761197754
3.3637344483763423,28.801807763680582,10.936377879430376,13.385606630963954,1.3526190845199602,0.5343985135851999,0.30957783761197755
3.2169444483763425,28.726507763680583,11.047477879430376,13.310226630963953,1.3874090845199603,0.6250356135851998,0.3159868376119775
2.9947744483763423,28.54000776368058,11.229977879430376,13.345936630963953,1.4816990845199602,0.6039786135851998,0.3233108376119775
2.554404448376342,28.615407763680583,11.154577879430375,13.421316630963954,1.5055090845199603,0.5417227135851999,0.2958448376119775
2.5901144483763425,28.726507763680583,11.265677879430376,13.460986630963953,1.5348090845199605,0.5554556135851998,0.34345283761197754
2.4433244483763423,28.726507763680583,11.337077879430376,13.687116630963953,1.5695990845199606,0.5691886135851998,0.2894368376119775
2.3362044483763422,28.841507763680582,11.337077879430376,13.762496630963954,1.5586090845199605,0.5829216135851998,0.3562698376119775
2.629784448376342,28.841507763680582,11.483877879430375,13.762496630963954,1.4816990845199602,0.5691886135851998,0.27570383761197753
2.847984448376342,29.063707763680583,11.483877879430375,13.913256630963954,1.4524090845199602,0.4025626135851998,0.2958448376119775
2.847984448376342,29.063707763680583,11.483877879430375,13.913256630963954,1.4524090845199602,0.4025626135851998,0.2958448376119775
2.9947744483763423,29.17870776368058,11.448177879430377,14.064016630963954,1.4166990845199603,0.3961539135851998,0.3562698376119775
3.1772644483763424,29.02800776368058,11.630677879430376,14.099716630963954,1.3938090845199604,0.4098868135851998,0.2894368376119775
3.2169444483763425,28.841507763680582,11.594977879430376,14.139386630963953,1.4350090845199603,0.3824210135851998,0.25556183761197754
3.4351444483763425,28.615407763680583,11.559277879430375,14.099716630963954,1.4524090845199602,0.4584097535851998,0.3297198376119775
3.5819344483763422,28.464607763680583,11.630677879430376,13.873586630963953,1.5521990845199602,0.4794669135851998,0.3159868376119775
3.6573144483763422,28.34960776368058,11.523577879430377,13.913256630963954,1.6226990845199603,0.4721426635851998,0.3361288376119775
3.5105244483763425,28.424907763680583,11.630677879430376,13.572066630963953,1.6702990845199603,0.5554556135851998,0.3233108376119775
3.3637344483763423,28.615407763680583,11.559277879430375,13.687116630963953,1.6410090845199603,0.5691886135851998,0.3764118376119775
3.324054448376342,29.063707763680583,11.376777879430376,13.762496630963954,1.5109990845199603,0.6103876135851998,0.2491538376119775
2.8836844483763424,29.892807763680583,11.412477879430377,13.572066630963953,1.4285990845199605,0.4721426635851998,0.2958448376119775
2.5901144483763425,30.234007763680584,11.412477879430377,13.647446630963953,1.3050070845199604,0.4236197135851998,0.26929483761197753
2.3362044483763422,30.380807763680583,11.706077879430376,13.762496630963954,1.3288100845199604,0.4172110135851998,0.3297198376119775
2.078334448376342,30.45620776368058,11.706077879430376,13.762496630963954,1.2702170845199605,0.5133414135851998,0.30957783761197755
1.8204544483763425,30.60690776368058,11.852777879430375,13.948966630963954,1.2931050845199603,0.5554556135851998,0.21527883761197752
1.8561644483763424,30.45620776368058,12.253477879430376,13.722826630963954,1.4112090845199603,0.6314446135851999,0.34986183761197753
1.8561644483763424,30.571207763680583,12.146377879430377,13.798206630963954,1.4936090845199606,0.5902456135851998,0.2958448376119775
2.5186944483763423,30.64660776368058,12.070977879430377,13.873586630963953,1.7288990845199605,0.5618643135851998,0.3562698376119775
2.847984448376342,30.722007763680583,11.777477879430377,13.913256630963954,1.7645990845199604,0.5417227135851999,0.30957783761197755
3.0701544483763423,30.757707763680582,11.777477879430377,14.024336630963953,1.6702990845199603,0.4721426635851998,0.25556183761197754
3.5105244483763425,31.13460776368058,11.852777879430375,13.873586630963953,1.5933990845199602,0.3824210135851998,0.3159868376119775
3.4708444483763423,31.059207763680583,11.706077879430376,14.024336630963953,1.4697990845199604,0.3265736135851998,0.2958448376119775
3.6930144483763425,30.908507763680582,11.888577879430375,13.762496630963954,1.3343040845199603,0.3201656135851998,0.24274483761197752
3.6573144483763422,30.60690776368058,11.999577879430376,13.762496630963954,1.3581090845199602,0.4025626135851998,0.25556183761197754
3.6573144483763422,30.60690776368058,11.999577879430376,13.762496630963954,1.3581090845199602,0.4025626135851998,0.25556183761197754
3.6216044483763423,30.269707763680582,11.924277879430376,13.798206630963954,1.4047990845199605,0.4584097535851998,0.3297198376119775
3.5819344483763422,30.083307763680583,11.888577879430375,13.687116630963953,1.4816990845199602,0.5902456135851998,0.26929483761197753
3.4351444483763425,29.70640776368058,11.959977879430376,13.572066630963953,1.6345990845199605,0.6387686135851998,0.2958448376119775
3.105854448376342,29.66670776368058,11.999577879430376,13.687116630963953,1.6822090845199602,0.6387686135851998,0.28302783761197753
3.0701544483763423,29.892807763680583,12.070977879430377,13.687116630963953,1.6519890845199603,0.6937006135851997,0.3159868376119775
2.7369044483763423,30.00790776368058,12.217777879430376,14.024336630963953,1.6931890845199602,0.6039786135851998,0.2958448376119775
2.5901144483763425,30.34510776368058,12.364577879430376,14.214766630963954,1.5467090845199603,0.5902456135851998,0.27570383761197753
2.3362044483763422,30.79740776368058,12.547077879430375,14.401236630963954,1.4112090845199603,0.5554556135851998,0.3233108376119775
2.1497444483763424,31.098907763680582,12.622477879430376,14.587696630963954,1.3581090845199602,0.3824210135851998,0.2024618376119775
2.1140344483763425,31.47580776368058,12.765277879430377,14.702746630963954,1.3169090845199602,0.3338976135851998,0.28302783761197753
2.2251244483763424,31.66220776368058,12.765277879430377,14.738446630963953,1.3407120845199603,0.3540396135851998,0.26929483761197753
2.4433244483763423,31.737607763680582,12.876377879430375,14.813826630963954,1.4231090845199605,0.3961539135851998,0.26929483761197753
2.554404448376342,31.737607763680582,12.876377879430375,14.702746630963954,1.4871990845199603,0.5069327135851998,0.2894368376119775
2.7011944483763424,31.81300776368058,13.098577879430376,14.702746630963954,1.6464990845199603,0.5902456135851998,0.3031698376119775
2.9947744483763423,31.888407763680583,13.134277879430377,14.778126630963953,1.6638890845199605,0.6039786135851998,0.27570383761197753
3.030474448376342,31.92410776368058,13.098577879430376,14.702746630963954,1.6519890845199603,0.5133414135851998,0.3297198376119775
3.1415644483763425,32.03910776368058,13.023177879430376,14.587696630963954,1.7343890845199605,0.4236197135851998,0.26288583761197754
3.2526444483763424,32.07480776368058,13.023177879430376,14.587696630963954,1.7050890845199604,0.3686881135851998,0.30957783761197755
3.1415644483763425,32.225607763680586,12.840677879430377,14.587696630963954,1.6052990845199604,0.3961539135851998,0.3700028376119775
3.1772644483763424,32.26530776368058,12.912077879430376,14.738446630963953,1.5174090845199601,0.3824210135851998,0.22260283761197752
3.1415644483763425,32.34060776368058,12.912077879430376,14.738446630963953,1.3993090845199605,0.3888297135851998,0.3233108376119775
2.9590644483763424,32.07480776368058,12.804977879430377,14.813826630963954,1.3114150845199604,0.4510855135851998,0.34345283761197754
2.812274448376342,31.92410776368058,12.987477879430376,14.663076630963953,1.3224020845199602,0.5343985135851999,0.2024618376119775
2.3719044483763425,31.551207763680583,12.804977879430377,14.587696630963954,1.5283990845199602,0.7495476135851998,0.2958448376119775
2.3719044483763425,31.551207763680583,12.804977879430377,14.587696630963954,1.5283990845199602,0.7495476135851998,0.2958448376119775
1.7847544483763422,31.511507763680584,13.058877879430376,14.476606630963953,1.6410090845199603,0.6525016135851998,0.20886983761197753
1.3443844483763423,31.66220776368058,13.058877879430376,14.436936630963954,1.5640990845199605,0.6250356135851998,0.30957783761197755
1.3800844483763424,31.999507763680583,13.388177879430376,14.476606630963953,1.5759990845199603,0.6103876135851998,0.3361288376119775
1.6379644483763423,32.52710776368058,13.134277879430377,14.476606630963953,1.4643090845199604,0.6177116135851998,0.22260283761197752
1.8561644483763424,32.79290776368058,13.098577879430376,14.627366630963953,1.4350090845199603,0.6250356135851998,0.2958448376119775
1.8561644483763424,32.79290776368058,13.098577879430376,14.627366630963953,1.4350090845199603,0.6250356135851998,0.2958448376119775
2.2251244483763424,33.130107763680584,13.098577879430376,14.361556630963953,1.4459990845199604,0.6314446135851999,0.28302783761197753
2.4829944483763424,33.43170776368058,12.912077879430376,14.361556630963953,1.5228990845199601,0.4721426635851998,0.21527883761197752
2.923364448376342,33.50700776368058,12.765277879430377,14.325856630963953,1.4871990845199603,0.4172110135851998,0.3031698376119775
3.2526444483763424,33.618107763680584,12.912077879430376,14.139386630963953,1.5348090845199605,0.4236197135851998,0.28302783761197753
3.324054448376342,33.46740776368058,12.876377879430375,14.064016630963954,1.5879090845199602,0.4584097535851998,0.26929483761197753
3.4708444483763423,33.50700776368058,12.951777879430376,14.024336630963953,1.5521990845199602,0.5691886135851998,0.30957783761197755
3.399434448376342,33.65780776368058,13.098577879430376,13.988636630963953,1.5695990845199606,0.6799676135851997,0.25556183761197754
3.4708444483763423,33.58240776368058,13.316777879430376,14.250476630963954,1.6410090845199603,0.6451776135851999,0.26929483761197753
3.2526444483763424,33.693507763680586,13.241377879430376,14.286176630963954,1.6464990845199603,0.43735261358519983,0.2894368376119775
3.1415644483763425,33.80850776368058,13.098577879430376,14.325856630963953,1.7050890845199604,0.3961539135851998,0.3233108376119775
2.923364448376342,33.73320776368058,13.098577879430376,14.587696630963954,1.6931890845199602,0.4510855135851998,0.3031698376119775
2.7011944483763424,33.43170776368058,13.134277879430377,14.813826630963954,1.6052990845199604,0.4794669135851998,0.30957783761197755
2.2251244483763424,32.75320776368058,13.388177879430376,15.190726630963955,1.3169090845199602,0.3961539135851998,0.22901183761197752
1.8561644483763424,32.41600776368058,13.717477879430376,15.266096630963954,1.2400040845199602,0.4648184475851998,0.3562698376119775
1.6022544483763423,32.225607763680586,13.792777879430377,15.341476630963953,1.2812030845199605,0.5966546135851998,0.26929483761197753
1.6022544483763423,32.225607763680586,13.792777879430377,15.341476630963953,1.2812030845199605,0.5966546135851998,0.26929483761197753
1.7490444483763423,32.34060776368058,13.792777879430377,15.305776630963953,1.5640990845199605,0.6726436135851999,0.30957783761197755
1.7490444483763423,32.34060776368058,13.792777879430377,15.305776630963953,1.5640990845199605,0.6726436135851999,0.30957783761197755
1.9315444483763424,32.45170776368058,13.903877879430375,15.266096630963954,1.7169990845199603,0.6039786135851998,0.3159868376119775
2.0426244483763423,32.79290776368058,13.903877879430375,15.266096630963954,1.7233990845199605,0.5343985135851999,0.3233108376119775
2.5186944483763423,33.35630776368058,14.086377879430376,15.381156630963954,1.6995990845199604,0.4236197135851998,0.3031698376119775
2.812274448376342,33.65780776368058,13.939577879430376,15.416856630963954,1.6702990845199603,0.3476306135851998,0.30957783761197755
2.923364448376342,34.07040776368058,14.086377879430376,15.492236630963953,1.5879090845199602,0.30551661358519977,0.3031698376119775
3.0701544483763423,34.41160776368058,14.193477879430375,15.456526630963953,1.4936090845199606,0.3265736135851998,0.28302783761197753
2.812274448376342,34.63770776368058,14.046777879430376,15.456526630963953,1.4643090845199604,0.3403066135851998,0.34345283761197754
2.847984448376342,34.71310776368058,14.157777879430377,15.305776630963953,1.4816990845199602,0.4025626135851998,0.28302783761197753
2.7369044483763423,34.63770776368058,14.122077879430377,15.341476630963953,1.5348090845199605,0.4510855135851998,0.2894368376119775
2.4076144483763424,34.673407763680586,14.086377879430376,15.230396630963954,1.5814990845199604,0.4236197135851998,0.3031698376119775
2.2251244483763424,34.71310776368058,14.415677879430376,15.039966630963953,1.6464990845199603,0.4510855135851998,0.3297198376119775
2.1140344483763425,34.71310776368058,14.379977879430378,15.230396630963954,1.6876990845199602,0.4309439135851998,0.26288583761197754
1.8958344483763425,34.74880776368058,14.487077879430377,15.190726630963955,1.6410090845199603,0.4931998135851998,0.27570383761197753
1.6736644483763423,34.85990776368058,14.669577879430378,15.305776630963953,1.6052990845199604,0.5133414135851998,0.3233108376119775
1.4911744483763423,35.086007763680584,14.633877879430376,15.266096630963954,1.5348090845199605,0.5133414135851998,0.2958448376119775
1.3443844483763423,35.086007763680584,14.598177879430377,15.230396630963954,1.4524090845199602,0.5343985135851999,0.28302783761197753
1.2332944483763424,34.93530776368058,14.522777879430375,15.230396630963954,1.4643090845199604,0.5206656135851998,0.3159868376119775
1.3800844483763424,34.85990776368058,14.379977879430378,15.230396630963954,1.4231090845199605,0.5133414135851998,0.24274483761197752
1.4911744483763423,34.56230776368058,14.304577879430376,15.190726630963955,1.4524090845199602,0.5417227135851999,0.3297198376119775
1.7490444483763423,34.26080776368058,14.340277879430378,15.115346630963954,1.5521990845199602,0.5554556135851998,0.3562698376119775
1.9672444483763423,34.07040776368058,14.340277879430378,15.115346630963954,1.5174090845199601,0.5481314135851998,0.22260283761197752
2.4076144483763424,34.034707763680586,14.379977879430378,15.004256630963953,1.5521990845199602,0.5069327135851998,0.3361288376119775
2.7011944483763424,34.26080776368058,14.268877879430375,14.813826630963954,1.6345990845199605,0.4931998135851998,0.27570383761197753
2.7765744483763424,34.48700776368058,14.193477879430375,14.889206630963955,1.6822090845199602,0.5343985135851999,0.3159868376119775
3.105854448376342,35.01060776368058,14.010977879430376,14.778126630963953,1.6822090845199602,0.6589106135851999,0.34345283761197754
3.2526444483763424,35.35180776368058,14.046777879430376,15.004256630963953,1.7050890845199604,0.5829216135851998,0.2894368376119775
3.2526444483763424,35.76440776368058,13.975277879430376,14.964586630963954,1.5759990845199603,0.4584097535851998,0.30957783761197755
3.324054448376342,36.14130776368059,14.046777879430376,15.305776630963953,1.4871990845199603,0.23685261358519982,0.25556183761197754
3.1772644483763424,36.256407763680585,14.157777879430377,15.492236630963953,1.4871990845199603,0.3338976135851998,0.3159868376119775
3.1772644483763424,36.256407763680585,14.157777879430377,15.492236630963953,1.4871990845199603,0.3338976135851998,0.3159868376119775
2.9590644483763424,36.29210776368058,14.046777879430376,15.492236630963953,1.5283990845199602,0.4309439135851998,0.3297198376119775
2.5901144483763425,36.14130776368059,14.086377879430376,15.607286630963953,1.5759990845199603,0.4858756135851998,0.21527883761197752
2.260824448376342,36.21670776368058,14.157777879430377,15.567616630963954,1.5586090845199605,0.4510855135851998,0.4102858376119775
1.4554644483763424,36.03020776368058,14.598177879430377,15.754076630963954,1.5228990845199601,0.5069327135851998,0.3562698376119775
1.3086744483763424,35.95480776368058,15.145677879430377,16.095262630963955,1.4762090845199602,0.4510855135851998,0.25556183761197754
1.3443844483763423,36.065907763680585,15.367877879430377,16.170641630963953,1.4936090845199606,0.3686881135851998,0.3159868376119775
1.4911744483763423,35.87950776368058,15.514577879430377,16.170641630963953,1.5055090845199603,0.3686881135851998,0.3361288376119775
1.4911744483763423,35.65330776368059,15.403577879430376,16.170641630963953,1.5640990845199605,0.4172110135851998,0.2894368376119775
2.002954448376342,35.27640776368058,15.145677879430377,16.206346630963953,1.6345990845199605,0.5279898135851998,0.3361288376119775
2.1497444483763424,35.161407763680586,15.038577879430377,16.246019630963954,1.5933990845199602,0.5417227135851999,0.3635938376119775
2.1140344483763425,35.05030776368058,15.038577879430377,16.206346630963953,1.5879090845199602,0.5417227135851999,0.30957783761197755
2.2251244483763424,35.05030776368058,15.074277879430376,16.206346630963953,1.5348090845199605,0.5618643135851998,0.30957783761197755
2.1894144483763425,35.38750776368058,15.038577879430377,16.206346630963953,1.4936090845199606,0.4098868135851998,0.2958448376119775
2.260824448376342,35.68900776368058,15.145677879430377,16.281725630963955,1.4871990845199603,0.3476306135851998,0.26929483761197753
2.1497444483763424,36.32780776368058,15.038577879430377,16.170641630963953,1.5055090845199603,0.4309439135851998,0.3031698376119775
1.8958344483763425,36.74430776368058,14.891777879430375,16.019884630963954,1.5879090845199602,0.4931998135851998,0.30957783761197755
1.6379644483763423,37.23230776368058,14.963177879430376,15.607286630963953,1.6107890845199604,0.5481314135851998,0.3159868376119775
1.4911744483763423,37.724307763680585,14.963177879430376,15.531906630963954,1.6052990845199604,0.4996085135851998,0.27570383761197753
1.3086744483763424,37.98610776368058,14.998877879430378,15.456526630963953,1.5695990845199606,0.4996085135851998,0.3233108376119775
1.0508044483763423,37.83530776368058,15.367877879430377,15.266096630963954,1.5402990845199604,0.5902456135851998,0.3562698376119775
0.8286344483763424,37.68460776368058,15.514577879430377,15.305776630963953,1.4405090845199604,0.6177116135851998,0.24274483761197752
0.4993504483763423,37.49810776368058,15.732877879430376,15.416856630963954,1.4350090845199603,0.5765126135851998,0.26288583761197754
0.4993504483763423,37.49810776368058,15.732877879430376,15.416856630963954,1.4350090845199603,0.5765126135851998,0.26288583761197754
0.4636454483763423,37.60920776368059,15.843877879430377,15.305776630963953,1.4112090845199603,0.5343985135851999,0.3828208376119775
0.5707614483763424,37.64890776368058,15.879577879430375,15.381156630963954,1.4762090845199602,0.5343985135851999,0.2491538376119775
0.7572244483763422,37.60920776368059,15.697077879430378,15.305776630963953,1.5695990845199606,0.6799676135851997,0.3901448376119775
1.0111344483763423,37.724307763680585,15.879577879430375,15.381156630963954,1.6822090845199602,0.7980706135851998,0.3562698376119775
1.3086744483763424,37.724307763680585,15.808177879430374,15.567616630963954,1.6638890845199605,0.7907466135851998,0.26929483761197753
1.7490444483763423,37.64890776368058,15.843877879430377,15.869127630963954,1.6464990845199603,0.5902456135851998,0.3828208376119775
2.1497444483763424,37.34740776368058,16.062077879430376,15.980211630963954,1.6052990845199604,0.3961539135851998,0.3361288376119775
2.078334448376342,37.08160776368058,16.173177879430376,16.095262630963955,1.5640990845199605,0.2917836135851998,0.2958448376119775
2.1894144483763425,36.81970776368058,16.173177879430376,16.206346630963953,1.5695990845199606,0.2917836135851998,0.2894368376119775
2.1497444483763424,36.59360776368058,16.137477879430374,16.281725630963955,1.6052990845199604,0.4098868135851998,0.34986183761197753
2.1894144483763425,36.51820776368058,15.843877879430377,16.170641630963953,1.6345990845199605,0.5691886135851998,0.30957783761197755
2.296534448376342,36.40310776368058,15.697077879430378,16.206346630963953,1.6757990845199604,0.6103876135851998,0.3635938376119775
2.296534448376342,36.40310776368058,15.697077879430378,16.206346630963953,1.6757990845199604,0.6103876135851998,0.3635938376119775
2.2251244483763424,36.442807763680584,15.514577879430377,15.980211630963954,1.6519890845199603,0.5902456135851998,0.3700028376119775
2.078334448376342,36.74430776368058,15.439277879430374,15.904833630963953,1.6107890845199604,0.5691886135851998,0.3635938376119775
2.002954448376342,37.00620776368058,15.403577879430376,15.944506630963954,1.6052990845199604,0.4794669135851998,0.3635938376119775
1.9315444483763424,37.45840776368058,15.439277879430374,16.095262630963955,1.5467090845199603,0.4172110135851998,0.3361288376119775
1.7847544483763422,37.79570776368058,15.514577879430377,16.321398630963955,1.4643090845199604,0.3824210135851998,0.2894368376119775
1.5268744483763423,38.24790776368059,15.621777879430375,16.321398630963955,1.3993090845199605,0.3201656135851998,0.3233108376119775
1.2332944483763424,38.58910776368059,15.808177879430374,16.357103630963955,1.3526190845199602,0.3201656135851998,0.34345283761197754
1.0865044483763424,38.77560776368058,15.808177879430374,16.432482630963953,1.4231090845199605,0.3403066135851998,0.26929483761197753
1.3443844483763423,38.92630776368058,15.808177879430374,16.622912030963953,1.4871990845199603,0.43735261358519983,0.4166948376119775
1.4554644483763424,38.851007763680585,15.915277879430377,16.733995630963953,1.5879090845199602,0.4931998135851998,0.3562698376119775
1.5268744483763423,38.47410776368058,16.062077879430376,16.960131630963954,1.6464990845199603,0.4648184475851998,0.30957783761197755
1.7490444483763423,38.43840776368059,16.319977879430375,16.960131630963954,1.6464990845199603,0.43735261358519983,0.34986183761197753
1.8561644483763424,38.24790776368059,16.355677879430377,17.035509630963954,1.6931890845199602,0.2917836135851998,0.3700028376119775
1.9672444483763423,38.363007763680585,16.391377879430376,17.221971630963953,1.6638890845199605,0.23685261358519982,0.3297198376119775
1.9672444483763423,38.363007763680585,16.391377879430376,17.221971630963953,1.6638890845199605,0.23685261358519982,0.3297198376119775
2.002954448376342,38.47410776368058,16.573877879430377,17.110887630963955,1.6345990845199605,0.2231196135851998,0.3031698376119775
1.6736644483763423,38.66450776368058,16.466777879430374,17.071215630963955,1.6410090845199603,0.3265736135851998,0.2958448376119775
1.5268744483763423,38.66450776368058,16.427077879430374,16.773668630963954,1.5998090845199604,0.4584097535851998,0.3901448376119775
1.5625844483763422,38.513707763680586,16.427077879430374,16.507860730963955,1.5640990845199605,0.4510855135851998,0.3159868376119775
1.4157944483763423,38.21220776368058,16.427077879430374,16.396776630963952,1.5109990845199603,0.4584097535851998,0.3031698376119775
1.4157944483763423,38.06150776368058,16.649277879430375,15.980211630963954,1.5283990845199602,0.5554556135851998,0.34345283761197754
1.2332944483763424,37.76000776368058,16.720677879430376,15.642992630963954,1.5283990845199602,0.6525016135851998,0.28302783761197753
0.9754244483763423,37.60920776368059,16.796077879430378,15.607286630963953,1.5521990845199602,0.6937006135851997,0.28302783761197753
0.7929294483763423,37.57350776368058,16.942877879430377,15.381156630963954,1.5402990845199604,0.6451776135851999,0.3828208376119775
0.4636454483763423,38.17260776368058,16.760377879430376,15.341476630963953,1.5467090845199603,0.5902456135851998,0.26929483761197753
0.31685544837634233,38.513707763680586,16.903177879430377,15.456526630963953,1.5879090845199602,0.8118036135851998,0.3965528376119775
0.27718244837634226,39.11680776368058,16.684977879430377,15.829454630963953,1.5759990845199603,0.8530016135851999,0.3031698376119775
0.7572244483763422,39.866607763680584,16.684977879430377,16.583239230963954,1.5055090845199603,0.44467681358519984,0.3700028376119775
0.9397144483763424,40.13240776368058,16.502477879430376,16.884752630963952,1.4990990845199605,0.18100461358519981,0.3031698376119775
1.2690044483763423,40.13240776368058,16.466777879430374,17.448107630963953,1.6345990845199605,0.18100461358519981,0.3700028376119775
1.5268744483763423,40.24350776368058,16.319977879430375,17.563158630963954,1.7114990845199602,0.2917836135851998,0.2894368376119775
1.6736644483763423,40.20780776368058,16.319977879430375,17.789296630963953,1.7343890845199605,0.3201656135851998,0.3635938376119775
1.6736644483763423,40.20780776368058,16.319977879430375,17.789296630963953,1.7343890845199605,0.3201656135851998,0.3635938376119775
1.4911744483763423,40.05700776368058,16.284277879430377,17.563158630963954,1.6822090845199602,0.3750968135851998,0.3297198376119775
1.1975944483763423,39.981607763680586,16.502477879430376,17.412401630963952,1.5933990845199602,0.3961539135851998,0.3159868376119775
1.1975944483763423,39.90630776368059,16.796077879430378,17.372728630963955,1.5109990845199603,0.30551661358519977,0.26288583761197754
1.3800844483763424,39.79120776368058,16.903177879430377,17.261644630963954,1.4578990845199602,0.3403066135851998,0.3764118376119775
1.2690044483763423,39.68010776368058,17.089677879430376,17.146593630963952,1.5348090845199605,0.3961539135851998,0.2958448376119775
1.1222144483763423,39.52940776368058,17.125377879430378,16.849047630963952,1.5348090845199605,0.4721426635851998,0.30957783761197755
0.9754244483763423,39.41430776368058,17.089677879430376,16.809374630963955,1.5586090845199605,0.4309439135851998,0.3562698376119775
0.5707614483763424,39.001707763680585,16.978577879430375,16.809374630963955,1.6052990845199604,0.4721426635851998,0.3965528376119775
0.20577144837634226,38.62480776368058,17.196777879430375,16.733995630963953,1.5521990845199602,0.6387686135851998,0.2958448376119775
0.19889152162365772,38.398707763680584,17.490377879430376,16.960131630963954,1.5228990845199601,0.6799676135851997,0.3233108376119775
0.12351305162365772,38.21220776368058,17.672877879430377,17.221971630963953,1.4285990845199605,0.6387686135851998,0.3700028376119775
0.08780755162365772,38.363007763680585,17.712477879430377,17.297350630963955,1.3462090845199604,0.5133414135851998,0.2491538376119775
0.13039344837634226,38.70020776368058,17.819577879430376,17.261644630963954,1.4166990845199603,0.4510855135851998,0.3233108376119775
0.31685544837634233,39.227907763680584,17.819577879430376,17.071215630963955,1.4990990845199605,0.5133414135851998,0.3361288376119775
0.4993504483763423,39.94200776368058,17.712477879430377,16.960131630963954,1.6052990845199604,0.6177116135851998,0.34986183761197753
0.9040144483763424,40.469607763680585,17.748177879430376,16.849047630963952,1.7407990845199603,0.6314446135851999,0.3700028376119775
1.1222144483763423,41.14800776368058,17.454677879430378,16.733995630963953,1.7526990845199601,0.5829216135851998,0.3233108376119775
1.1222144483763423,41.14800776368058,17.454677879430378,16.733995630963953,1.7526990845199601,0.5829216135851998,0.3233108376119775
1.3086744483763424,41.71140776368058,17.601377879430377,16.507860730963955,1.6290990845199604,0.3540396135851998,0.3297198376119775
1.1975944483763423,41.82640776368058,17.490377879430376,16.432482630963953,1.5174090845199601,0.3128406135851998,0.26929483761197753
1.1975944483763423,41.82640776368058,17.490377879430376,16.432482630963953,1.5174090845199601,0.3128406135851998,0.26929483761197753
1.1975944483763423,41.75110776368058,17.454677879430378,16.246019630963954,1.5174090845199601,0.44467681358519984,0.3233108376119775
1.1222144483763423,41.63600776368058,17.343577879430377,16.170641630963953,1.5055090845199603,0.6314446135851999,0.3233108376119775
0.9397144483763424,41.33450776368058,17.565677879430375,16.055590630963955,1.5174090845199601,0.7010246135851999,0.30957783761197755
0.9397144483763424,41.18370776368059,17.601377879430377,16.396776630963952,1.5228990845199601,0.5966546135851998,0.3562698376119775
0.5350564483763423,40.735407763680584,17.930677879430377,16.849047630963952,1.5695990845199606,0.4794669135851998,0.3159868376119775
0.5350564483763423,40.735407763680584,17.930677879430377,16.849047630963952,1.5695990845199606,0.4794669135851998,0.3159868376119775
0.31685544837634233,40.469607763680585,18.148877879430376,17.146593630963952,1.5283990845199602,0.4510855135851998,0.3159868376119775
0.12351305162365772,40.16810776368058,18.442477879430378,17.261644630963954,1.4871990845199603,0.4236197135851998,0.3635938376119775
0.4170925516236577,39.866607763680584,18.406777879430376,17.448107630963953,1.4459990845199604,0.3750968135851998,0.26288583761197754
0.7106715516236577,39.60470776368058,18.442477879430378,17.523485630963954,1.4112090845199603,0.4309439135851998,0.3764118376119775
0.7503445516236578,39.52940776368058,18.442477879430378,17.563158630963954,1.4350090845199603,0.5554556135851998,0.3635938376119775
0.7503445516236578,39.41430776368058,18.224277879430375,17.638536630963955,1.4578990845199602,0.6451776135851999,0.30957783761197755
0.5638815516236577,39.37860776368058,18.224277879430375,17.598866630963954,1.4936090845199606,0.6799676135851997,0.4505698376119775
0.19889152162365772,39.68010776368058,18.148877879430376,17.598866630963954,1.5055090845199603,0.5902456135851998,0.2958448376119775
0.0946874483763423,39.981607763680586,17.966377879430375,17.749616630963953,1.4459990845199604,0.4172110135851998,0.3233108376119775
0.6104344483763422,40.62040776368058,17.930677879430377,17.713916630963954,1.3700090845199604,0.2917836135851998,0.3828208376119775
0.7929294483763423,41.18370776368059,17.855277879430375,17.900376630963954,1.3343040845199603,0.30551661358519977,0.25556183761197754
0.8286344483763424,41.82640776368058,17.783877879430378,17.749616630963953,1.2702170845199605,0.3540396135851998,0.3635938376119775
1.0865044483763424,42.87780776368058,17.783877879430378,17.713916630963954,1.2876120845199603,0.2643176135851998,0.3031698376119775
1.1222144483763423,43.02850776368058,17.855277879430375,17.900376630963954,1.3224020845199602,0.1745966135851998,0.3635938376119775
1.0865044483763424,43.10390776368058,17.966377879430375,17.713916630963954,1.3874090845199603,0.20938661358519983,0.3297198376119775
0.9397144483763424,42.80240776368058,17.966377879430375,17.638536630963955,1.4697990845199604,0.2716426135851998,0.34986183761197753
0.9754244483763423,42.61590776368058,17.930677879430377,17.487780630963954,1.4816990845199602,0.3338976135851998,0.3233108376119775
0.7929294483763423,42.576207763680586,17.894977879430375,17.487780630963954,1.4524090845199602,0.3476306135851998,0.3965528376119775
0.7929294483763423,42.576207763680586,17.894977879430375,17.487780630963954,1.4524090845199602,0.3476306135851998,0.3965528376119775
0.5350564483763423,42.425507763680585,17.930677879430377,17.412401630963952,1.3635990845199601,0.3824210135851998,0.3901448376119775
0.31685544837634233,42.27470776368058,17.966377879430375,17.337023630963955,1.2107070845199603,0.4309439135851998,0.3159868376119775
0.016396551623657718,42.08830776368059,18.113177879430378,17.186266630963953,1.1466210845199605,0.4858756135851998,0.34986183761197753
0.38138655162365775,41.786807763680585,18.188577879430376,17.186266630963953,1.1228170845199603,0.4584097535851998,0.3361288376119775
0.4170925516236577,41.48520776368058,18.517877879430376,17.186266630963953,1.1466210845199605,0.4721426635851998,0.3361288376119775
0.7106715516236577,41.18370776368059,18.624977879430375,17.186266630963953,1.2171160845199602,0.5133414135851998,0.3233108376119775
0.7503445516236578,40.88220776368058,18.807477879430376,17.071215630963955,1.3224020845199602,0.5618643135851998,0.3562698376119775
0.5638815516236577,40.62040776368058,18.918577879430376,17.035509630963954,1.3819090845199602,0.6589106135851999,0.34345283761197754
0.4924705516236577,40.28320776368058,18.807477879430376,17.110887630963955,1.3938090845199604,0.6387686135851998,0.30957783761197755
0.12351305162365772,40.13240776368058,18.954277879430375,17.110887630963955,1.3819090845199602,0.5618643135851998,0.4304278376119775
0.016396551623657718,40.09270776368058,18.807477879430376,17.487780630963954,1.3169090845199602,0.5554556135851998,0.3361288376119775
0.24147744837634227,40.16810776368058,18.882877879430374,17.713916630963954,1.2812030845199605,0.5481314135851998,0.30957783761197755
0.31685544837634233,40.62040776368058,18.918577879430376,17.824996630963952,1.2290180845199603,0.5481314135851998,0.3901448376119775
0.35256144837634223,41.108307763680585,18.954277879430375,18.015426630963955,1.2171160845199602,0.4236197135851998,0.3159868376119775
0.27718244837634226,41.82640776368058,18.882877879430374,17.940046630963955,1.2052140845199604,0.2853746135851998,0.3635938376119775
0.27718244837634226,42.38980776368058,18.847177879430376,18.090806630963954,1.3114150845199604,0.1947376135851998,0.3562698376119775
0.24147744837634227,42.80240776368058,18.700377879430377,17.940046630963955,1.3288100845199604,0.2295276135851998,0.3031698376119775
0.20577144837634226,43.254707763680585,18.700377879430377,17.789296630963953,1.3993090845199605,0.3128406135851998,0.3828208376119775
0.13039344837634226,43.44510776368058,18.700377879430377,17.638536630963955,1.4047990845199605,0.3476306135851998,0.4102858376119775
0.05210155162365773,43.48080776368059,18.700377879430377,17.638536630963955,1.3050070845199604,0.4309439135851998,0.2958448376119775
0.16318595162365773,43.671207763680584,18.847177879430376,17.563158630963954,1.1933120845199605,0.44467681358519984,0.3361288376119775
0.45676555162365773,43.48080776368059,18.954277879430375,17.598866630963954,1.1164080845199602,0.44467681358519984,0.3901448376119775
0.45676555162365773,43.48080776368059,18.954277879430375,17.598866630963954,1.1164080845199602,0.44467681358519984,0.3901448376119775
0.6749655516236577,43.29430776368058,19.065377879430375,17.674246630963953,1.0111220845199602,0.4794669135851998,0.34345283761197754
0.8217555516236577,43.36970776368058,19.247877879430376,17.824996630963952,0.9937270845199604,0.4931998135851998,0.34986183761197753
1.2264155516236577,43.218907763680576,19.430377879430377,17.864676630963952,1.0642230845199605,0.4721426635851998,0.3159868376119775
1.3375055516236576,43.17930776368058,19.577077879430377,18.051136630963953,1.1283100845199603,0.5133414135851998,0.4102858376119775
1.4089155516236576,43.10390776368058,19.799277879430377,18.166186630963953,1.2702170845199605,0.5765126135851998,0.3635938376119775
1.3375055516236576,42.87780776368058,19.759577879430378,18.428026630963952,1.2876120845199603,0.5691886135851998,0.4102858376119775
1.2264155516236577,42.727007763680575,19.906377879430377,18.352646630963953,1.2757100845199605,0.4510855135851998,0.3828208376119775
1.1510395516236578,42.31440776368058,19.688177879430377,18.277266630963954,1.2345110845199603,0.3961539135851998,0.34345283761197754
0.8217555516236577,42.08830776368059,19.652477879430375,18.316946630963955,1.2226090845199602,0.3961539135851998,0.3764118376119775
0.5638815516236577,41.90180776368058,19.430377879430377,18.090806630963954,1.1695090845199605,0.4098868135851998,0.3233108376119775
0.30997555162365775,41.90180776368058,19.212177879430374,18.015426630963955,1.1576070845199604,0.5417227135851999,0.4166948376119775
0.30997555162365775,41.862107763680584,19.101077879430377,17.824996630963952,1.0752090845199604,0.6525016135851998,0.2894368376119775
0.19889152162365772,42.01290776368059,19.247877879430376,17.674246630963953,0.9937270845199604,0.6662346135851998,0.2958448376119775
0.19889152162365772,42.01290776368059,19.247877879430376,17.674246630963953,0.9937270845199604,0.6662346135851998,0.2958448376119775
0.23459705162365774,42.239007763680576,19.065377879430375,17.448107630963953,0.9580220845199604,0.6250356135851998,0.3828208376119775
0.16318595162365773,42.61590776368058,19.176477879430376,17.261644630963954,0.9992210845199604,0.5618643135851998,0.3233108376119775
0.016396551623657718,43.02850776368058,19.029677879430377,17.110887630963955,1.0752090845199604,0.5417227135851999,0.30957783761197755
0.08780755162365772,43.44510776368058,19.029677879430377,16.960131630963954,1.1988060845199604,0.5902456135851998,0.3233108376119775
0.13039344837634226,43.96880776368059,19.065377879430375,16.809374630963955,1.2464130845199604,0.5691886135851998,0.3361288376119775
0.17006644837634227,44.234607763680586,18.993977879430375,16.884752630963952,1.2290180845199603,0.4648184475851998,0.3764118376119775
0.13039344837634226,44.61150776368058,19.065377879430375,17.071215630963955,1.1466210845199605,0.3888297135851998,0.26929483761197753
0.016396551623657718,44.83760776368058,19.176477879430376,17.261644630963954,1.0459130845199605,0.2716426135851998,0.4304278376119775
0.38138655162365775,44.64720776368058,19.430377879430377,17.749616630963953,0.8930190845199604,0.3961539135851998,0.28302783761197753
0.7860495516236576,44.46070776368059,19.469977879430377,18.015426630963955,0.9525290845199603,0.3961539135851998,0.4505698376119775
0.8971335516236578,44.00840776368058,19.577077879430377,18.241566630963952,0.9754170845199603,0.3961539135851998,0.34345283761197754
0.9685445516236577,43.78230776368058,19.688177879430377,18.428026630963952,1.0285180845199604,0.3888297135851998,0.3159868376119775
1.1153345516236577,43.556207763680575,19.834977879430376,18.503406630963955,1.0816180845199603,0.4172110135851998,0.4368368376119775
1.0796285516236577,43.330007763680584,19.946077879430376,18.503406630963955,1.0816180845199603,0.3961539135851998,0.30957783761197755
1.0796285516236577,43.330007763680584,19.946077879430376,18.503406630963955,1.0816180845199603,0.3961539135851998,0.30957783761197755
0.9328395516236576,43.14360776368058,20.092877879430375,18.729536630963953,1.0578140845199604,0.3686881135851998,0.3764118376119775
0.7106715516236577,42.87780776368058,20.164277879430376,18.80491663096395,1.0459130845199605,0.3128406135851998,0.3635938376119775
0.6035545516236578,42.65160776368059,20.346777879430377,18.689866630963955,1.0111220845199602,0.3128406135851998,0.30957783761197755
0.5281765516236577,42.65160776368059,20.346777879430377,18.765246630963954,0.9287250845199604,0.3613636135851998,0.3562698376119775
0.5281765516236577,42.425507763680585,20.422177879430375,18.689866630963955,0.9635150845199604,0.3961539135851998,0.3901448376119775
0.6392605516236578,42.203307763680584,20.457877879430377,18.578786630963954,0.9113300845199603,0.3961539135851998,0.28302783761197753
0.6392605516236578,42.08830776368059,20.382477879430375,18.428026630963952,0.9342180845199604,0.4172110135851998,0.3297198376119775
0.7503445516236578,41.90180776368058,20.422177879430375,18.352646630963953,1.0285180845199604,0.4648184475851998,0.4102858376119775
0.7106715516236577,41.90180776368058,20.346777879430377,18.277266630963954,0.9992210845199604,0.5279898135851998,0.3562698376119775
0.7503445516236578,41.90180776368058,20.053177879430375,18.277266630963954,0.9754170845199603,0.5829216135851998,0.3764118376119775
0.6749655516236577,41.937507763680586,19.981777879430375,18.051136630963953,0.9525290845199603,0.5069327135851998,0.3562698376119775
0.6035545516236578,42.35010776368058,19.616777879430376,18.015426630963955,0.8875260845199604,0.44467681358519984,0.3901448376119775
0.7106715516236577,42.87780776368058,19.469977879430377,18.051136630963953,0.8756240845199603,0.3403066135851998,0.3901448376119775
0.7860495516236576,43.520507763680584,19.358877879430377,18.051136630963953,0.8051290845199603,0.4098868135851998,0.3764118376119775
0.8971335516236578,44.11950776368059,19.283577879430375,18.090806630963954,0.8051290845199603,0.4931998135851998,0.3233108376119775
0.9685445516236577,44.57180776368058,19.469977879430377,18.090806630963954,0.7465350845199603,0.5069327135851998,0.30957783761197755
0.9685445516236577,44.57180776368058,19.469977879430377,18.090806630963954,0.7465350845199603,0.5069327135851998,0.30957783761197755
0.9685445516236577,45.43670776368059,19.723877879430376,18.015426630963955,0.7758320845199604,0.3128406135851998,0.3828208376119775
1.1153345516236577,45.47630776368058,19.906377879430377,17.824996630963952,0.9049210845199603,0.2853746135851998,0.3965528376119775
1.3732055516236576,45.43670776368059,19.870677879430374,17.713916630963954,0.9754170845199603,0.3338976135851998,0.27570383761197753
1.3375055516236576,45.47630776368058,20.053177879430375,17.749616630963953,1.0523210845199604,0.4510855135851998,0.4505698376119775
1.3732055516236576,45.174807763680576,20.128577879430377,17.900376630963954,1.0404190845199603,0.4721426635851998,0.3828208376119775
1.4485855516236577,44.94870776368059,20.199977879430374,18.126516630963955,0.8756240845199603,0.4648184475851998,0.3031698376119775
1.4485855516236577,44.72250776368058,20.493577879430376,18.126516630963955,0.7987200845199603,0.43735261358519983,0.4231038376119775
1.4089155516236576,44.536107763680576,20.568977879430378,18.463736630963954,0.7346330845199603,0.4309439135851998,0.3233108376119775
1.3375055516236576,44.46070776368059,20.529277879430374,18.578786630963954,0.7163230845199604,0.3888297135851998,0.3361288376119775
1.1907125516236576,44.34570776368058,20.822877879430376,18.765246630963954,0.8225240845199604,0.3824210135851998,0.3635938376119775
1.4089155516236576,44.11950776368059,20.568977879430378,18.840626630963953,0.9168230845199603,0.4098868135851998,0.3700028376119775
1.3017955516236577,43.85770776368058,20.711777879430375,18.840626630963953,1.0404190845199603,0.3961539135851998,0.4231038376119775
1.4485855516236577,43.671207763680584,20.568977879430378,18.654166630963953,1.0340110845199604,0.3888297135851998,0.3635938376119775
1.3375055516236576,43.44510776368058,20.604677879430376,18.689866630963955,0.9937270845199604,0.3888297135851998,0.3361288376119775
1.3017955516236577,43.29430776368058,20.604677879430376,18.578786630963954,0.8811180845199603,0.4236197135851998,0.4029618376119775
1.3375055516236576,42.95310776368058,20.640377879430375,18.654166630963953,0.7932270845199604,0.5481314135851998,0.3297198376119775
1.3017955516236577,42.87780776368058,20.604677879430376,18.463736630963954,0.6641380845199604,0.6799676135851997,0.3233108376119775
1.3017955516236577,42.99280776368059,20.711777879430375,18.614486630963953,0.6522360845199604,0.6387686135851998,0.3297198376119775
1.4089155516236576,43.10390776368058,20.568977879430378,18.578786630963954,0.6284320845199604,0.5554556135851998,0.3233108376119775
1.4485855516236577,43.405407763680586,20.640377879430375,18.614486630963953,0.6522360845199604,0.5133414135851998,0.3764118376119775
1.4089155516236576,43.78230776368058,20.676077879430377,18.352646630963953,0.7346330845199603,0.4996085135851998,0.3562698376119775
1.3017955516236577,44.194907763680575,20.822877879430376,18.614486630963953,0.8399190845199603,0.4721426635851998,0.34345283761197754
1.2621255516236576,44.76220776368058,20.822877879430376,18.916006630963953,0.8582290845199604,0.4931998135851998,0.3635938376119775
1.2621255516236576,45.06370776368058,21.044977879430377,19.031056630963953,0.9461200845199603,0.3686881135851998,0.3233108376119775
1.2621255516236576,45.55170776368058,20.969677879430375,18.765246630963954,0.8811180845199603,0.3128406135851998,0.34986183761197753
1.2264155516236577,46.15470776368058,20.898277879430378,18.689866630963955,0.9113300845199603,0.2716426135851998,0.3562698376119775
1.2264155516236577,46.265807763680584,20.898277879430378,18.654166630963953,0.8701310845199604,0.3750968135851998,0.3764118376119775
1.1907125516236576,46.341207763680586,20.898277879430378,18.578786630963954,0.8344260845199604,0.4309439135851998,0.3233108376119775
1.3375055516236576,46.19040776368058,21.005377879430377,18.352646630963953,0.7465350845199603,0.4098868135851998,0.3965528376119775
1.2621255516236576,45.85320776368059,21.044977879430377,18.201886630963955,0.6934350845199604,0.3888297135851998,0.3159868376119775
1.1153345516236577,45.81360776368058,21.080777879430375,18.015426630963955,0.7401260845199604,0.4025626135851998,0.34345283761197754
1.1907125516236576,45.662807763680576,21.187877879430378,17.864676630963952,0.7932270845199604,0.4584097535851998,0.3700028376119775
1.3017955516236577,45.47630776368058,21.227477879430378,17.713916630963954,0.8875260845199604,0.5481314135851998,0.34986183761197753
1.3375055516236576,45.21050776368058,21.334677879430377,17.638536630963955,0.9754170845199603,0.6039786135851998,0.3828208376119775
1.1510395516236578,44.94870776368059,21.445677879430377,17.487780630963954,0.9406270845199604,0.5966546135851998,0.3297198376119775
1.1907125516236576,44.57180776368058,21.592477879430376,17.638536630963955,0.8994280845199604,0.5554556135851998,0.34986183761197753
1.1907125516236576,44.31000776368059,21.556777879430378,17.749616630963953,0.7813250845199604,0.5417227135851999,0.3764118376119775
1.2621255516236576,43.93310776368058,21.739277879430375,18.090806630963954,0.7575210845199604,0.5279898135851998,0.27570383761197753
1.3732055516236576,43.706907763680576,21.521077879430376,18.201886630963955,0.6870260845199604,0.6103876135851998,0.4029618376119775
1.6667855516236576,43.556207763680575,21.592477879430376,18.388356630963955,0.7758320845199604,0.5691886135851998,0.3361288376119775
1.8492855516236577,43.36970776368058,21.481377879430376,18.503406630963955,0.7877340845199603,0.5279898135851998,0.27570383761197753
2.107155551623658,43.17930776368058,21.409977879430375,18.689866630963955,0.8463280845199603,0.4794669135851998,0.4368368376119775
2.107155551623658,43.10390776368058,21.409977879430375,18.689866630963955,0.8582290845199604,0.4236197135851998,0.2958448376119775
2.0714455516236576,43.02850776368058,21.409977879430375,18.840626630963953,0.8225240845199604,0.3888297135851998,0.3031698376119775
2.142865551623658,43.17930776368058,21.227477879430378,18.880296630963954,0.8051290845199603,0.4721426635851998,0.3965528376119775
1.9246655516236577,43.63150776368059,21.263177879430376,19.106436630963955,0.7813250845199604,0.4584097535851998,0.34345283761197754
1.9960755516236577,44.00840776368058,21.116477879430377,19.217516630963953,0.6989280845199604,0.4510855135851998,0.3635938376119775
1.9960755516236577,44.00840776368058,21.116477879430377,19.217516630963953,0.6989280845199604,0.4510855135851998,0.3635938376119775
1.8492855516236577,44.797907763680584,21.005377879430377,19.217516630963953,0.6751240845199604,0.4236197135851998,0.4166948376119775
1.7778755516236577,45.361307763680585,21.005377879430377,19.292896630963952,0.7282250845199604,0.2917836135851998,0.3031698376119775
1.7024955516236577,46.004007763680576,20.969677879430375,19.443656630963954,0.6815330845199603,0.2505846135851998,0.3901448376119775
1.4485855516236577,46.341207763680586,21.044977879430377,19.407946630963952,0.8170310845199604,0.1608636135851998,0.3031698376119775
1.3732055516236576,46.68240776368059,21.080777879430375,19.519026630963953,0.8875260845199604,0.2020616135851998,0.25556183761197754
1.1510395516236578,46.829207763680586,21.187877879430378,19.558706630963954,0.8756240845199603,0.2569936135851998,0.4304278376119775
1.1153345516236577,46.94420776368058,21.298977879430375,19.634076630963953,0.9168230845199603,0.2295276135851998,0.3233108376119775
1.3017955516236577,46.90460776368059,21.298977879430375,19.292896630963952,0.8225240845199604,0.1608636135851998,0.34345283761197754
1.3732055516236576,46.68240776368059,21.374277879430377,19.031056630963953,0.8463280845199603,0.11874861358519984,0.3828208376119775
1.3732055516236576,46.265807763680584,21.334677879430377,18.840626630963953,0.8518210845199604,0.23685261358519982,0.3635938376119775
1.5953755516236576,46.115107763680584,21.409977879430375,18.689866630963955,0.8756240845199603,0.3961539135851998,0.3700028376119775
1.5953755516236576,45.92860776368059,21.481377879430376,18.503406630963955,0.8399190845199603,0.5481314135851998,0.34345283761197754
1.7421655516236576,45.58740776368059,21.592477879430376,18.463736630963954,0.7877340845199603,0.5829216135851998,0.3562698376119775
1.7024955516236577,45.361307763680585,21.774977879430377,18.241566630963952,0.6989280845199604,0.4996085135851998,0.34986183761197753
1.5953755516236576,45.06370776368058,21.703577879430377,18.201886630963955,0.6815330845199603,0.4025626135851998,0.3297198376119775
1.7421655516236576,44.91300776368058,21.628177879430375,18.090806630963954,0.7282250845199604,0.43735261358519983,0.34345283761197754
1.8492855516236577,44.72250776368058,21.663877879430377,18.051136630963953,0.8051290845199603,0.5279898135851998,0.4304278376119775
2.107155551623658,44.536107763680576,21.628177879430375,18.090806630963954,0.8811180845199603,0.6314446135851999,0.2894368376119775
2.107155551623658,44.536107763680576,21.628177879430375,18.090806630963954,0.8811180845199603,0.6314446135851999,0.2894368376119775
2.142865551623658,44.234607763680586,21.628177879430375,18.126516630963955,0.8518210845199604,0.6799676135851997,0.34345283761197754
2.107155551623658,44.11950776368059,21.663877879430377,18.388356630963955,0.8289330845199603,0.5902456135851998,0.4231038376119775
2.142865551623658,43.893407763680585,21.774977879430377,18.539106630963953,0.6751240845199604,0.5343985135851999,0.3562698376119775
2.2539455516236577,43.74260776368058,21.810677879430376,18.765246630963954,0.6284320845199604,0.4648184475851998,0.3159868376119775
2.2539455516236577,43.78230776368058,21.886077879430378,19.066756630963955,0.6403340845199603,0.5554556135851998,0.4231038376119775
2.2896555516236576,43.93310776368058,21.739277879430375,19.407946630963952,0.6989280845199604,0.6314446135851999,0.3635938376119775
2.142865551623658,44.11950776368059,21.850377879430376,19.558706630963954,0.7575210845199604,0.5206656135851998,0.3562698376119775
2.218235551623658,44.57180776368058,21.850377879430376,19.669786630963955,0.8051290845199603,0.4098868135851998,0.4029618376119775
2.182535551623658,45.024107763680576,21.957477879430375,19.594406630963952,0.7932270845199604,0.3265736135851998,0.3031698376119775
2.107155551623658,45.47630776368058,22.032877879430377,19.519026630963953,0.7932270845199604,0.2505846135851998,0.3828208376119775
1.9246655516236577,45.92860776368059,21.921777879430376,19.483326630963955,0.8463280845199603,0.23685261358519982,0.4368368376119775
1.8492855516236577,46.41660776368059,22.068577879430375,19.368276630963955,0.8582290845199604,0.29910761358519977,0.3297198376119775
1.8135755516236576,46.79350776368058,21.997177879430375,19.257186630963954,0.8225240845199604,0.4098868135851998,0.34345283761197754
1.8135755516236576,47.170407763680586,22.139977879430376,19.106436630963955,0.7932270845199604,0.44467681358519984,0.4102858376119775
1.8135755516236576,47.32110776368059,22.215377879430378,18.80491663096395,0.7282250845199604,0.3613636135851998,0.27570383761197753
1.9603655516236578,47.245707763680585,22.215377879430378,18.765246630963954,0.7346330845199603,0.3201656135851998,0.3361288376119775
2.0714455516236576,47.095007763680584,22.362177879430376,18.503406630963955,0.7877340845199603,0.3686881135851998,0.4231038376119775
2.0714455516236576,46.90460776368059,22.326477879430374,18.614486630963953,0.8051290845199603,0.4309439135851998,0.30957783761197755
2.0714455516236576,46.56730776368059,22.473277879430377,18.689866630963955,0.7932270845199604,0.6314446135851999,0.3361288376119775
2.0714455516236576,46.56730776368059,22.473277879430377,18.689866630963955,0.7932270845199604,0.6314446135851999,0.3361288376119775
2.182535551623658,46.265807763680584,22.655777879430374,18.729536630963953,0.7877340845199603,0.5829216135851998,0.4368368376119775
2.2539455516236577,46.15470776368058,22.691477879430376,18.614486630963953,0.7401260845199604,0.4025626135851998,0.26929483761197753
2.3650255516236576,46.03970776368058,22.802577879430377,18.578786630963954,0.7575210845199604,0.29910761358519977,0.3828208376119775
2.5832255516236575,45.81360776368058,22.838277879430375,18.539106630963953,0.8289330845199603,0.3476306135851998,0.4505698376119775
2.6586055516236575,45.662807763680576,22.873977879430377,18.578786630963954,0.8637230845199604,0.5206656135851998,0.28302783761197753
2.7300155516236577,45.21050776368058,22.909677879430376,18.503406630963955,0.8930190845199604,0.6314446135851999,0.4102858376119775
2.8053955516236577,44.873307763680586,22.873977879430377,18.654166630963953,0.8756240845199603,0.6937006135851997,0.3159868376119775
2.7300155516236577,44.64720776368058,22.984977879430375,18.539106630963953,0.7108300845199604,0.5966546135851998,0.3361288376119775
2.7300155516236577,44.64720776368058,22.984977879430375,18.539106630963953,0.7108300845199604,0.5966546135851998,0.3361288376119775
2.8411055516236576,44.536107763680576,23.092177879430377,18.689866630963955,0.6751240845199604,0.5133414135851998,0.4029618376119775
2.9521855516236575,44.385307763680586,22.945377879430374,18.578786630963954,0.7346330845199603,0.6250356135851998,0.4029618376119775
2.9521855516236575,44.385307763680586,22.945377879430374,18.578786630963954,0.7346330845199603,0.6250356135851998,0.4029618376119775
2.9164855516236576,44.49640776368058,22.873977879430377,18.765246630963954,0.8994280845199604,0.6314446135851999,0.4029618376119775
2.8411055516236576,44.72250776368058,22.727177879430375,18.729536630963953,0.8811180845199603,0.6799676135851997,0.34345283761197754
2.6586055516236575,45.024107763680576,22.727177879430375,18.916006630963953,0.8289330845199603,0.6039786135851998,0.3700028376119775
2.3650255516236576,45.21050776368058,22.655777879430374,19.031056630963953,0.7575210845199604,0.4510855135851998,0.3828208376119775
2.0714455516236576,45.40100776368058,22.473277879430377,19.142136630963954,0.6641380845199604,0.2780506135851998,0.3233108376119775
1.7778755516236577,45.88890776368058,22.326477879430374,19.483326630963955,0.6641380845199604,0.24326061358519982,0.3233108376119775
1.7778755516236577,45.88890776368058,22.326477879430374,19.483326630963955,0.6641380845199604,0.24326061358519982,0.3233108376119775
1.5557055516236578,46.265807763680584,22.179677879430375,19.519026630963953,0.7575210845199604,0.29910761358519977,0.3635938376119775
1.5953755516236576,46.753807763680584,21.850377879430376,19.634076630963953,0.7987200845199603,0.2295276135851998,0.3901448376119775
1.5557055516236578,47.095007763680584,21.739277879430375,19.443656630963954,0.8701310845199604,0.18100461358519981,0.30957783761197755
1.4842955516236576,47.32110776368059,21.628177879430375,19.407946630963952,0.9223160845199604,0.1745966135851998,0.4231038376119775
1.5953755516236576,47.43220776368058,21.703577879430377,19.292896630963952,0.8463280845199603,0.1947376135851998,0.3828208376119775
1.7421655516236576,47.471907763680576,21.886077879430378,19.257186630963954,0.7639300845199604,0.2569936135851998,0.3361288376119775
1.8135755516236576,47.32110776368059,22.032877879430377,19.217516630963953,0.7163230845199604,0.3201656135851998,0.4368368376119775
1.7778755516236577,47.170407763680586,22.215377879430378,19.031056630963953,0.6577290845199604,0.3686881135851998,0.3233108376119775
1.8889555516236576,46.979907763680586,22.326477879430374,18.916006630963953,0.6522360845199604,0.4025626135851998,0.3562698376119775
1.8889555516236576,46.71810776368058,22.362177879430376,18.916006630963953,0.7401260845199604,0.43735261358519983,0.3965528376119775
1.9603655516236578,46.41660776368059,22.616077879430375,18.880296630963954,0.7758320845199604,0.4510855135851998,0.3361288376119775
2.107155551623658,46.115107763680584,22.762877879430377,18.840626630963953,0.7758320845199604,0.4648184475851998,0.3965528376119775
2.3650255516236576,45.96430776368058,22.945377879430374,18.880296630963954,0.8170310845199604,0.3750968135851998,0.3031698376119775
2.3650255516236576,45.96430776368058,22.945377879430374,18.880296630963954,0.8170310845199604,0.3750968135851998,0.3031698376119775
2.4007355516236575,45.73820776368058,23.131777879430377,19.217516630963953,0.7758320845199604,0.4172110135851998,0.4102858376119775
2.5475255516236577,45.47630776368058,23.421377879430377,19.443656630963954,0.7227310845199604,0.4648184475851998,0.4368368376119775
2.5475255516236577,45.361307763680585,23.496777879430375,19.483326630963955,0.7401260845199604,0.5417227135851999,0.2491538376119775
2.769695551623658,45.139107763680585,23.568177879430376,19.443656630963954,0.7465350845199603,0.5343985135851999,0.4835288376119775
3.0235955516236577,45.024107763680576,23.421377879430377,19.443656630963954,0.7758320845199604,0.4648184475851998,0.30957783761197755
2.9164855516236576,44.873307763680586,23.385677879430375,19.519026630963953,0.8170310845199604,0.4584097535851998,0.34345283761197754
2.9164855516236576,44.873307763680586,23.278577879430376,19.407946630963952,0.8106220845199603,0.5133414135851998,0.5109938376119776
3.063275551623658,44.83760776368058,23.278577879430376,19.368276630963955,0.7401260845199604,0.6250356135851998,0.26929483761197753
2.987895551623658,44.873307763680586,23.314277879430374,19.292896630963952,0.6934350845199604,0.6589106135851999,0.4166948376119775
2.987895551623658,44.873307763680586,23.314277879430374,19.292896630963952,0.6934350845199604,0.6589106135851999,0.4166948376119775
2.4761155516236575,45.21050776368058,23.167477879430376,19.217516630963953,0.7282250845199604,0.44467681358519984,0.25556183761197754
2.3650255516236576,45.662807763680576,22.945377879430374,18.916006630963953,0.7758320845199604,0.5279898135851998,0.34345283761197754
2.035745551623658,46.004007763680576,22.762877879430377,18.689866630963955,0.8463280845199603,0.4794669135851998,0.49726083761197754
1.9603655516236578,46.19040776368058,22.727177879430375,18.654166630963953,0.8582290845199604,0.4858756135851998,0.2958448376119775
2.182535551623658,46.56730776368059,22.873977879430377,18.689866630963955,0.7575210845199604,0.4721426635851998,0.3828208376119775
2.182535551623658,46.56730776368059,22.873977879430377,18.689866630963955,0.7575210845199604,0.4721426635851998,0.3828208376119775
2.035745551623658,46.642707763680576,22.838277879430375,18.765246630963954,0.7575210845199604,0.4648184475851998,0.2958448376119775
1.8889555516236576,46.71810776368058,22.873977879430377,18.880296630963954,0.7813250845199604,0.3476306135851998,0.3635938376119775
2.107155551623658,46.829207763680586,23.092177879430377,18.916006630963953,0.8051290845199603,0.4098868135851998,0.3159868376119775
2.218235551623658,46.86880776368058,23.203177879430378,18.916006630963953,0.7282250845199604,0.3888297135851998,0.3700028376119775
2.4007355516236575,46.86880776368058,23.278577879430376,18.991376630963956,0.7813250845199604,0.3540396135851998,0.3635938376119775
2.5475255516236577,46.753807763680584,23.421377879430377,19.066756630963955,0.8106220845199603,0.3540396135851998,0.3361288376119775
2.7300155516236577,46.607007763680585,23.532477879430377,19.066756630963955,0.7877340845199603,0.4236197135851998,0.3764118376119775
2.8411055516236576,46.53160776368058,23.568177879430376,19.106436630963955,0.7932270845199604,0.5618643135851998,0.3635938376119775
2.9164855516236576,46.265807763680584,23.714977879430375,19.106436630963955,0.7108300845199604,0.5765126135851998,0.34986183761197753
2.987895551623658,45.92860776368059,23.568177879430376,19.181806630963955,0.6641380845199604,0.4858756135851998,0.4231038376119775
3.0989755516236577,45.92860776368059,23.532477879430377,19.292896630963952,0.7163230845199604,0.4510855135851998,0.3562698376119775
3.281475551623658,46.115107763680584,23.532477879430377,19.257186630963954,0.7401260845199604,0.44467681358519984,0.3297198376119775
3.463965551623658,46.07940776368058,23.461077879430377,19.407946630963952,0.7694230845199603,0.4721426635851998,0.4304278376119775
3.539345551623658,45.92860776368059,23.496777879430375,19.594406630963952,0.7932270845199604,0.44467681358519984,0.34345283761197754
3.614725551623658,45.81360776368058,23.349977879430377,19.895926630963952,0.7575210845199604,0.3265736135851998,0.3764118376119775
3.614725551623658,45.81360776368058,23.349977879430377,19.895926630963952,0.7575210845199604,0.3265736135851998,0.3764118376119775
3.5750555516236577,45.73820776368058,23.278577879430376,19.780866630963953,0.7282250845199604,0.30551661358519977,0.3764118376119775
3.5036355516236575,45.662807763680576,23.461077879430377,19.745166630963954,0.7639300845199604,0.2716426135851998,0.30957783761197755
3.3925555516236576,45.58740776368059,23.203177879430378,19.856246630963952,0.6934350845199604,0.3338976135851998,0.3901448376119775
3.2100655516236576,45.702507763680586,23.203177879430378,19.634076630963953,0.7694230845199603,0.4098868135851998,0.3159868376119775
3.063275551623658,45.627107763680584,23.092177879430377,19.558706630963954,0.7813250845199604,0.44467681358519984,0.3562698376119775
2.987895551623658,45.662807763680576,23.056477879430375,19.443656630963954,0.7346330845199603,0.4172110135851998,0.3635938376119775
2.8768055516236575,45.702507763680586,23.092177879430377,19.407946630963952,0.7346330845199603,0.4172110135851998,0.30957783761197755
2.9164855516236576,45.702507763680586,23.131777879430377,19.292896630963952,0.7227310845199604,0.4236197135851998,0.3828208376119775
2.694315551623658,45.702507763680586,23.238977879430376,19.181806630963955,0.6751240845199604,0.4584097535851998,0.3828208376119775
2.769695551623658,45.73820776368058,23.314277879430374,19.066756630963955,0.7227310845199604,0.4584097535851998,0.3233108376119775
2.6586055516236575,45.702507763680586,23.238977879430376,18.765246630963954,0.7575210845199604,0.43735261358519983,0.3965528376119775
2.5118155516236578,45.73820776368058,23.167477879430376,18.614486630963953,0.7877340845199603,0.44467681358519984,0.3159868376119775
2.3650255516236576,45.85320776368059,23.167477879430376,18.463736630963954,0.7987200845199603,0.4858756135851998,0.3361288376119775
2.107155551623658,45.85320776368059,23.278577879430376,18.503406630963955,0.8170310845199604,0.4931998135851998,0.4368368376119775
2.0714455516236576,46.115107763680584,23.349977879430377,18.503406630963955,0.7575210845199604,0.4858756135851998,0.26929483761197753
2.0714455516236576,46.115107763680584,23.421377879430377,18.614486630963953,0.7465350845199603,0.4236197135851998,0.4231038376119775
2.182535551623658,46.265807763680584,23.532477879430377,18.880296630963954,0.7163230845199604,0.4309439135851998,0.3700028376119775
2.3650255516236576,46.456307763680584,23.607877879430376,18.991376630963956,0.7108300845199604,0.3750968135851998,0.3031698376119775
2.3650255516236576,46.607007763680585,23.607877879430376,19.031056630963953,0.8051290845199603,0.3750968135851998,0.4231038376119775
2.5475255516236577,46.642707763680576,23.679277879430376,19.066756630963955,0.8399190845199603,0.4309439135851998,0.34345283761197754
2.6229055516236577,46.642707763680576,23.643577879430374,19.181806630963955,0.8289330845199603,0.4309439135851998,0.3562698376119775
2.6586055516236575,46.56730776368059,23.607877879430376,19.106436630963955,0.8225240845199604,0.4584097535851998,0.3901448376119775
2.8768055516236575,46.41660776368059,23.790377879430377,19.106436630963955,0.7813250845199604,0.4648184475851998,0.2894368376119775
3.0235955516236577,46.341207763680586,23.972877879430374,19.181806630963955,0.6934350845199604,0.5417227135851999,0.3635938376119775
3.0235955516236577,46.341207763680586,24.008577879430376,19.332566630963953,0.6870260845199604,0.6177116135851998,0.3700028376119775
2.987895551623658,46.30550776368058,24.083977879430375,19.368276630963955,0.6696310845199603,0.5765126135851998,0.34986183761197753
3.0989755516236577,46.19040776368058,24.044277879430375,19.332566630963953,0.6577290845199604,0.4794669135851998,0.3635938376119775
3.0235955516236577,46.456307763680584,24.083977879430375,19.257186630963954,0.7575210845199604,0.4584097535851998,0.4102858376119775
2.8411055516236576,46.492007763680576,24.083977879430375,19.368276630963955,0.8225240845199604,0.4721426635851998,0.3700028376119775
2.694315551623658,46.53160776368058,24.119677879430377,19.634076630963953,0.8106220845199603,0.5417227135851999,0.3635938376119775
2.5118155516236578,46.38090776368058,24.191077879430377,19.669786630963955,0.7401260845199604,0.5829216135851998,0.3828208376119775
2.5475255516236577,46.341207763680586,24.191077879430377,19.709456630963953,0.6934350845199604,0.4996085135851998,0.3562698376119775
2.5118155516236578,46.30550776368058,24.191077879430377,19.443656630963954,0.6641380845199604,0.3613636135851998,0.3297198376119775
2.4761155516236575,46.19040776368058,24.155377879430375,19.558706630963954,0.7108300845199604,0.3403066135851998,0.4102858376119775
2.5118155516236578,46.23010776368058,24.191077879430377,19.332566630963953,0.7520280845199603,0.4648184475851998,0.3233108376119775
2.6229055516236577,46.03970776368058,24.155377879430375,19.257186630963954,0.7758320845199604,0.6314446135851999,0.3635938376119775
2.769695551623658,46.004007763680576,24.155377879430375,19.106436630963955,0.7813250845199604,0.5966546135851998,0.3901448376119775
2.6586055516236575,45.96430776368058,24.230777879430377,19.142136630963954,0.7465350845199603,0.43735261358519983,0.3635938376119775
2.5832255516236575,45.81360776368058,24.337877879430376,19.106436630963955,0.6870260845199604,0.29910761358519977,0.3562698376119775
2.5475255516236577,45.777807763680585,24.413277879430375,19.106436630963955,0.6751240845199604,0.3476306135851998,0.3635938376119775
2.4761155516236575,45.702507763680586,24.337877879430376,19.142136630963954,0.7465350845199603,0.4721426635851998,0.3297198376119775
2.4761155516236575,45.73820776368058,24.337877879430376,18.991376630963956,0.8170310845199604,0.5618643135851998,0.34986183761197753
2.5475255516236577,45.88890776368058,24.191077879430377,18.765246630963954,0.8701310845199604,0.4996085135851998,0.3965528376119775
2.4761155516236575,45.662807763680576,24.119677879430377,18.80491663096395,0.9049210845199603,0.3613636135851998,0.3700028376119775
2.6229055516236577,45.627107763680584,24.155377879430375,18.729536630963953,0.7758320845199604,0.3265736135851998,0.3828208376119775
2.7300155516236577,45.702507763680586,24.191077879430377,18.880296630963954,0.7108300845199604,0.4098868135851998,0.3828208376119775
2.694315551623658,45.85320776368059,24.302177879430378,18.916006630963953,0.6577290845199604,0.5206656135851998,0.3562698376119775
2.8053955516236577,45.92860776368059,24.155377879430375,19.106436630963955,0.6751240845199604,0.5133414135851998,0.3828208376119775
2.769695551623658,46.115107763680584,24.119677879430377,19.257186630963954,0.6870260845199604,0.5206656135851998,0.3031698376119775
2.9521855516236575,46.19040776368058,24.044277879430375,19.257186630963954,0.7282250845199604,0.4025626135851998,0.4102858376119775
3.170385551623658,46.41660776368059,23.972877879430374,19.181806630963955,0.7401260845199604,0.3265736135851998,0.3764118376119775
3.3568455516236577,46.642707763680576,24.008577879430376,19.368276630963955,0.7932270845199604,0.2716426135851998,0.3233108376119775
3.4282655516236575,46.753807763680584,23.937177879430376,19.443656630963954,0.8344260845199604,0.2643176135851998,0.3700028376119775
3.5036355516236575,46.829207763680586,24.119677879430377,19.483326630963955,0.7932270845199604,0.2853746135851998,0.3828208376119775
3.5750555516236577,46.94420776368058,24.191077879430377,19.558706630963954,0.7108300845199604,0.4236197135851998,0.27570383761197753
3.614725551623658,47.05530776368059,24.230777879430377,19.483326630963955,0.6522360845199604,0.5133414135851998,0.4029618376119775
3.614725551623658,47.05530776368059,24.230777879430377,19.483326630963955,0.6522360845199604,0.5133414135851998,0.4029618376119775
3.3925555516236576,47.095007763680584,24.191077879430377,19.594406630963952,0.6403340845199603,0.5765126135851998,0.28302783761197753
3.3171755516236576,47.170407763680586,24.155377879430375,19.558706630963954,0.6229390845199604,0.4794669135851998,0.3297198376119775
3.245765551623658,46.86880776368058,24.155377879430375,19.257186630963954,0.7163230845199604,0.3338976135851998,0.34986183761197753
3.1346855516236576,46.86880776368058,24.155377879430375,19.407946630963952,0.7877340845199603,0.3750968135851998,0.3562698376119775
2.987895551623658,46.94420776368058,24.230777879430377,19.558706630963954,0.8051290845199603,0.44467681358519984,0.30957783761197755
2.8768055516236575,46.94420776368058,24.266477879430376,19.856246630963952,0.7813250845199604,0.4931998135851998,0.3361288376119775
2.8411055516236576,46.79350776368058,24.373577879430375,19.895926630963952,0.7053360845199603,0.4309439135851998,0.3159868376119775
2.9521855516236575,46.753807763680584,24.337877879430376,19.820546630963953,0.6458270845199603,0.3201656135851998,0.3700028376119775
2.8411055516236576,46.56730776368059,24.337877879430376,19.669786630963955,0.6339250845199604,0.2643176135851998,0.3297198376119775
2.7300155516236577,46.456307763680584,24.230777879430377,19.745166630963954,0.7227310845199604,0.2853746135851998,0.3901448376119775
2.694315551623658,46.265807763680584,24.266477879430376,19.594406630963952,0.8106220845199603,0.4510855135851998,0.34345283761197754
2.769695551623658,45.92860776368059,24.266477879430376,19.594406630963952,0.7877340845199603,0.6451776135851999,0.3297198376119775
2.8053955516236577,45.73820776368058,24.413277879430375,19.368276630963955,0.7575210845199604,0.6250356135851998,0.3361288376119775
2.6586055516236575,45.777807763680585,24.484677879430375,19.332566630963953,0.6696310845199603,0.4510855135851998,0.3635938376119775
2.7300155516236577,45.662807763680576,24.520377879430377,19.181806630963955,0.6046280845199603,0.3824210135851998,0.30957783761197755
2.8768055516236575,45.512007763680586,24.595777879430376,19.106436630963955,0.6110370845199604,0.4236197135851998,0.3828208376119775
2.987895551623658,45.32560776368058,24.631477879430378,18.991376630963956,0.7108300845199604,0.6589106135851999,0.3562698376119775
2.987895551623658,45.285907763680584,24.631477879430378,18.689866630963955,0.7520280845199603,0.6525016135851998,0.3562698376119775
2.9164855516236576,45.06370776368058,24.667177879430376,18.539106630963953,0.7758320845199604,0.5206656135851998,0.34986183761197753
2.9164855516236576,44.94870776368059,24.560077879430377,18.463736630963954,0.7401260845199604,0.4931998135851998,0.3700028376119775
2.9521855516236575,44.873307763680586,24.706777879430376,18.428026630963952,0.7282250845199604,0.5417227135851999,0.3700028376119775
3.0235955516236577,44.76220776368058,24.667177879430376,18.503406630963955,0.6870260845199604,0.6451776135851999,0.3361288376119775
3.170385551623658,44.797907763680584,24.560077879430377,18.578786630963954,0.6934350845199604,0.7147576135851998,0.3700028376119775
3.0235955516236577,44.988407763680584,24.484677879430375,18.840626630963953,0.6339250845199604,0.7010246135851999,0.34986183761197753
3.0235955516236577,45.139107763680585,24.413277879430375,18.765246630963954,0.6458270845199603,0.5554556135851998,0.3297198376119775
2.987895551623658,45.47630776368058,24.337877879430376,18.80491663096395,0.6284320845199604,0.43735261358519983,0.3965528376119775
3.0989755516236577,45.58740776368059,24.302177879430378,18.80491663096395,0.6870260845199604,0.3961539135851998,0.26929483761197753
2.9164855516236576,45.85320776368059,24.191077879430377,18.955676630963953,0.7932270845199604,0.3686881135851998,0.3965528376119775
2.769695551623658,46.07940776368058,24.155377879430375,19.066756630963955,0.8756240845199603,0.43735261358519983,0.3361288376119775
2.4761155516236575,46.265807763680584,24.155377879430375,19.031056630963953,0.8289330845199603,0.43735261358519983,0.3361288376119775
2.4364355516236578,46.456307763680584,24.302177879430378,18.880296630963954,0.7282250845199604,0.4931998135851998,0.4029618376119775
2.4364355516236578,46.68240776368059,24.302177879430378,18.916006630963953,0.6165300845199604,0.4931998135851998,0.3233108376119775
2.4007355516236575,46.86880776368058,24.302177879430378,18.955676630963953,0.5698380845199604,0.4584097535851998,0.3297198376119775
2.4364355516236578,46.94420776368058,24.266477879430376,18.955676630963953,0.5991350845199603,0.4996085135851998,0.34345283761197754
2.4761155516236575,47.01960776368058,24.337877879430376,18.916006630963953,0.6751240845199604,0.5554556135851998,0.34986183761197753
2.6229055516236577,46.979907763680586,24.413277879430375,18.840626630963953,0.7053360845199603,0.5691886135851998,0.3562698376119775
2.5475255516236577,46.79350776368058,24.413277879430375,18.840626630963953,0.7465350845199603,0.43735261358519983,0.3700028376119775
2.5475255516236577,46.86880776368058,24.484677879430375,19.106436630963955,0.8225240845199604,0.3128406135851998,0.3297198376119775
2.4007355516236575,46.56730776368059,24.560077879430377,19.292896630963952,0.7639300845199604,0.3403066135851998,0.34986183761197753
2.5118155516236578,46.341207763680586,24.706777879430376,19.407946630963952,0.7108300845199604,0.3961539135851998,0.34345283761197754
2.5118155516236578,46.341207763680586,24.706777879430376,19.407946630963952,0.7108300845199604,0.3961539135851998,0.34345283761197754
2.5118155516236578,46.341207763680586,24.667177879430376,19.519026630963953,0.6577290845199604,0.4236197135851998,0.3700028376119775
2.4761155516236575,46.341207763680586,24.631477879430378,19.558706630963954,0.6870260845199604,0.3476306135851998,0.3297198376119775
2.5118155516236578,46.23010776368058,24.706777879430376,19.634076630963953,0.7639300845199604,0.30551661358519977,0.4029618376119775
2.769695551623658,46.07940776368058,24.742577879430375,19.634076630963953,0.7401260845199604,0.4510855135851998,0.2894368376119775
2.9521855516236575,45.81360776368058,24.889277879430377,19.634076630963953,0.7520280845199603,0.5206656135851998,0.4432448376119775
3.0235955516236577,45.73820776368058,24.924977879430376,19.709456630963953,0.6934350845199604,0.4025626135851998,0.3233108376119775
3.1346855516236576,45.55170776368058,24.813977879430375,19.558706630963954,0.5927270845199604,0.29910761358519977,0.3562698376119775
3.2100655516236576,45.361307763680585,24.924977879430376,19.483326630963955,0.5927270845199604,0.3128406135851998,0.3965528376119775
3.463965551623658,45.21050776368058,24.849677879430377,19.257186630963954,0.5698380845199604,0.4721426635851998,0.3700028376119775
3.4282655516236575,45.285907763680584,24.849677879430377,19.217516630963953,0.6458270845199603,0.5765126135851998,0.3361288376119775
3.7615155516236576,44.988407763680584,24.849677879430377,18.916006630963953,0.8051290845199603,0.4931998135851998,0.3965528376119775
3.9797155516236575,44.83760776368058,24.960777879430378,18.916006630963953,0.6870260845199604,0.4172110135851998,0.3828208376119775
4.0550955516236575,44.72250776368058,25.036077879430376,18.916006630963953,0.6641380845199604,0.3750968135851998,0.27570383761197753
4.0550955516236575,44.72250776368058,25.036077879430376,18.916006630963953,0.6641380845199604,0.3750968135851998,0.27570383761197753
4.015415551623658,44.68680776368058,24.996477879430376,19.066756630963955,0.5927270845199604,0.4794669135851998,0.3828208376119775
3.797215551623658,44.61150776368058,24.996477879430376,19.332566630963953,0.6165300845199604,0.5133414135851998,0.3159868376119775
3.8686255516236576,44.57180776368058,24.742577879430375,19.368276630963955,0.6522360845199604,0.5691886135851998,0.3562698376119775
3.832925551623658,44.536107763680576,24.667177879430376,19.292896630963952,0.6751240845199604,0.6039786135851998,0.3562698376119775
3.6504255516236577,44.42100776368058,24.484677879430375,19.407946630963952,0.6641380845199604,0.5133414135851998,0.3635938376119775
3.463965551623658,44.61150776368058,24.413277879430375,19.368276630963955,0.6870260845199604,0.4236197135851998,0.3901448376119775
3.170385551623658,44.61150776368058,24.448977879430377,19.558706630963954,0.7053360845199603,0.3750968135851998,0.3297198376119775
3.063275551623658,44.76220776368058,24.373577879430375,19.443656630963954,0.6696310845199603,0.3961539135851998,0.3828208376119775
3.0989755516236577,44.83760776368058,24.373577879430375,19.443656630963954,0.6403340845199603,0.4098868135851998,0.3828208376119775
2.8768055516236575,45.139107763680585,24.373577879430375,19.217516630963953,0.6339250845199604,0.4648184475851998,0.30957783761197755
2.769695551623658,45.512007763680586,24.337877879430376,19.181806630963955,0.6284320845199604,0.4858756135851998,0.3635938376119775
2.5475255516236577,45.88890776368058,24.191077879430377,19.066756630963955,0.6458270845199603,0.5133414135851998,0.3635938376119775
2.5475255516236577,46.03970776368058,24.230777879430377,18.880296630963954,0.6641380845199604,0.5902456135851998,0.3031698376119775
2.4761155516236575,46.19040776368058,24.119677879430377,18.840626630963953,0.6522360845199604,0.6039786135851998,0.3700028376119775
2.3293255516236577,46.56730776368059,24.302177879430378,18.765246630963954,0.6284320845199604,0.5133414135851998,0.3562698376119775
2.218235551623658,46.753807763680584,24.448977879430377,18.880296630963954,0.6339250845199604,0.4931998135851998,0.3562698376119775
2.182535551623658,46.753807763680584,24.560077879430377,19.031056630963953,0.6284320845199604,0.5206656135851998,0.3828208376119775
2.218235551623658,46.79350776368058,24.560077879430377,19.066756630963955,0.6110370845199604,0.44467681358519984,0.30957783761197755
2.2896555516236576,47.01960776368058,24.560077879430377,19.066756630963955,0.7108300845199604,0.3128406135851998,0.3700028376119775
2.182535551623658,47.01960776368058,24.595777879430376,18.991376630963956,0.7346330845199603,0.2917836135851998,0.3700028376119775
2.3293255516236577,47.01960776368058,24.706777879430376,18.955676630963953,0.7401260845199604,0.3888297135851998,0.3233108376119775
2.3293255516236577,47.01960776368058,24.706777879430376,18.955676630963953,0.7401260845199604,0.3888297135851998,0.3233108376119775
2.6586055516236575,46.68240776368059,25.071777879430375,19.031056630963953,0.6815330845199603,0.5966546135851998,0.3562698376119775
2.6586055516236575,46.68240776368059,25.071777879430375,19.031056630963953,0.6815330845199603,0.5966546135851998,0.3562698376119775
2.769695551623658,46.38090776368058,25.143277879430375,19.031056630963953,0.5698380845199604,0.5343985135851999,0.3297198376119775
2.8053955516236577,46.30550776368058,25.365377879430376,18.955676630963953,0.5405410845199603,0.4510855135851998,0.4166948376119775
3.0235955516236577,46.07940776368058,25.512177879430375,18.991376630963956,0.5698380845199604,0.3961539135851998,0.3159868376119775
3.2100655516236576,45.85320776368059,25.547877879430377,18.80491663096395,0.6165300845199604,0.5343985135851999,0.3297198376119775
3.3925555516236576,45.662807763680576,25.583577879430376,18.880296630963954,0.7227310845199604,0.5966546135851998,0.4102858376119775
3.5750555516236577,45.777807763680585,25.583577879430376,18.880296630963954,0.7346330845199603,0.4996085135851998,0.3764118376119775
3.6861355516236576,45.73820776368058,25.766077879430377,18.654166630963953,0.6641380845199604,0.4098868135851998,0.34345283761197754
3.7615155516236576,45.512007763680586,25.841477879430375,18.765246630963954,0.6403340845199603,0.3613636135851998,0.34345283761197754
3.7218455516236575,45.40100776368058,25.877177879430377,18.880296630963954,0.6641380845199604,0.4172110135851998,0.3700028376119775
3.5750555516236577,45.174807763680576,25.912877879430376,18.916006630963953,0.7227310845199604,0.5133414135851998,0.3233108376119775
3.5750555516236577,45.174807763680576,25.912877879430376,18.916006630963953,0.7227310845199604,0.5133414135851998,0.3233108376119775
3.539345551623658,44.873307763680586,25.766077879430377,19.106436630963955,0.7282250845199604,0.5966546135851998,0.3965528376119775
3.3925555516236576,44.797907763680584,25.801777879430375,19.066756630963955,0.6641380845199604,0.6387686135851998,0.3233108376119775
3.245765551623658,44.76220776368058,25.547877879430377,19.257186630963954,0.5991350845199603,0.5069327135851998,0.3159868376119775
3.0235955516236577,44.72250776368058,25.401077879430375,19.257186630963954,0.5753310845199604,0.4098868135851998,0.3901448376119775
2.8768055516236575,44.61150776368058,25.325677879430376,19.368276630963955,0.5753310845199604,0.3686881135851998,0.3297198376119775
2.769695551623658,44.536107763680576,25.254277879430376,19.519026630963953,0.5872330845199604,0.4098868135851998,0.3562698376119775
2.5832255516236575,44.385307763680586,25.401077879430375,19.519026630963953,0.6522360845199604,0.4931998135851998,0.3562698376119775
2.4761155516236575,44.42100776368058,25.254277879430376,19.709456630963953,0.6751240845199604,0.4584097535851998,0.3361288376119775
2.4007355516236575,44.46070776368059,25.218577879430377,19.519026630963953,0.6339250845199604,0.3824210135851998,0.3700028376119775
2.4007355516236575,44.46070776368059,25.071777879430375,19.368276630963955,0.6284320845199604,0.3265736135851998,0.34986183761197753
2.2896555516236576,44.536107763680576,24.924977879430376,19.106436630963955,0.5579360845199604,0.3338976135851998,0.34986183761197753
2.2896555516236576,44.72250776368058,24.889277879430377,19.066756630963955,0.5698380845199604,0.43735261358519983,0.3828208376119775
2.2539455516236577,44.72250776368058,24.778277879430377,18.991376630963956,0.5698380845199604,0.5691886135851998,0.34986183761197753
2.182535551623658,44.797907763680584,24.742577879430375,18.991376630963956,0.5872330845199604,0.6589106135851999,0.4029618376119775
2.142865551623658,44.64720776368058,24.813977879430375,18.840626630963953,0.5634300845199604,0.5133414135851998,0.34345283761197754
2.142865551623658,44.64720776368058,24.813977879430375,18.840626630963953,0.5634300845199604,0.5133414135851998,0.34345283761197754
2.142865551623658,44.64720776368058,24.706777879430376,18.765246630963954,0.5872330845199604,0.4172110135851998,0.3635938376119775
1.8889555516236576,44.76220776368058,24.778277879430377,18.80491663096395,0.6229390845199604,0.4721426635851998,0.3159868376119775
1.8492855516236577,44.797907763680584,24.813977879430375,18.880296630963954,0.6989280845199604,0.4648184475851998,0.4029618376119775
1.9246655516236577,44.94870776368059,24.706777879430376,18.840626630963953,0.6870260845199604,0.5829216135851998,0.3233108376119775
1.9603655516236578,45.06370776368058,24.742577879430375,18.765246630963954,0.6696310845199603,0.5829216135851998,0.34986183761197753
2.035745551623658,45.174807763680576,24.742577879430375,18.80491663096395,0.6165300845199604,0.5417227135851999,0.4304278376119775
2.182535551623658,45.32560776368058,24.889277879430377,18.654166630963953,0.5753310845199604,0.4510855135851998,0.3233108376119775
2.2896555516236576,45.47630776368058,24.889277879430377,18.689866630963955,0.5698380845199604,0.4931998135851998,0.3965528376119775
2.4364355516236578,45.47630776368058,25.107477879430377,18.578786630963954,0.5991350845199603,0.6662346135851998,0.34345283761197754
2.5475255516236577,45.55170776368058,25.071777879430375,18.614486630963953,0.6403340845199603,0.6937006135851997,0.26929483761197753
2.694315551623658,45.662807763680576,25.036077879430376,18.428026630963952,0.6696310845199603,0.6662346135851998,0.4166948376119775
2.8053955516236577,45.81360776368058,25.036077879430376,18.388356630963955,0.6458270845199603,0.5417227135851999,0.3159868376119775
2.9164855516236576,45.88890776368058,25.071777879430375,18.201886630963955,0.5753310845199604,0.4794669135851998,0.3562698376119775
3.1346855516236576,46.07940776368058,25.071777879430375,18.316946630963955,0.6229390845199604,0.5618643135851998,0.3031698376119775
3.245765551623658,46.004007763680576,25.254277879430376,18.316946630963955,0.6403340845199603,0.6589106135851999,0.3764118376119775
3.539345551623658,45.92860776368059,25.365377879430376,18.428026630963952,0.6522360845199604,0.6177116135851998,0.3965528376119775
3.5036355516236575,45.85320776368059,25.512177879430375,18.241566630963952,0.6522360845199604,0.5481314135851998,0.3159868376119775
3.614725551623658,45.81360776368058,25.436777879430377,18.388356630963955,0.6110370845199604,0.4931998135851998,0.34986183761197753
3.463965551623658,45.627107763680584,25.365377879430376,18.388356630963955,0.5872330845199604,0.5343985135851999,0.34345283761197754
3.4282655516236575,45.47630776368058,25.289977879430378,18.614486630963953,0.5515280845199604,0.6250356135851998,0.3297198376119775
3.3568455516236577,45.32560776368058,25.254277879430376,18.729536630963953,0.5103290845199604,0.6937006135851997,0.3764118376119775
3.2100655516236576,45.285907763680584,25.182877879430375,19.031056630963953,0.5515280845199604,0.5966546135851998,0.3700028376119775
3.170385551623658,45.09940776368059,25.182877879430375,19.142136630963954,0.5817400845199604,0.3338976135851998,0.3700028376119775
3.0235955516236577,45.06370776368058,25.182877879430375,19.332566630963953,0.6339250845199604,0.29910761358519977,0.3297198376119775
3.0235955516236577,45.06370776368058,25.182877879430375,19.332566630963953,0.6339250845199604,0.29910761358519977,0.3297198376119775
2.9164855516236576,44.988407763680584,25.107477879430377,19.594406630963952,0.7053360845199603,0.2505846135851998,0.3764118376119775
2.8053955516236577,44.72250776368058,24.996477879430376,19.709456630963953,0.7465350845199603,0.24326061358519982,0.34345283761197754
2.8053955516236577,44.72250776368058,24.996477879430376,19.709456630963953,0.7465350845199603,0.24326061358519982,0.34345283761197754
2.694315551623658,44.64720776368058,24.924977879430376,19.709456630963953,0.5634300845199604,0.2917836135851998,0.3297198376119775
2.694315551623658,44.64720776368058,24.924977879430376,19.709456630963953,0.5634300845199604,0.2917836135851998,0.3297198376119775
2.694315551623658,44.76220776368058,24.889277879430377,19.483326630963955,0.4462420845199604,0.5133414135851998,0.34345283761197754
2.6586055516236575,44.797907763680584,24.849677879430377,19.407946630963952,0.46363708451996033,0.5069327135851998,0.3297198376119775
2.5118155516236578,44.91300776368058,24.849677879430377,19.368276630963955,0.5222310845199604,0.4721426635851998,0.3635938376119775
2.5118155516236578,44.91300776368058,24.849677879430377,19.368276630963955,0.5222310845199604,0.4721426635851998,0.3635938376119775
2.6586055516236575,44.72250776368058,25.036077879430376,19.217516630963953,0.5405410845199603,0.4172110135851998,0.3562698376119775
2.694315551623658,44.68680776368058,25.107477879430377,19.106436630963955,0.5991350845199603,0.4172110135851998,0.3159868376119775
2.5475255516236577,44.61150776368058,25.107477879430377,18.955676630963953,0.6403340845199603,0.4098868135851998,0.3635938376119775
2.5118155516236578,44.536107763680576,25.071777879430375,19.106436630963955,0.7108300845199604,0.4098868135851998,0.34986183761197753
2.3650255516236576,44.49640776368058,25.143277879430375,19.142136630963954,0.6229390845199604,0.44467681358519984,0.3562698376119775
2.4007355516236575,44.536107763680576,25.143277879430375,19.181806630963955,0.49293408451996035,0.44467681358519984,0.3361288376119775
2.3293255516236577,44.42100776368058,25.254277879430376,19.142136630963954,0.45814408451996036,0.4236197135851998,0.3562698376119775
2.3293255516236577,44.385307763680586,25.143277879430375,19.142136630963954,0.45814408451996036,0.44467681358519984,0.34345283761197754
2.4007355516236575,44.27030776368058,25.071777879430375,19.257186630963954,0.5817400845199604,0.44467681358519984,0.3361288376119775
2.4761155516236575,44.27030776368058,25.254277879430376,19.031056630963953,0.6522360845199604,0.5206656135851998,0.3700028376119775
2.5832255516236575,44.11950776368059,25.289977879430378,18.955676630963953,0.6815330845199603,0.5481314135851998,0.3361288376119775
2.694315551623658,43.96880776368059,25.365377879430376,18.614486630963953,0.6229390845199604,0.5343985135851999,0.34986183761197753
2.7300155516236577,44.00840776368058,25.325677879430376,18.503406630963955,0.5872330845199604,0.5206656135851998,0.3233108376119775
2.8768055516236575,44.08380776368058,25.289977879430378,18.388356630963955,0.5222310845199604,0.5133414135851998,0.3361288376119775
2.8768055516236575,44.044107763680586,25.325677879430376,18.201886630963955,0.49293408451996035,0.6387686135851998,0.3901448376119775
2.987895551623658,44.00840776368058,25.182877879430375,18.352646630963953,0.5167380845199604,0.7284906135851998,0.3233108376119775
2.987895551623658,44.044107763680586,25.218577879430377,18.201886630963955,0.4810320845199604,0.7632806135851998,0.3297198376119775
2.9521855516236575,44.044107763680586,25.218577879430377,18.316946630963955,0.5515280845199604,0.6314446135851999,0.34986183761197753
2.987895551623658,43.96880776368059,25.218577879430377,18.201886630963955,0.5222310845199604,0.5691886135851998,0.3297198376119775
2.987895551623658,43.96880776368059,25.218577879430377,18.201886630963955,0.5222310845199604,0.5691886135851998,0.3297198376119775
3.063275551623658,43.93310776368058,25.254277879430376,18.241566630963952,0.5698380845199604,0.6177116135851998,0.3562698376119775
3.063275551623658,44.00840776368058,25.143277879430375,18.166186630963953,0.6110370845199604,0.6525016135851998,0.3233108376119775
2.8411055516236576,44.044107763680586,25.218577879430377,17.975756630963954,0.5927270845199604,0.7074336135851998,0.3828208376119775
2.769695551623658,44.234607763680586,25.036077879430376,17.975756630963954,0.6165300845199604,0.5902456135851998,0.3828208376119775
2.5832255516236575,44.11950776368059,24.996477879430376,17.975756630963954,0.5167380845199604,0.6250356135851998,0.2958448376119775
2.5832255516236575,44.00840776368058,24.996477879430376,17.975756630963954,0.49293408451996035,0.6177116135851998,0.4029618376119775
2.4007355516236575,44.08380776368058,24.960777879430378,18.090806630963954,0.47553908451996035,0.6177116135851998,0.3233108376119775
2.107155551623658,44.34570776368058,24.924977879430376,18.503406630963955,0.5753310845199604,0.5343985135851999,0.3764118376119775
1.9603655516236578,44.31000776368059,24.996477879430376,18.689866630963955,0.5698380845199604,0.4931998135851998,0.3159868376119775
1.9603655516236578,44.31000776368059,24.960777879430378,18.729536630963953,0.5927270845199604,0.44467681358519984,0.34986183761197753
1.8492855516236577,44.42100776368058,24.849677879430377,18.765246630963954,0.5991350845199603,0.3265736135851998,0.4029618376119775
1.7421655516236576,44.49640776368058,24.849677879430377,18.880296630963954,0.6403340845199603,0.3686881135851998,0.4029618376119775
1.8492855516236577,44.46070776368059,24.849677879430377,18.765246630963954,0.5991350845199603,0.4996085135851998,0.3828208376119775
1.8889555516236576,44.49640776368058,24.889277879430377,18.80491663096395,0.5817400845199604,0.44467681358519984,0.2894368376119775
1.9960755516236577,44.536107763680576,24.889277879430377,18.689866630963955,0.5103290845199604,0.4721426635851998,0.34986183761197753
1.9960755516236577,44.536107763680576,24.889277879430377,18.689866630963955,0.5103290845199604,0.4721426635851998,0.34986183761197753
1.9246655516236577,44.49640776368058,24.960777879430378,18.503406630963955,0.4810320845199604,0.4721426635851998,0.34345283761197754
2.035745551623658,44.385307763680586,24.960777879430378,18.428026630963952,0.49293408451996035,0.44467681358519984,0.3562698376119775
2.035745551623658,44.42100776368058,25.143277879430375,18.503406630963955,0.5515280845199604,0.5481314135851998,0.3233108376119775
2.107155551623658,44.49640776368058,25.107477879430377,18.352646630963953,0.5515280845199604,0.5417227135851999,0.3297198376119775
2.142865551623658,44.536107763680576,25.107477879430377,18.316946630963955,0.5405410845199603,0.5133414135851998,0.34986183761197753
2.0714455516236576,44.49640776368058,25.218577879430377,18.463736630963954,0.6110370845199604,0.4721426635851998,0.34986183761197753
2.035745551623658,44.385307763680586,25.472477879430375,18.578786630963954,0.49934308451996035,0.5133414135851998,0.3562698376119775
2.0714455516236576,44.49640776368058,25.512177879430375,18.654166630963953,0.46363708451996033,0.5618643135851998,0.34345283761197754
2.142865551623658,44.34570776368058,25.547877879430377,18.689866630963955,0.47553908451996035,0.5481314135851998,0.3233108376119775
2.0714455516236576,44.27030776368058,25.512177879430375,18.689866630963955,0.46913008451996036,0.5206656135851998,0.3635938376119775
2.182535551623658,44.34570776368058,25.436777879430377,18.729536630963953,0.5579360845199604,0.4309439135851998,0.3562698376119775
2.2896555516236576,44.27030776368058,25.472477879430375,18.539106630963953,0.5634300845199604,0.4721426635851998,0.34345283761197754
2.4761155516236575,44.31000776368059,25.472477879430375,18.463736630963954,0.5872330845199604,0.4996085135851998,0.3562698376119775
2.694315551623658,44.27030776368058,25.472477879430375,18.352646630963953,0.5753310845199604,0.4931998135851998,0.3562698376119775
2.769695551623658,44.31000776368059,25.619277879430378,18.352646630963953,0.5286400845199604,0.4584097535851998,0.30957783761197755
2.8411055516236576,44.31000776368059,25.619277879430378,18.539106630963953,0.46913008451996036,0.5279898135851998,0.3828208376119775
2.9164855516236576,44.31000776368059,25.730377879430375,18.578786630963954,0.39314168451996034,0.6799676135851997,0.3031698376119775
2.8768055516236575,44.234607763680586,25.730377879430375,18.539106630963953,0.38673298451996035,0.7147576135851998,0.3297198376119775
2.9521855516236575,44.385307763680586,25.658977879430378,18.503406630963955,0.40504348451996036,0.6250356135851998,0.3562698376119775
3.0235955516236577,44.234607763680586,25.658977879430378,18.503406630963955,0.46913008451996036,0.5279898135851998,0.2958448376119775
3.0235955516236577,44.234607763680586,25.658977879430378,18.503406630963955,0.46913008451996036,0.5279898135851998,0.2958448376119775
3.0235955516236577,44.159207763680584,25.619277879430378,18.428026630963952,0.5286400845199604,0.4309439135851998,0.3901448376119775
3.0235955516236577,44.08380776368058,25.547877879430377,18.463736630963954,0.5286400845199604,0.4584097535851998,0.34986183761197753
3.0989755516236577,43.96880776368059,25.619277879430378,18.539106630963953,0.5103290845199604,0.5554556135851998,0.34345283761197754
3.1346855516236576,43.96880776368059,25.658977879430378,18.578786630963954,0.46913008451996036,0.6726436135851999,0.3828208376119775
3.170385551623658,43.85770776368058,25.472477879430375,18.503406630963955,0.4105366845199604,0.5481314135851998,0.3361288376119775
3.1346855516236576,43.78230776368058,25.512177879430375,18.463736630963954,0.3986347845199604,0.6103876135851998,0.3700028376119775
3.1346855516236576,43.78230776368058,25.472477879430375,18.503406630963955,0.3638447845199604,0.7147576135851998,0.3159868376119775
2.987895551623658,43.893407763680585,25.365377879430376,18.654166630963953,0.37574658451996035,0.6937006135851997,0.3700028376119775
2.8411055516236576,43.85770776368058,25.218577879430377,18.689866630963955,0.39314168451996034,0.5829216135851998,0.3764118376119775
2.8053955516236577,43.893407763680585,25.182877879430375,18.80491663096395,0.42243848451996036,0.4721426635851998,0.3361288376119775
2.8053955516236577,43.893407763680585,25.182877879430375,18.80491663096395,0.42243848451996036,0.4721426635851998,0.3361288376119775
2.6586055516236575,43.893407763680585,25.182877879430375,18.840626630963953,0.4343403845199604,0.44467681358519984,0.3635938376119775
2.694315551623658,43.81800776368058,25.182877879430375,18.991376630963956,0.4874410845199604,0.4236197135851998,0.2958448376119775
2.5118155516236578,43.85770776368058,25.071777879430375,19.066756630963955,0.5341330845199603,0.3961539135851998,0.3297198376119775
2.5118155516236578,43.893407763680585,25.143277879430375,19.142136630963954,0.5634300845199604,0.3338976135851998,0.3700028376119775
2.4007355516236575,44.00840776368058,24.960777879430378,19.066756630963955,0.5515280845199604,0.3338976135851998,0.3159868376119775
2.3650255516236576,44.044107763680586,24.996477879430376,19.066756630963955,0.49934308451996035,0.3750968135851998,0.34986183761197753
2.4364355516236578,44.08380776368058,24.924977879430376,18.991376630963956,0.46913008451996036,0.4309439135851998,0.3233108376119775
2.218235551623658,44.044107763680586,24.960777879430378,18.916006630963953,0.42793168451996033,0.4794669135851998,0.34986183761197753
2.2539455516236577,44.00840776368058,24.889277879430377,18.654166630963953,0.3812397845199604,0.5343985135851999,0.3159868376119775
2.3293255516236577,43.78230776368058,24.960777879430378,18.463736630963954,0.3812397845199604,0.4794669135851998,0.3562698376119775
2.4007355516236575,43.706907763680576,24.924977879430376,18.463736630963954,0.39314168451996034,0.4309439135851998,0.3031698376119775
2.2539455516236577,43.520507763680584,24.996477879430376,18.428026630963952,0.42793168451996033,0.5069327135851998,0.3635938376119775
2.2539455516236577,43.405407763680586,25.036077879430376,18.503406630963955,0.4874410845199604,0.4858756135851998,0.3361288376119775
2.182535551623658,43.44510776368058,24.960777879430378,18.352646630963953,0.4874410845199604,0.43735261358519983,0.3159868376119775
2.182535551623658,43.218907763680576,24.996477879430376,18.277266630963954,0.4462420845199604,0.4309439135851998,0.3764118376119775
2.0714455516236576,43.29430776368058,24.996477879430376,18.428026630963952,0.39314168451996034,0.4794669135851998,0.3361288376119775
2.035745551623658,43.330007763680584,25.036077879430376,18.614486630963953,0.37574658451996035,0.5417227135851999,0.3700028376119775
2.035745551623658,43.14360776368058,25.107477879430377,18.729536630963953,0.39314168451996034,0.5133414135851998,0.3233108376119775
2.035745551623658,43.14360776368058,25.107477879430377,18.729536630963953,0.39314168451996034,0.5133414135851998,0.3233108376119775
1.9603655516236578,43.068207763680576,25.071777879430375,18.578786630963954,0.39314168451996034,0.3961539135851998,0.3635938376119775
1.9960755516236577,43.02850776368058,25.036077879430376,18.539106630963953,0.4343403845199604,0.3686881135851998,0.3233108376119775
1.9960755516236577,42.99280776368059,24.924977879430376,18.463736630963954,0.46913008451996036,0.44467681358519984,0.3297198376119775
1.9960755516236577,43.17930776368058,24.960777879430378,18.388356630963955,0.49293408451996035,0.5481314135851998,0.3635938376119775
2.182535551623658,43.218907763680576,25.036077879430376,18.277266630963954,0.46913008451996036,0.5691886135851998,0.3297198376119775
2.107155551623658,43.254707763680585,25.071777879430375,18.090806630963954,0.3281391845199604,0.5554556135851998,0.3965528376119775
2.218235551623658,43.29430776368058,25.071777879430375,18.166186630963953,0.28694048451996035,0.4794669135851998,0.34986183761197753
2.2539455516236577,43.218907763680576,25.036077879430376,18.090806630963954,0.28694048451996035,0.4648184475851998,0.3159868376119775
2.218235551623658,43.17930776368058,25.071777879430375,17.975756630963954,0.34553422051996036,0.6039786135851998,0.34986183761197753
2.2539455516236577,43.254707763680585,25.071777879430375,17.940046630963955,0.4343403845199604,0.7074336135851998,0.3159868376119775
2.2539455516236577,43.17930776368058,25.071777879430375,17.900376630963954,0.4874410845199604,0.6872916135851999,0.3562698376119775
2.218235551623658,43.14360776368058,24.996477879430376,17.824996630963952,0.45173508451996036,0.6039786135851998,0.3828208376119775
2.218235551623658,43.14360776368058,24.996477879430376,17.824996630963952,0.45173508451996036,0.6039786135851998,0.3828208376119775
2.2539455516236577,43.02850776368058,24.996477879430376,17.789296630963953,0.3986347845199604,0.4931998135851998,0.3159868376119775
2.3293255516236577,42.99280776368059,25.071777879430375,17.824996630963952,0.2814472845199604,0.5069327135851998,0.3764118376119775
2.2896555516236576,42.95310776368058,25.143277879430375,17.900376630963954,0.24574178451996037,0.6039786135851998,0.3297198376119775
2.2896555516236576,42.727007763680575,25.071777879430375,17.864676630963952,0.2933491845199604,0.7010246135851999,0.3361288376119775
2.2539455516236577,42.61590776368058,24.996477879430376,17.824996630963952,0.34004105451996036,0.7358146135851997,0.3361288376119775
2.2539455516236577,42.54050776368058,25.036077879430376,17.638536630963955,0.4169453845199604,0.6726436135851999,0.3297198376119775
2.2539455516236577,42.576207763680586,25.036077879430376,17.487780630963954,0.42793168451996033,0.6387686135851998,0.3635938376119775
2.218235551623658,42.54050776368058,24.960777879430378,17.448107630963953,0.40504348451996036,0.6177116135851998,0.3297198376119775
2.218235551623658,42.576207763680586,24.924977879430376,17.674246630963953,0.42793168451996033,0.6589106135851999,0.3562698376119775
2.142865551623658,42.691307763680584,24.996477879430376,17.638536630963955,0.40504348451996036,0.7422236135851998,0.34986183761197753
2.0714455516236576,42.727007763680575,24.960777879430378,17.674246630963953,0.37574658451996035,0.7495476135851998,0.3233108376119775
1.9603655516236578,42.766707763680586,24.924977879430376,17.749616630963953,0.2750385845199604,0.6589106135851999,0.3233108376119775
1.9603655516236578,42.576207763680586,24.849677879430377,17.789296630963953,0.28694048451996035,0.5481314135851998,0.3297198376119775
1.9960755516236577,42.691307763680584,24.742577879430375,17.824996630963952,0.34553422051996036,0.4721426635851998,0.34345283761197754
2.035745551623658,42.576207763680586,24.667177879430376,17.900376630963954,0.4343403845199604,0.4794669135851998,0.3828208376119775
1.9960755516236577,42.61590776368058,24.520377879430377,17.940046630963955,0.45814408451996036,0.4794669135851998,0.34345283761197754
1.9960755516236577,42.61590776368058,24.520377879430377,17.940046630963955,0.45814408451996036,0.4794669135851998,0.34345283761197754
1.9603655516236578,42.576207763680586,24.484677879430375,17.975756630963954,0.42793168451996033,0.5206656135851998,0.3361288376119775
1.7024955516236577,42.61590776368058,24.484677879430375,18.051136630963953,0.2576435845199604,0.5618643135851998,0.3159868376119775
1.7024955516236577,42.61590776368058,24.484677879430375,18.051136630963953,0.2576435845199604,0.5618643135851998,0.3159868376119775
1.7421655516236576,42.691307763680584,24.413277879430375,18.015426630963955,0.18714808451996037,0.5765126135851998,0.3562698376119775
1.6667855516236576,42.65160776368059,24.413277879430375,17.900376630963954,0.24574178451996037,0.5765126135851998,0.3361288376119775
1.7024955516236577,42.65160776368059,24.302177879430378,17.824996630963952,0.29884228451996037,0.5554556135851998,0.3297198376119775
1.7778755516236577,42.61590776368058,24.302177879430378,17.749616630963953,0.40504348451996036,0.5206656135851998,0.3635938376119775
1.7024955516236577,42.50090776368059,24.266477879430376,17.674246630963953,0.4810320845199604,0.4584097535851998,0.3233108376119775
1.7421655516236576,42.35010776368058,24.230777879430377,17.789296630963953,0.47553908451996035,0.5133414135851998,0.3965528376119775
1.7024955516236577,42.31440776368058,24.266477879430376,17.824996630963952,0.42793168451996033,0.4931998135851998,0.3159868376119775
1.7024955516236577,42.27470776368058,24.266477879430376,17.864676630963952,0.30433548451996034,0.4098868135851998,0.3297198376119775
1.6667855516236576,42.239007763680576,24.302177879430378,17.749616630963953,0.24024808451996038,0.4584097535851998,0.3764118376119775
1.7024955516236577,42.12790776368058,24.337877879430376,18.015426630963955,0.26954548451996035,0.6250356135851998,0.34345283761197754
1.7421655516236576,42.08830776368059,24.337877879430376,17.975756630963954,0.2933491845199604,0.6872916135851999,0.34986183761197753
1.7421655516236576,42.052607763680584,24.302177879430378,18.090806630963954,0.34004105451996036,0.5902456135851998,0.3297198376119775
1.8492855516236577,42.01290776368059,24.373577879430375,17.940046630963955,0.35194291451996035,0.4584097535851998,0.3764118376119775
1.8135755516236576,42.08830776368059,24.413277879430375,17.975756630963954,0.35743608451996034,0.3824210135851998,0.3233108376119775
1.8889555516236576,42.052607763680584,24.484677879430375,17.864676630963952,0.34553422051996036,0.4721426635851998,0.3297198376119775
1.9246655516236577,42.052607763680584,24.484677879430375,17.864676630963952,0.30433548451996034,0.6177116135851998,0.3635938376119775
1.9246655516236577,42.01290776368059,24.484677879430375,17.940046630963955,0.2814472845199604,0.6937006135851997,0.30957783761197755
1.9246655516236577,42.01290776368059,24.484677879430375,17.940046630963955,0.2814472845199604,0.6937006135851997,0.30957783761197755
1.9960755516236577,41.862107763680584,24.520377879430377,17.789296630963953,0.21095208451996036,0.6726436135851999,0.3764118376119775
1.9246655516236577,41.90180776368058,24.520377879430377,17.749616630963953,0.19264108451996037,0.5691886135851998,0.34986183761197753
1.9960755516236577,41.937507763680586,24.560077879430377,17.713916630963954,0.21644508451996036,0.5966546135851998,0.3562698376119775
1.9960755516236577,41.937507763680586,24.560077879430377,17.713916630963954,0.21644508451996036,0.5966546135851998,0.3562698376119775
1.9603655516236578,41.97720776368058,24.667177879430376,17.749616630963953,0.31623738451996036,0.6937006135851997,0.3159868376119775
2.035745551623658,42.052607763680584,24.742577879430375,17.674246630963953,0.4105366845199604,0.7074336135851998,0.3635938376119775
2.107155551623658,42.08830776368059,24.778277879430377,17.674246630963953,0.4105366845199604,0.6387686135851998,0.3700028376119775
2.142865551623658,42.12790776368058,24.849677879430377,17.749616630963953,0.39314168451996034,0.5069327135851998,0.3233108376119775
2.218235551623658,42.16360776368059,24.889277879430377,17.713916630963954,0.31623738451996036,0.4648184475851998,0.3901448376119775
2.182535551623658,42.16360776368059,24.996477879430376,17.824996630963952,0.28694048451996035,0.5343985135851999,0.3297198376119775
2.142865551623658,42.16360776368059,25.071777879430375,17.749616630963953,0.29884228451996037,0.6525016135851998,0.3233108376119775
2.107155551623658,42.27470776368058,24.960777879430378,17.789296630963953,0.28694048451996035,0.7074336135851998,0.3700028376119775
2.142865551623658,42.38980776368058,24.960777879430378,17.674246630963953,0.28694048451996035,0.7074336135851998,0.3159868376119775
2.142865551623658,42.35010776368058,25.107477879430377,17.638536630963955,0.25215038451996036,0.6314446135851999,0.34345283761197754
2.107155551623658,42.38980776368058,25.254277879430376,17.412401630963952,0.24024808451996038,0.5691886135851998,0.3233108376119775
2.142865551623658,42.425507763680585,25.254277879430376,17.412401630963952,0.35743608451996034,0.5765126135851998,0.34345283761197754
2.182535551623658,42.425507763680585,25.289977879430378,17.372728630963955,0.4105366845199604,0.7358146135851997,0.3764118376119775
2.182535551623658,42.50090776368059,25.401077879430375,17.487780630963954,0.36933788451996036,0.7907466135851998,0.3031698376119775
2.142865551623658,42.35010776368058,25.365377879430376,17.563158630963954,0.2750385845199604,0.6937006135851997,0.3297198376119775
2.142865551623658,42.38980776368058,25.401077879430375,17.487780630963954,0.21095208451996036,0.5765126135851998,0.30957783761197755
2.182535551623658,42.31440776368058,25.325677879430376,17.487780630963954,0.21644508451996036,0.5069327135851998,0.3361288376119775
2.2539455516236577,42.27470776368058,25.218577879430377,17.638536630963955,0.28694048451996035,0.5069327135851998,0.3700028376119775
2.3650255516236576,42.203307763680584,25.182877879430375,17.674246630963953,0.34553422051996036,0.6250356135851998,0.3233108376119775
2.4761155516236575,42.203307763680584,25.218577879430377,17.789296630963953,0.3638447845199604,0.6177116135851998,0.3297198376119775
2.5475255516236577,42.12790776368058,25.218577879430377,17.864676630963952,0.35194291451996035,0.5618643135851998,0.3635938376119775
2.5475255516236577,42.203307763680584,25.182877879430375,17.900376630963954,0.28694048451996035,0.5279898135851998,0.3159868376119775
2.5475255516236577,42.239007763680576,25.182877879430375,18.051136630963953,0.24574178451996037,0.4721426635851998,0.3635938376119775
2.5475255516236577,42.27470776368058,25.143277879430375,18.015426630963955,0.21095208451996036,0.5343985135851999,0.3361288376119775
2.4761155516236575,42.35010776368058,25.107477879430377,18.015426630963955,0.17524608451996035,0.5966546135851998,0.30957783761197755
2.4761155516236575,42.35010776368058,25.107477879430377,18.015426630963955,0.17524608451996035,0.5966546135851998,0.30957783761197755
2.3293255516236577,42.31440776368058,24.996477879430376,17.975756630963954,0.20454308451996037,0.6103876135851998,0.3635938376119775
2.2539455516236577,42.46520776368058,24.960777879430378,17.900376630963954,0.26313678451996037,0.4584097535851998,0.3159868376119775
2.2539455516236577,42.425507763680585,25.036077879430376,17.789296630963953,0.2814472845199604,0.4309439135851998,0.3297198376119775
2.218235551623658,42.425507763680585,25.071777879430375,17.749616630963953,0.31623738451996036,0.4172110135851998,0.3562698376119775
2.142865551623658,42.46520776368058,25.107477879430377,17.749616630963953,0.31074418451996033,0.4098868135851998,0.28302783761197753
2.0714455516236576,42.46520776368058,25.143277879430375,17.824996630963952,0.31074418451996033,0.4996085135851998,0.3635938376119775
1.7778755516236577,42.61590776368058,25.218577879430377,17.940046630963955,0.13954008451996036,0.5554556135851998,0.3031698376119775
1.7421655516236576,42.61590776368058,25.218577879430377,17.864676630963952,0.15144208451996036,0.5618643135851998,0.34986183761197753
1.7421655516236576,42.576207763680586,25.182877879430375,17.713916630963954,0.18073908451996037,0.5765126135851998,0.3159868376119775
1.7024955516236577,42.35010776368058,25.254277879430376,17.638536630963955,0.26954548451996035,0.5618643135851998,0.3700028376119775
1.7778755516236577,42.31440776368058,25.218577879430377,17.789296630963953,0.32264608451996035,0.5691886135851998,0.34986183761197753
1.7024955516236577,42.08830776368059,25.254277879430376,17.824996630963952,0.33454788451996037,0.5966546135851998,0.3159868376119775
1.6667855516236576,42.052607763680584,25.365377879430376,17.940046630963955,0.2933491845199604,0.5902456135851998,0.34345283761197754
1.7421655516236576,41.937507763680586,25.289977879430378,17.864676630963952,0.22193808451996036,0.4996085135851998,0.2958448376119775
1.7024955516236577,42.01290776368059,25.218577879430377,17.940046630963955,0.18714808451996037,0.44467681358519984,0.3297198376119775
1.7421655516236576,42.052607763680584,25.143277879430375,17.864676630963952,0.18714808451996037,0.5279898135851998,0.3233108376119775
1.6310855516236578,41.937507763680586,25.218577879430377,17.975756630963954,0.18073908451996037,0.6314446135851999,0.3700028376119775
1.5199955516236576,41.82640776368058,25.218577879430377,17.900376630963954,0.18073908451996037,0.6726436135851999,0.3297198376119775
1.5557055516236578,41.75110776368058,25.289977879430378,17.864676630963952,0.17524608451996035,0.5902456135851998,0.3361288376119775
1.4485855516236577,41.600307763680576,25.254277879430376,17.789296630963953,0.17524608451996035,0.4931998135851998,0.34345283761197754
1.4485855516236577,41.600307763680576,25.254277879430376,17.789296630963953,0.17524608451996035,0.4931998135851998,0.34345283761197754
1.5199955516236576,41.56060776368058,25.254277879430376,17.749616630963953,0.18714808451996037,0.43735261358519983,0.30957783761197755
1.4842955516236576,41.52490776368059,25.254277879430376,17.638536630963955,0.19264108451996037,0.5554556135851998,0.3297198376119775
1.3732055516236576,41.63600776368058,25.254277879430376,17.638536630963955,0.24574178451996037,0.6662346135851998,0.34345283761197754
1.3732055516236576,41.71140776368058,25.218577879430377,17.638536630963955,0.21644508451996036,0.6799676135851997,0.34345283761197754
1.3017955516236577,41.63600776368058,25.289977879430378,17.448107630963953,0.20454308451996037,0.5902456135851998,0.3361288376119775
1.1153345516236577,41.75110776368058,25.325677879430376,17.337023630963955,0.19264108451996037,0.5481314135851998,0.3562698376119775
1.1153345516236577,41.82640776368058,25.365377879430376,17.297350630963955,0.19264108451996037,0.6451776135851999,0.3233108376119775
1.0042505516236577,41.937507763680586,25.325677879430376,17.297350630963955,0.22834708451996036,0.7559566135851998,0.3031698376119775
0.9685445516236577,41.97720776368058,25.254277879430376,17.146593630963952,0.23384008451996036,0.7559566135851998,0.3700028376119775
1.0042505516236577,42.01290776368059,25.289977879430378,16.960131630963954,0.19905008451996037,0.7010246135851999,0.30957783761197755
1.1907125516236576,42.12790776368058,25.254277879430376,16.924425630963952,0.15785108451996036,0.6177116135851998,0.30957783761197755
1.1510395516236578,42.08830776368059,25.218577879430377,16.698290630963953,0.16975308451996035,0.5902456135851998,0.3361288376119775
1.1510395516236578,42.12790776368058,25.218577879430377,16.622912030963953,0.18714808451996037,0.6387686135851998,0.3233108376119775
1.2621255516236576,42.16360776368059,25.289977879430378,16.472155630963954,0.21095208451996036,0.6662346135851998,0.3635938376119775
1.3017955516236577,42.08830776368059,25.289977879430378,16.472155630963954,0.23384008451996036,0.6872916135851999,0.30957783761197755
1.2621255516236576,42.16360776368059,25.365377879430376,16.472155630963954,0.22834708451996036,0.7358146135851997,0.3233108376119775
1.3375055516236576,42.16360776368059,25.365377879430376,16.658617630963953,0.22193808451996036,0.7632806135851998,0.3562698376119775
1.3375055516236576,42.16360776368059,25.365377879430376,16.658617630963953,0.22193808451996036,0.7632806135851998,0.3562698376119775
1.3017955516236577,42.203307763680584,25.401077879430375,16.583239230963954,0.15144208451996036,0.7358146135851997,0.3233108376119775
1.4089155516236576,42.01290776368059,25.289977879430378,16.733995630963953,0.12214508451996037,0.6451776135851999,0.34345283761197754
1.4842955516236576,41.786807763680585,25.143277879430375,16.849047630963952,0.19264108451996037,0.5966546135851998,0.30957783761197755
1.5953755516236576,41.786807763680585,25.143277879430375,16.960131630963954,0.2576435845199604,0.6589106135851999,0.34345283761197754
1.5953755516236576,41.71140776368058,25.182877879430375,17.071215630963955,0.29884228451996037,0.6250356135851998,0.3233108376119775
1.6667855516236576,41.56060776368058,25.254277879430376,17.261644630963954,0.2750385845199604,0.6103876135851998,0.3159868376119775
1.6667855516236576,41.600307763680576,25.182877879430375,17.372728630963955,0.26313678451996037,0.5069327135851998,0.3361288376119775
1.7024955516236577,41.600307763680576,25.143277879430375,17.372728630963955,0.23384008451996036,0.3888297135851998,0.28302783761197753
1.8135755516236576,41.600307763680576,25.143277879430375,17.412401630963952,0.21095208451996036,0.4510855135851998,0.3361288376119775
1.8492855516236577,41.71140776368058,25.036077879430376,17.448107630963953,0.23384008451996036,0.5417227135851999,0.30957783761197755
1.8492855516236577,41.90180776368058,24.996477879430376,17.448107630963953,0.19264108451996037,0.6039786135851998,0.30957783761197755
1.9603655516236578,41.82640776368058,24.924977879430376,17.487780630963954,0.19905008451996037,0.6039786135851998,0.3361288376119775
1.9603655516236578,41.82640776368058,24.849677879430377,17.412401630963952,0.12855408451996037,0.6177116135851998,0.2894368376119775
1.9960755516236577,41.786807763680585,24.960777879430378,17.372728630963955,0.11024408451996037,0.5966546135851998,0.3297198376119775
1.9960755516236577,41.75110776368058,24.924977879430376,17.261644630963954,0.12214508451996037,0.5829216135851998,0.3297198376119775
1.8889555516236576,41.786807763680585,25.071777879430375,17.261644630963954,0.14594908451996036,0.6103876135851998,0.28302783761197753
1.8889555516236576,41.82640776368058,24.960777879430378,17.146593630963952,0.18714808451996037,0.6589106135851999,0.3159868376119775
1.8135755516236576,41.90180776368058,24.924977879430376,17.146593630963952,0.18073908451996037,0.6451776135851999,0.2958448376119775
1.7778755516236577,41.97720776368058,24.889277879430377,17.071215630963955,0.16334408451996035,0.6387686135851998,0.26929483761197753
1.8492855516236577,41.90180776368058,24.924977879430376,17.110887630963955,0.18073908451996037,0.5765126135851998,0.34345283761197754
1.8889555516236576,41.786807763680585,24.924977879430376,17.071215630963955,0.15785108451996036,0.5206656135851998,0.26929483761197753
1.8135755516236576,41.63600776368058,24.889277879430377,17.035509630963954,0.21095208451996036,0.6039786135851998,0.27570383761197753
1.7778755516236577,41.67570776368058,24.924977879430376,17.035509630963954,0.22193808451996036,0.6314446135851999,0.22901183761197752
1.7421655516236576,41.67570776368058,24.924977879430376,17.071215630963955,0.19905008451996037,0.7010246135851999,0.27570383761197753
1.5953755516236576,41.71140776368058,24.960777879430378,17.221971630963953,0.13404708451996036,0.6799676135851997,0.20886983761197753
1.5953755516236576,41.71140776368058,24.924977879430376,17.297350630963955,0.05165008451996034,0.6314446135851999,0.2024618376119775
1.5199955516236576,41.82640776368058,24.849677879430377,17.186266630963953,0.08094708451996036,0.5554556135851998,0.2491538376119775
1.4842955516236576,41.862107763680584,24.742577879430375,17.110887630963955,0.12214508451996037,0.5343985135851999,0.2024618376119775
1.6310855516236578,41.937507763680586,24.667177879430376,17.146593630963952,0.19905008451996037,0.6039786135851998,0.24274483761197752
1.5557055516236578,41.90180776368058,24.742577879430375,17.146593630963952,0.24024808451996038,0.6525016135851998,0.21527883761197752
1.6310855516236578,41.786807763680585,24.778277879430377,17.186266630963953,0.21095208451996036,0.6799676135851997,0.1887288376119775
1.5953755516236576,41.63600776368058,24.889277879430377,17.221971630963953,0.10475008451996037,0.6387686135851998,0.20886983761197753
1.5953755516236576,41.67570776368058,24.849677879430377,17.186266630963953,0.010451084519960352,0.5966546135851998,0.16217823761197753
1.6310855516236578,41.786807763680585,24.889277879430377,17.071215630963955,0.004958084519960382,0.6872916135851999,0.2024618376119775
1.6667855516236576,41.786807763680585,24.742577879430375,17.110887630963955,0.04615708451996037,0.7422236135851998,0.1749958376119775
1.6667855516236576,41.82640776368058,24.742577879430375,17.035509630963954,0.11024408451996037,0.7358146135851997,0.16217823761197753
1.7024955516236577,41.786807763680585,24.778277879430377,16.924425630963952,0.13954008451996036,0.6451776135851999,0.20886983761197753
1.7024955516236577,41.862107763680584,24.889277879430377,16.884752630963952,0.18073908451996037,0.5618643135851998,0.16217823761197753
1.5953755516236576,41.862107763680584,24.960777879430378,16.884752630963952,0.21095208451996036,0.4931998135851998,0.1823198376119775
1.7024955516236577,41.786807763680585,25.107477879430377,16.999803630963953,0.21644508451996036,0.5279898135851998,0.13471243761197751
1.5953755516236576,41.71140776368058,25.107477879430377,17.071215630963955,0.20454308451996037,0.6250356135851998,0.12189503761197752
1.5953755516236576,41.71140776368058,25.107477879430377,17.071215630963955,0.20454308451996037,0.6250356135851998,0.12189503761197752
1.5199955516236576,41.71140776368058,25.143277879430375,17.071215630963955,0.15144208451996036,0.6726436135851999,0.12830373761197753
1.5199955516236576,41.75110776368058,25.071777879430375,17.071215630963955,0.10475008451996037,0.6451776135851999,0.10816213761197752
1.5557055516236578,41.786807763680585,25.036077879430376,16.960131630963954,0.05714308451996036,0.6039786135851998,0.10816213761197752
1.6310855516236578,41.786807763680585,25.036077879430376,16.960131630963954,0.022353084519960376,0.5966546135851998,0.14844533761197753
1.6310855516236578,41.786807763680585,25.107477879430377,16.960131630963954,0.027846084519960346,0.6387686135851998,0.07428762761197752
1.7024955516236577,41.90180776368058,25.143277879430375,16.924425630963952,0.06904508451996039,0.6662346135851998,0.10816213761197752
1.6667855516236576,41.786807763680585,25.143277879430375,16.884752630963952,0.11665208451996037,0.5481314135851998,0.07428762761197752
1.7421655516236576,41.786807763680585,25.143277879430375,16.884752630963952,0.12855408451996037,0.5343985135851999,0.05414603761197752
1.6667855516236576,41.600307763680576,25.143277879430375,16.849047630963952,0.15144208451996036,0.4996085135851998,0.07428762761197752
1.7421655516236576,41.71140776368058,25.036077879430376,16.884752630963952,0.16334408451996035,0.5069327135851998,0.041328637611977526
1.6310855516236578,41.71140776368058,25.036077879430376,16.960131630963954,0.17524608451996035,0.5765126135851998,0.08161183761197752
1.6310855516236578,41.67570776368058,24.996477879430376,16.960131630963954,0.17524608451996035,0.5829216135851998,0.05414603761197752
1.6310855516236578,41.71140776368058,24.924977879430376,16.849047630963952,0.09284908451996038,0.5554556135851998,0.007454137611977524
1.7024955516236577,41.71140776368058,25.036077879430376,16.924425630963952,0.03974808451996037,0.6039786135851998,0.021187037611977523
1.7024955516236577,41.56060776368058,24.924977879430376,17.035509630963954,0.006943915480039642,0.6451776135851999,0.041328637611977526
1.8135755516236576,41.48520776368058,24.889277879430377,17.071215630963955,0.025253915480039635,0.6872916135851999,0.02759573761197752
1.9603655516236578,41.25910776368059,24.849677879430377,17.146593630963952,0.022353084519960376,0.6799676135851997,0.021187037611977523
1.9246655516236577,41.108307763680585,24.813977879430375,17.146593630963952,0.08094708451996036,0.6451776135851999,0.007454137611977524
1.9960755516236577,41.07260776368058,24.706777879430376,17.186266630963953,0.10475008451996037,0.5902456135851998,0.01477833761197752
1.9960755516236577,40.99730776368058,24.667177879430376,17.146593630963952,0.10475008451996037,0.5417227135851999,0.019096162388022475
2.107155551623658,41.03300776368059,24.560077879430377,17.221971630963953,0.06355208451996036,0.5206656135851998,0.02550486238802248
2.0714455516236576,40.99730776368058,24.560077879430377,17.297350630963955,0.027846084519960346,0.5069327135851998,0.021187037611977523
2.107155551623658,40.957607763680585,24.520377879430377,17.448107630963953,0.01335291548003964,0.5069327135851998,0.05297116238802248
2.107155551623658,40.957607763680585,24.520377879430377,17.448107630963953,0.01335291548003964,0.5069327135851998,0.05297116238802248
1.9960755516236577,40.84650776368058,24.520377879430377,17.487780630963954,0.01884591548003961,0.5417227135851999,0.04564616238802248
2.107155551623658,40.77110776368058,24.595777879430376,17.523485630963954,0.025253915480039635,0.6451776135851999,0.03923816238802248
2.182535551623658,40.80680776368058,24.560077879430377,17.638536630963955,0.0014509154800396162,0.6387686135851998,0.08592916238802246
2.182535551623658,40.84650776368058,24.413277879430375,17.523485630963954,0.015944084519960378,0.5481314135851998,0.05297116238802248
2.182535551623658,40.957607763680585,24.230777879430377,17.372728630963955,0.03974808451996037,0.43735261358519983,0.09325416238802249
2.218235551623658,40.88220776368058,24.230777879430377,17.186266630963953,0.09284908451996038,0.4858756135851998,0.07952116238802247
2.3293255516236577,40.80680776368058,24.155377879430375,17.110887630963955,0.11024408451996037,0.5902456135851998,0.09966216238802249
2.2896555516236576,40.735407763680584,24.155377879430375,16.999803630963953,0.08735508451996038,0.5902456135851998,0.07952116238802247
2.3293255516236577,40.77110776368058,24.083977879430375,16.849047630963952,0.022353084519960376,0.6387686135851998,0.1335371623880225
2.3293255516236577,40.66000776368058,24.083977879430375,16.809374630963955,0.006943915480039642,0.7147576135851998,0.14635416238802246
2.2896555516236576,40.62040776368058,24.008577879430376,16.773668630963954,0.004958084519960382,0.7211656135851998,0.10607116238802249
2.2539455516236577,40.54500776368059,23.937177879430376,16.583239230963954,0.06355208451996036,0.7211656135851998,0.15367916238802248
2.2896555516236576,40.50930776368058,23.861777879430377,16.622912030963953,0.03974808451996037,0.7211656135851998,0.1399461623880225
2.3650255516236576,40.54500776368059,23.937177879430376,16.507860730963955,0.04615708451996037,0.6662346135851998,0.15367916238802248
2.3650255516236576,40.39420776368058,23.897477879430376,16.396776630963952,0.04615708451996037,0.6314446135851999,0.18663716238802247
2.4007355516236575,40.24350776368058,23.861777879430377,16.432482630963953,0.04615708451996037,0.6250356135851998,0.1664961623880225
2.3293255516236577,40.16810776368058,23.826077879430375,16.396776630963952,0.027846084519960346,0.6314446135851999,0.18663716238802247
2.182535551623658,40.20780776368058,23.754677879430375,16.396776630963952,0.07545408451996038,0.6525016135851998,0.20037016238802247
2.182535551623658,40.20780776368058,23.714977879430375,16.396776630963952,0.09834208451996035,0.7074336135851998,0.1802291623880225
2.142865551623658,40.24350776368058,23.714977879430375,16.472155630963954,0.08735508451996038,0.7284906135851998,0.20037016238802247
2.0714455516236576,40.318907763680585,23.679277879430376,16.583239230963954,0.08094708451996036,0.7147576135851998,0.18663716238802247
1.9246655516236577,40.318907763680585,23.607877879430376,16.658617630963953,0.05714308451996036,0.4996085135851998,0.2269211623880225
1.9246655516236577,40.28320776368058,23.679277879430376,16.583239230963954,0.06355208451996036,0.4858756135851998,0.20677916238802252
1.9246655516236577,40.39420776368058,23.568177879430376,16.583239230963954,0.11024408451996037,0.5829216135851998,0.20677916238802252
1.8492855516236577,40.39420776368058,23.568177879430376,16.507860730963955,0.10475008451996037,0.5902456135851998,0.20677916238802252
1.8492855516236577,40.35850776368058,23.532477879430377,16.507860730963955,0.08094708451996036,0.6387686135851998,0.18663716238802247
1.8492855516236577,40.35850776368058,23.532477879430377,16.507860730963955,0.08094708451996036,0.6387686135851998,0.18663716238802247
1.8889555516236576,40.28320776368058,23.568177879430376,16.472155630963954,0.01335291548003964,0.5966546135851998,0.2269211623880225
1.8889555516236576,40.28320776368058,23.568177879430376,16.472155630963954,0.01335291548003964,0.5966546135851998,0.2269211623880225
1.8492855516236577,40.35850776368058,23.532477879430377,16.432482630963953,0.01884591548003961,0.5966546135851998,0.22051216238802251
1.7778755516236577,40.20780776368058,23.532477879430377,16.396776630963952,0.015944084519960378,0.5765126135851998,0.18663716238802247
1.6667855516236576,40.28320776368058,23.568177879430376,16.472155630963954,0.03974808451996037,0.5691886135851998,0.1939621623880225
1.6310855516236578,40.20780776368058,23.568177879430376,16.396776630963952,0.03974808451996037,0.6662346135851998,0.22051216238802251
1.6310855516236578,40.13240776368058,23.568177879430376,16.396776630963952,0.05165008451996034,0.7074336135851998,0.18663716238802247
1.5953755516236576,40.13240776368058,23.643577879430374,16.357103630963955,0.027846084519960346,0.6872916135851999,0.2269211623880225
1.4842955516236576,40.01730776368058,23.568177879430376,16.281725630963955,0.015944084519960378,0.6525016135851998,0.2269211623880225
1.5199955516236576,39.830907763680585,23.568177879430376,16.170641630963953,0.004958084519960382,0.7211656135851998,0.2406541623880225
1.4842955516236576,39.830907763680585,23.568177879430376,16.095262630963955,0.06904508451996039,0.7074336135851998,0.20677916238802252
1.5557055516236578,39.79120776368058,23.421377879430377,16.130968630963952,0.11665208451996037,0.7010246135851999,0.18663716238802247
1.3732055516236576,39.75550776368058,23.532477879430377,15.944506630963954,0.06904508451996039,0.6589106135851999,0.2269211623880225
1.4089155516236576,39.71580776368059,23.461077879430377,15.944506630963954,0.025253915480039635,0.6525016135851998,0.18663716238802247
1.4089155516236576,39.71580776368059,23.461077879430377,15.944506630963954,0.025253915480039635,0.6525016135851998,0.18663716238802247
1.3732055516236576,39.64050776368058,23.496777879430375,15.904833630963953,0.030747915480039634,0.6937006135851997,0.21410316238802252
1.3375055516236576,39.68010776368058,23.385677879430375,16.019884630963954,0.04814291548003963,0.7559566135851998,0.22051216238802251
1.3017955516236577,39.68010776368058,23.385677879430375,16.095262630963955,0.03624091548003966,0.7696886135851998,0.1738201623880225
1.2264155516236577,39.71580776368059,23.385677879430375,15.980211630963954,0.025253915480039635,0.7358146135851997,0.2342451623880225
1.2264155516236577,39.71580776368059,23.385677879430375,15.980211630963954,0.025253915480039635,0.7358146135851997,0.2342451623880225
1.1907125516236576,39.75550776368058,23.461077879430377,15.793749630963953,0.034255084519960344,0.6726436135851999,0.18663716238802247
1.1907125516236576,39.75550776368058,23.461077879430377,15.793749630963953,0.034255084519960344,0.6726436135851999,0.18663716238802247
1.2621255516236576,39.75550776368058,23.461077879430377,15.904833630963953,0.06355208451996036,0.6726436135851999,0.2269211623880225
1.2621255516236576,39.866607763680584,23.385677879430375,15.754076630963954,0.07545408451996038,0.6872916135851999,0.1738201623880225
1.1907125516236576,39.75550776368058,23.461077879430377,15.869127630963954,0.08735508451996038,0.6937006135851997,0.1802291623880225
1.0796285516236577,39.94200776368058,23.643577879430374,15.718370630963953,0.022353084519960376,0.8255366135851998,0.1939621623880225
1.1153345516236577,39.90630776368059,23.568177879430376,15.678698630963954,0.027846084519960346,0.8118036135851998,0.2342451623880225
1.1510395516236578,39.830907763680585,23.643577879430374,15.492236630963953,0.027846084519960346,0.7284906135851998,0.2543871623880225
1.2264155516236577,39.90630776368059,23.754677879430375,15.531906630963954,0.004958084519960382,0.7147576135851998,0.1939621623880225
1.1153345516236577,39.981607763680586,23.897477879430376,15.492236630963953,0.004958084519960382,0.8255366135851998,0.22051216238802251
1.1510395516236578,39.94200776368058,23.937177879430376,15.492236630963953,0.01335291548003964,0.8530016135851999,0.18663716238802247
1.1510395516236578,39.830907763680585,23.937177879430376,15.531906630963954,0.0014509154800396162,0.8182116135851998,0.1738201623880225
1.1510395516236578,39.866607763680584,24.008577879430376,15.492236630963953,0.004958084519960382,0.7284906135851998,0.2342451623880225
1.0439235516236578,39.90630776368059,24.119677879430377,15.567616630963954,0.004958084519960382,0.6525016135851998,0.1939621623880225
1.0439235516236578,39.94200776368058,24.191077879430377,15.531906630963954,0.01335291548003964,0.6799676135851997,0.20037016238802247
1.0042505516236577,39.981607763680586,24.230777879430377,15.642992630963954,0.030747915480039634,0.7010246135851999,0.2269211623880225
0.9685445516236577,40.05700776368058,24.191077879430377,15.567616630963954,0.022353084519960376,0.7211656135851998,0.1664961623880225
1.0439235516236578,40.01730776368058,24.191077879430377,15.754076630963954,0.034255084519960344,0.7074336135851998,0.1939621623880225
1.1510395516236578,39.94200776368058,24.191077879430377,15.642992630963954,0.025253915480039635,0.7211656135851998,0.22051216238802251
1.1153345516236577,39.90630776368059,24.230777879430377,15.754076630963954,0.06645291548003962,0.6799676135851997,0.18663716238802247
1.1153345516236577,39.90630776368059,24.230777879430377,15.754076630963954,0.06645291548003962,0.6799676135851997,0.18663716238802247
1.1510395516236578,39.830907763680585,24.155377879430375,15.829454630963953,0.04264891548003963,0.7495476135851998,0.18663716238802247
1.2264155516236577,39.71580776368059,24.044277879430375,15.904833630963953,0.04615708451996037,0.7211656135851998,0.21410316238802252
1.2621255516236576,39.489707763680585,24.083977879430375,15.793749630963953,0.06904508451996039,0.5417227135851999,0.21410316238802252
1.4089155516236576,39.489707763680585,24.008577879430376,15.829454630963953,0.07545408451996038,0.4721426635851998,0.18663716238802247
1.3375055516236576,39.41430776368058,24.083977879430375,15.829454630963953,0.08735508451996038,0.4931998135851998,0.1939621623880225
1.3732055516236576,39.37860776368058,24.083977879430375,15.904833630963953,0.05165008451996034,0.5554556135851998,0.21410316238802252
1.4089155516236576,39.192207763680585,24.008577879430376,15.980211630963954,0.06355208451996036,0.6387686135851998,0.15367916238802248
1.4485855516236577,39.15250776368058,23.937177879430376,15.944506630963954,0.01884591548003961,0.6726436135851999,0.21410316238802252
1.4089155516236576,39.001707763680585,23.861777879430377,16.019884630963954,0.07194591548003965,0.6589106135851999,0.2406541623880225
1.3732055516236576,38.851007763680585,23.861777879430377,15.944506630963954,0.13053991548003963,0.7074336135851998,0.15367916238802248
1.3375055516236576,38.851007763680585,23.714977879430375,15.980211630963954,0.11314491548003963,0.7358146135851997,0.2406541623880225
1.4485855516236577,38.73990776368058,23.714977879430375,15.904833630963953,0.07194591548003965,0.7147576135851998,0.1939621623880225
1.4485855516236577,38.73990776368058,23.714977879430375,15.904833630963953,0.07194591548003965,0.7147576135851998,0.1939621623880225
1.5199955516236576,38.58910776368059,23.496777879430375,15.793749630963953,0.01335291548003964,0.7284906135851998,0.1738201623880225
1.5199955516236576,38.58910776368059,23.461077879430377,15.754076630963954,0.006943915480039642,0.6872916135851999,0.2342451623880225
1.5557055516236578,38.70020776368058,23.421377879430377,15.678698630963954,0.06645291548003962,0.6937006135851997,0.1939621623880225
1.5199955516236576,38.66450776368058,23.496777879430375,15.678698630963954,0.07743891548003962,0.6937006135851997,0.1802291623880225
1.4842955516236576,38.62480776368058,23.385677879430375,15.567616630963954,0.06645291548003962,0.7284906135851998,0.2406541623880225
1.4842955516236576,38.73990776368058,23.314277879430374,15.718370630963953,0.010451084519960352,0.7211656135851998,0.18663716238802247
1.4485855516236577,38.77560776368058,23.278577879430376,15.718370630963953,0.027846084519960346,0.7074336135851998,0.1939621623880225
1.4842955516236576,38.81530776368058,23.349977879430377,15.678698630963954,0.010451084519960352,0.6799676135851997,0.2543871623880225
1.4842955516236576,39.07710776368059,23.349977879430377,15.607286630963953,0.015944084519960378,0.6177116135851998,0.20037016238802247
1.4842955516236576,39.07710776368059,23.349977879430377,15.607286630963953,0.015944084519960378,0.6177116135851998,0.20037016238802247
1.4485855516236577,39.001707763680585,23.167477879430376,15.531906630963954,0.03974808451996037,0.6451776135851999,0.21410316238802252
1.4089155516236576,39.11680776368058,23.131777879430377,15.492236630963953,0.025253915480039635,0.6726436135851999,0.1738201623880225
1.4089155516236576,39.07710776368059,23.092177879430377,15.492236630963953,0.06645291548003962,0.7907466135851998,0.2342451623880225
1.3375055516236576,39.192207763680585,23.092177879430377,15.531906630963954,0.07743891548003962,0.8044786135851998,0.18663716238802247
1.3732055516236576,39.11680776368058,23.131777879430377,15.531906630963954,0.09574991548003964,0.8044786135851998,0.18663716238802247
1.3732055516236576,39.04140776368058,23.131777879430377,15.492236630963953,0.04264891548003963,0.7495476135851998,0.2269211623880225
1.3732055516236576,39.04140776368058,23.131777879430377,15.492236630963953,0.04264891548003963,0.7495476135851998,0.2269211623880225
1.4089155516236576,38.96600776368058,22.984977879430375,15.567616630963954,0.025253915480039635,0.7495476135851998,0.1664961623880225
1.4485855516236577,38.92630776368058,22.984977879430375,15.607286630963953,0.01335291548003964,0.7147576135851998,0.2406541623880225
1.3732055516236576,38.96600776368058,22.945377879430374,15.567616630963954,0.05455091548003965,0.6937006135851997,0.2342451623880225
1.4089155516236576,39.001707763680585,22.984977879430375,15.607286630963953,0.07194591548003965,0.7422236135851998,0.1664961623880225
1.4089155516236576,38.96600776368058,22.909677879430376,15.567616630963954,0.08384791548003961,0.7907466135851998,0.2406541623880225
1.4485855516236577,38.96600776368058,22.909677879430376,15.492236630963953,0.10124291548003966,0.8465936135851998,0.20677916238802252
1.3732055516236576,39.04140776368058,22.838277879430375,15.492236630963953,0.07743891548003962,0.8603266135851998,0.18663716238802247
1.3732055516236576,39.07710776368059,22.984977879430375,15.492236630963953,0.05455091548003965,0.7907466135851998,0.2269211623880225
1.4089155516236576,39.15250776368058,22.909677879430376,15.341476630963953,0.034255084519960344,0.6662346135851998,0.2342451623880225
1.4089155516236576,39.192207763680585,22.838277879430375,15.305776630963953,0.08094708451996036,0.6525016135851998,0.20037016238802247
1.3732055516236576,39.33890776368058,22.762877879430377,15.341476630963953,0.06904508451996039,0.6387686135851998,0.1738201623880225
1.3017955516236577,39.37860776368058,22.727177879430375,15.305776630963953,0.0014509154800396162,0.6872916135851999,0.20677916238802252
1.3732055516236576,39.37860776368058,22.691477879430376,15.341476630963953,0.06645291548003962,0.7211656135851998,0.20037016238802247
1.4089155516236576,39.45400776368058,22.691477879430376,15.341476630963953,0.08934091548003964,0.7422236135851998,0.1939621623880225
1.5199955516236576,39.45400776368058,22.655777879430374,15.305776630963953,0.09574991548003964,0.7422236135851998,0.20677916238802252
1.6310855516236578,39.489707763680585,22.691477879430376,15.266096630963954,0.04264891548003963,0.7495476135851998,0.18663716238802247
1.7421655516236576,39.45400776368058,22.655777879430374,15.190726630963955,0.030747915480039634,0.7907466135851998,0.21410316238802252
1.7421655516236576,39.489707763680585,22.727177879430375,15.155016630963953,0.022353084519960376,0.7559566135851998,0.2342451623880225
1.7421655516236576,39.489707763680585,22.727177879430375,15.155016630963953,0.022353084519960376,0.7559566135851998,0.2342451623880225
1.8135755516236576,39.489707763680585,22.616077879430375,15.230396630963954,0.03974808451996037,0.6451776135851999,0.20677916238802252
1.8492855516236577,39.52940776368058,22.727177879430375,15.155016630963953,0.015944084519960378,0.6662346135851998,0.1939621623880225
1.8492855516236577,39.45400776368058,22.802577879430377,15.190726630963955,0.015944084519960378,0.6872916135851999,0.1738201623880225
1.8492855516236577,39.33890776368058,22.873977879430377,15.230396630963954,0.01884591548003961,0.6662346135851998,0.18663716238802247
1.8492855516236577,39.30320776368058,23.020777879430376,15.305776630963953,0.01335291548003964,0.6662346135851998,0.2269211623880225
1.8135755516236576,39.15250776368058,23.056477879430375,15.341476630963953,0.025253915480039635,0.6872916135851999,0.1939621623880225
1.9960755516236577,39.04140776368058,23.167477879430376,15.266096630963954,0.05455091548003965,0.6726436135851999,0.21410316238802252
1.9603655516236578,38.89060776368058,23.131777879430377,15.341476630963953,0.06645291548003962,0.7284906135851998,0.2342451623880225
2.0714455516236576,38.58910776368059,23.167477879430376,15.230396630963954,0.06645291548003962,0.7770136135851998,0.1939621623880225
1.9960755516236577,38.363007763680585,23.203177879430378,15.341476630963953,0.10765191548003966,0.7980706135851998,0.20677916238802252
1.9246655516236577,38.06150776368058,23.238977879430376,15.230396630963954,0.13053991548003963,0.7843376135851998,0.1939621623880225
2.035745551623658,37.83530776368058,23.238977879430376,15.190726630963955,0.15434391548003967,0.7358146135851997,0.1738201623880225
2.0714455516236576,37.64890776368058,23.203177879430378,15.115346630963954,0.14885091548003965,0.7010246135851999,0.1802291623880225
2.035745551623658,37.45840776368058,23.203177879430378,15.190726630963955,0.14244191548003965,0.7284906135851998,0.2342451623880225
1.9603655516236578,37.30770776368058,23.238977879430376,15.190726630963955,0.13694891548003962,0.7696886135851998,0.20037016238802247
1.9246655516236577,37.272007763680584,23.131777879430377,15.190726630963955,0.14244191548003965,0.8182116135851998,0.20037016238802247
1.8889555516236576,37.272007763680584,23.092177879430377,15.190726630963955,0.15434391548003967,0.7770136135851998,0.2406541623880225
1.8492855516236577,37.272007763680584,22.984977879430375,15.230396630963954,0.1836409154800397,0.7010246135851999,0.1802291623880225
1.8135755516236576,37.383107763680584,22.945377879430374,15.115346630963954,0.16624591548003964,0.6451776135851999,0.21410316238802252
1.6667855516236576,37.383107763680584,22.838277879430375,15.230396630963954,0.15983691548003964,0.6525016135851998,0.21410316238802252
1.6310855516236578,37.45840776368058,22.655777879430374,15.190726630963955,0.09574991548003964,0.7010246135851999,0.21410316238802252
1.6310855516236578,37.533807763680585,22.655777879430374,15.230396630963954,0.06645291548003962,0.7632806135851998,0.20677916238802252
1.4842955516236576,37.724307763680585,22.362177879430376,15.079636630963954,0.05455091548003965,0.6589106135851999,0.20037016238802247
1.3375055516236576,37.87100776368058,22.286777879430375,15.039966630963953,0.04264891548003963,0.6039786135851998,0.2269211623880225
1.2621255516236576,38.021807763680584,22.215377879430378,15.004256630963953,0.04264891548003963,0.6726436135851999,0.20037016238802247
1.2621255516236576,38.13690776368058,22.179677879430375,15.079636630963954,0.04264891548003963,0.7980706135851998,0.22051216238802251
1.1153345516236577,38.097207763680586,22.068577879430375,15.039966630963953,0.04814291548003963,0.8877916135851998,0.20677916238802252
1.1153345516236577,37.98610776368058,22.032877879430377,15.004256630963953,0.06645291548003962,0.8118036135851998,0.1939621623880225
1.0042505516236577,37.910707763680584,21.997177879430375,14.964586630963954,0.10765191548003966,0.7147576135851998,0.22051216238802251
1.0796285516236577,37.83530776368058,21.997177879430375,14.853506630963954,0.09574991548003964,0.6799676135851997,0.1939621623880225
1.1510395516236578,37.76000776368058,21.850377879430376,14.853506630963954,0.07194591548003965,0.7980706135851998,0.21410316238802252
1.1153345516236577,37.76000776368058,21.810677879430376,14.853506630963954,0.025253915480039635,0.8740596135851998,0.20677916238802252
1.1907125516236576,37.79570776368058,21.850377879430376,14.853506630963954,0.030747915480039634,0.8255366135851998,0.1939621623880225
1.3017955516236577,37.76000776368058,21.886077879430378,14.813826630963954,0.10124291548003966,0.7770136135851998,0.20677916238802252
1.2264155516236577,37.64890776368058,21.957477879430375,14.663076630963953,0.14885091548003965,0.7632806135851998,0.20677916238802252
1.3732055516236576,37.724307763680585,21.957477879430375,14.627366630963953,0.10765191548003966,0.7632806135851998,0.22051216238802251
1.3375055516236576,37.79570776368058,21.957477879430375,14.627366630963953,0.004958084519960382,0.8044786135851998,0.20037016238802247
1.3375055516236576,37.94640776368058,21.921777879430376,14.512316630963953,0.027846084519960346,0.8740596135851998,0.1738201623880225
1.4485855516236577,38.097207763680586,21.997177879430375,14.587696630963954,0.010451084519960352,0.8182116135851998,0.1738201623880225
1.4089155516236576,38.13690776368058,21.957477879430375,14.551986630963954,0.030747915480039634,0.7559566135851998,0.22051216238802251
1.3732055516236576,38.21220776368058,22.139977879430376,14.627366630963953,0.09574991548003964,0.7422236135851998,0.1939621623880225
1.4089155516236576,38.363007763680585,22.139977879430376,14.627366630963953,0.09574991548003964,0.7559566135851998,0.2269211623880225
1.3732055516236576,38.47410776368058,22.179677879430375,14.627366630963953,0.10124291548003966,0.8255366135851998,0.2342451623880225
1.4485855516236577,38.58910776368059,22.251077879430376,14.663076630963953,0.09574991548003964,0.9015246135851998,0.18663716238802247
1.4842955516236576,38.66450776368058,22.215377879430378,14.738446630963953,0.06645291548003962,0.8603266135851998,0.2269211623880225
1.5953755516236576,38.62480776368058,22.179677879430375,14.702746630963954,0.06004391548003962,0.6662346135851998,0.27452816238802247
1.5953755516236576,38.62480776368058,22.251077879430376,14.738446630963953,0.07194591548003965,0.6451776135851999,0.1738201623880225
1.5953755516236576,38.54950776368058,22.251077879430376,14.702746630963954,0.06004391548003962,0.6662346135851998,0.2269211623880225
1.7778755516236577,38.363007763680585,22.251077879430376,14.738446630963953,0.030747915480039634,0.6387686135851998,0.2543871623880225
1.8492855516236577,38.06150776368058,22.215377879430378,14.853506630963954,0.030747915480039634,0.7211656135851998,0.1802291623880225
1.8889555516236576,37.83530776368058,22.362177879430376,14.928876630963954,0.08934091548003964,0.8044786135851998,0.21410316238802252
1.9246655516236577,37.533807763680585,22.251077879430376,14.889206630963955,0.1836409154800397,0.8044786135851998,0.2873451623880225
1.9246655516236577,37.533807763680585,22.251077879430376,14.889206630963955,0.1836409154800397,0.8044786135851998,0.2873451623880225
2.035745551623658,37.19660776368058,22.286777879430375,14.928876630963954,0.19554291548003966,0.8319446135851998,0.2269211623880225
2.0714455516236576,36.93080776368058,22.433577879430377,14.928876630963954,0.1781479154800396,0.8255366135851998,0.20677916238802252
2.107155551623658,36.78000776368059,22.397877879430375,14.853506630963954,0.1717389154800396,0.7770136135851998,0.2607951623880225
2.142865551623658,36.59360776368058,22.473277879430377,14.663076630963953,0.06645291548003962,0.7074336135851998,0.2342451623880225
2.182535551623658,36.553907763680584,22.508977879430375,14.551986630963954,0.07194591548003965,0.6799676135851997,0.20677916238802252
2.182535551623658,36.553907763680584,22.508977879430375,14.551986630963954,0.07194591548003965,0.6799676135851997,0.20677916238802252
2.182535551623658,36.553907763680584,22.580377879430376,14.627366630963953,0.11863791548003966,0.7211656135851998,0.2406541623880225
2.142865551623658,36.66900776368058,22.655777879430374,14.627366630963953,0.15434391548003967,0.7696886135851998,0.2406541623880225
2.035745551623658,36.70470776368058,22.655777879430374,14.551986630963954,0.2074439154800396,0.7843376135851998,0.15367916238802248
2.035745551623658,36.74430776368058,22.580377879430376,14.476606630963953,0.24864291548003958,0.7843376135851998,0.27452816238802247
1.9603655516236578,36.81970776368058,22.508977879430375,14.401236630963954,0.2129379154800396,0.7843376135851998,0.2342451623880225
1.9246655516236577,36.97050776368059,22.326477879430374,14.401236630963954,0.1717389154800396,0.8044786135851998,0.14635416238802246
1.9246655516236577,37.08160776368058,22.251077879430376,14.401236630963954,0.12504691548003966,0.7770136135851998,0.24706216238802248
1.8492855516236577,37.15690776368058,22.068577879430375,14.361556630963953,0.08934091548003964,0.7495476135851998,0.22051216238802251
1.8492855516236577,37.08160776368058,22.068577879430375,14.401236630963954,0.06004391548003962,0.7770136135851998,0.16008716238802245
1.7778755516236577,37.23230776368058,21.957477879430375,14.512316630963953,0.08384791548003961,0.7422236135851998,0.27452816238802247
1.7778755516236577,37.23230776368058,21.957477879430375,14.512316630963953,0.08384791548003961,0.7422236135851998,0.27452816238802247
1.6667855516236576,37.15690776368058,21.957477879430375,14.476606630963953,0.13694891548003962,0.7770136135851998,0.1939621623880225
1.5953755516236576,37.30770776368058,21.810677879430376,14.436936630963954,0.10765191548003966,0.7980706135851998,0.2543871623880225
1.5557055516236578,37.49810776368058,21.739277879430375,14.361556630963953,0.07194591548003965,0.7907466135851998,0.24706216238802248
1.5557055516236578,37.60920776368059,21.592477879430376,14.361556630963953,0.030747915480039634,0.8118036135851998,0.20677916238802252
1.4842955516236576,37.64890776368058,21.481377879430376,14.286176630963954,0.06645291548003962,0.8392696135851998,0.20677916238802252
1.5199955516236576,37.64890776368058,21.445677879430377,14.250476630963954,0.08384791548003961,0.7696886135851998,0.2269211623880225
1.4485855516236577,37.64890776368058,21.334677879430377,14.250476630963954,0.15434391548003967,0.7843376135851998,0.22051216238802251
1.3732055516236576,37.68460776368058,21.263177879430376,14.286176630963954,0.13694891548003962,0.9289906135851997,0.21410316238802252
1.4842955516236576,37.83530776368058,21.152177879430376,14.286176630963954,0.13053991548003963,1.0058946135851998,0.24706216238802248
1.5557055516236578,37.910707763680584,21.263177879430376,14.325856630963953,0.09574991548003964,1.0196276135851998,0.20677916238802252
1.6310855516236578,38.06150776368058,21.227477879430378,14.401236630963954,0.08934091548003964,0.9289906135851997,0.2406541623880225
1.6667855516236576,38.13690776368058,21.298977879430375,14.286176630963954,0.09574991548003964,0.8118036135851998,0.22051216238802251
1.6667855516236576,38.17260776368058,21.334677879430377,14.286176630963954,0.13053991548003963,0.7422236135851998,0.2342451623880225
1.8492855516236577,38.17260776368058,21.334677879430377,14.325856630963953,0.13694891548003962,0.7770136135851998,0.20677916238802252
1.9603655516236578,38.21220776368058,21.409977879430375,14.401236630963954,0.07194591548003965,0.8530016135851999,0.2406541623880225
2.107155551623658,38.13690776368058,21.481377879430376,14.361556630963953,0.07743891548003962,0.8465936135851998,0.20037016238802247
2.182535551623658,37.94640776368058,21.481377879430376,14.325856630963953,0.11314491548003963,0.8255366135851998,0.20037016238802247
2.2896555516236576,37.64890776368058,21.556777879430378,14.361556630963953,0.13694891548003962,0.7907466135851998,0.18663716238802247
2.2896555516236576,37.272007763680584,21.628177879430375,14.401236630963954,0.19554291548003966,0.8182116135851998,0.24706216238802248
2.3293255516236577,37.00620776368058,21.663877879430377,14.476606630963953,0.1836409154800397,0.8465936135851998,0.22051216238802251
2.3293255516236577,36.629307763680586,21.628177879430375,14.512316630963953,0.13053991548003963,0.8804676135851999,0.2543871623880225
2.3293255516236577,36.29210776368058,21.592477879430376,14.401236630963954,0.13053991548003963,0.7907466135851998,0.1802291623880225
2.2896555516236576,36.065907763680585,21.592477879430376,14.476606630963953,0.12504691548003966,0.6314446135851999,0.2269211623880225
2.2539455516236577,36.03020776368058,21.592477879430376,14.325856630963953,0.15434391548003967,0.5966546135851998,0.1939621623880225
2.2539455516236577,36.03020776368058,21.592477879430376,14.325856630963953,0.15434391548003967,0.5966546135851998,0.1939621623880225
2.142865551623658,35.95480776368058,21.556777879430378,14.436936630963954,0.12504691548003966,0.6799676135851997,0.2873451623880225
2.035745551623658,35.83980776368058,21.481377879430376,14.476606630963953,0.11314491548003963,0.7211656135851998,0.2406541623880225
1.9246655516236577,35.915207763680584,21.374277879430377,14.361556630963953,0.1717389154800396,0.7495476135851998,0.18663716238802247
1.8889555516236576,36.03020776368058,21.263177879430376,14.286176630963954,0.16624591548003964,0.7358146135851997,0.2342451623880225
1.8889555516236576,36.065907763680585,21.187877879430378,14.325856630963953,0.19554291548003966,0.7147576135851998,0.21410316238802252
1.8135755516236576,36.14130776368059,21.080777879430375,14.214766630963954,0.22483891548003965,0.7696886135851998,0.20677916238802252
1.8492855516236577,36.10560776368058,20.969677879430375,14.099716630963954,0.1836409154800397,0.8182116135851998,0.2873451623880225
1.7421655516236576,36.21670776368058,20.858577879430378,14.064016630963954,0.1781479154800396,0.8255366135851998,0.1802291623880225
1.7024955516236577,36.29210776368058,20.933977879430376,14.024336630963953,0.1781479154800396,0.8667346135851999,0.2406541623880225
1.7024955516236577,36.18100776368058,20.969677879430375,13.873586630963953,0.21934591548003968,0.8877916135851998,0.2543871623880225
1.6310855516236578,36.10560776368058,21.080777879430375,13.798206630963954,0.24223391548003959,0.8044786135851998,0.20677916238802252
1.6667855516236576,36.14130776368059,21.005377879430377,13.762496630963954,0.12504691548003966,0.8044786135851998,0.27452816238802247
1.5557055516236578,36.29210776368058,20.933977879430376,13.647446630963953,0.07194591548003965,0.8319446135851998,0.2406541623880225
1.4842955516236576,36.29210776368058,20.969677879430375,13.611746630963953,0.07194591548003965,0.8530016135851999,0.24706216238802248
1.4485855516236577,36.29210776368058,21.044977879430377,13.536366630963954,0.07743891548003962,0.8465936135851998,0.27452816238802247
1.3375055516236576,36.36740776368058,20.969677879430375,13.460986630963953,0.13694891548003962,0.8044786135851998,0.1738201623880225
1.3017955516236577,36.47850776368058,21.005377879430377,13.385606630963954,0.1781479154800396,0.8182116135851998,0.2342451623880225
1.3732055516236576,36.553907763680584,20.898277879430378,13.385606630963954,0.15434391548003967,0.8465936135851998,0.2543871623880225
1.4089155516236576,36.553907763680584,20.858577879430378,13.385606630963954,0.14244191548003965,0.9225816135851999,0.20037016238802247
1.3732055516236576,36.74430776368058,20.822877879430376,13.385606630963954,0.13694891548003962,1.0196276135851998,0.2873451623880225
1.3732055516236576,36.93080776368058,20.751477879430375,13.421316630963954,0.12504691548003966,1.0058946135851998,0.22051216238802251
1.3375055516236576,36.895107763680585,20.787177879430377,13.385606630963954,0.13053991548003963,0.8877916135851998,0.18663716238802247
1.3375055516236576,36.895107763680585,20.787177879430377,13.385606630963954,0.13053991548003963,0.8877916135851998,0.18663716238802247
1.4485855516236577,36.85540776368058,20.640377879430375,13.385606630963954,0.11314491548003963,0.8804676135851999,0.26720416238802247
1.4842955516236576,36.85540776368058,20.711777879430375,13.385606630963954,0.12504691548003966,0.9015246135851998,0.16008716238802245
1.5557055516236578,36.70470776368058,20.711777879430375,13.385606630963954,0.14885091548003965,0.9985706135851997,0.2406541623880225
1.5199955516236576,36.36740776368058,20.640377879430375,13.460986630963953,0.13053991548003963,1.0196276135851998,0.2406541623880225
1.6667855516236576,36.065907763680585,20.568977879430378,13.496686630963953,0.1717389154800396,0.9921626135851997,0.1399461623880225
1.6667855516236576,35.72870776368058,20.568977879430378,13.536366630963954,0.25413591548003966,0.9985706135851997,0.2607951623880225
1.6667855516236576,35.38750776368058,20.529277879430374,13.572066630963953,0.2779399154800396,0.9088496135851998,0.2342451623880225
1.6667855516236576,35.31210776368059,20.457877879430377,13.536366630963954,0.26603791548003963,0.8740596135851998,0.14635416238802246
1.6667855516236576,35.27640776368058,20.529277879430374,13.572066630963953,0.22483891548003965,0.8877916135851998,0.2406541623880225
1.6310855516236578,35.161407763680586,20.457877879430377,13.611746630963953,0.1717389154800396,0.9289906135851997,0.21410316238802252
1.6667855516236576,35.086007763680584,20.604677879430376,13.460986630963953,0.12504691548003966,0.9152576135851997,0.1802291623880225
1.6310855516236578,35.05030776368058,20.568977879430378,13.421316630963954,0.11863791548003966,0.7696886135851998,0.2406541623880225
1.6310855516236578,35.05030776368058,20.568977879430378,13.421316630963954,0.11863791548003966,0.7696886135851998,0.2406541623880225
1.5557055516236578,35.161407763680586,20.640377879430375,13.421316630963954,0.14244191548003965,0.7770136135851998,0.27452816238802247
1.4485855516236577,35.23680776368058,20.640377879430375,13.385606630963954,0.11863791548003966,0.8465936135851998,0.1802291623880225
1.4089155516236576,35.161407763680586,20.604677879430376,13.345936630963953,0.13694891548003962,0.8667346135851999,0.2543871623880225
1.4485855516236577,35.20110776368058,20.676077879430377,13.270556630963954,0.15434391548003967,0.8667346135851999,0.27452816238802247
1.4089155516236576,35.161407763680586,20.529277879430374,13.234846630963954,0.1781479154800396,0.8877916135851998,0.1802291623880225
1.3375055516236576,35.27640776368058,20.604677879430376,13.084096630963954,0.15983691548003964,0.7907466135851998,0.21410316238802252
1.3375055516236576,35.27640776368058,20.529277879430374,12.969046630963954,0.23124791548003965,0.8118036135851998,0.2607951623880225
1.3375055516236576,35.27640776368058,20.529277879430374,12.969046630963954,0.23124791548003965,0.8118036135851998,0.2607951623880225
1.3375055516236576,35.35180776368058,20.604677879430376,12.857956630963955,0.19004891548003966,0.8740596135851998,0.1664961623880225
1.2621255516236576,35.35180776368058,20.529277879430374,12.857956630963955,0.14244191548003965,0.9289906135851997,0.2342451623880225
1.3375055516236576,35.35180776368058,20.493577879430376,12.822256630963954,0.12504691548003966,0.9573726135851999,0.11339516238802248
1.3732055516236576,35.427207763680585,20.493577879430376,12.782576630963954,0.14885091548003965,0.9711046135851997,0.2543871623880225
1.3375055516236576,35.427207763680585,20.457877879430377,12.746876630963953,0.15983691548003964,0.8044786135851998,0.2342451623880225
1.4485855516236577,35.46290776368058,20.382477879430375,12.746876630963953,0.11314491548003963,0.7495476135851998,0.18663716238802247
1.4089155516236576,35.804107763680584,20.311077879430375,12.631826630963953,0.07743891548003962,0.8603266135851998,0.1939621623880225
1.3732055516236576,35.804107763680584,20.422177879430375,12.671496630963954,0.06645291548003962,0.8740596135851998,0.1664961623880225
1.3375055516236576,35.804107763680584,20.529277879430374,12.671496630963954,0.11863791548003966,0.9436396135851999,0.2543871623880225
1.3017955516236577,35.804107763680584,20.568977879430378,12.782576630963954,0.1717389154800396,1.0123036135851997,0.1399461623880225
1.4089155516236576,35.65330776368059,20.676077879430377,12.822256630963954,0.19554291548003966,1.0818836135852,0.21410316238802252
1.3375055516236576,35.38750776368058,20.711777879430375,12.933336630963954,0.23124791548003965,1.0956166135852,0.22051216238802251
1.3732055516236576,35.05030776368058,20.676077879430377,12.933336630963954,0.19004891548003966,1.0818836135852,0.20037016238802247
1.3732055516236576,34.82420776368058,20.604677879430376,12.893666630963953,0.19004891548003966,1.0123036135851997,0.16008716238802245
1.3732055516236576,34.522707763680586,20.640377879430375,12.893666630963953,0.21934591548003968,0.8392696135851998,0.1939621623880225
1.3375055516236576,34.29650776368058,20.568977879430378,12.893666630963953,0.26054491548003966,0.7843376135851998,0.20677916238802252
1.4485855516236577,34.26080776368058,20.529277879430374,12.933336630963954,0.26054491548003966,0.8530016135851999,0.22051216238802251
1.4089155516236576,34.22110776368058,20.604677879430376,13.008716630963953,0.26603791548003963,0.9152576135851997,0.20677916238802252
1.4485855516236577,34.26080776368058,20.493577879430376,13.084096630963954,0.2779399154800396,1.0260366135851997,0.1802291623880225
1.4089155516236576,34.336207763680584,20.529277879430374,13.159476630963955,0.24223391548003959,1.0260366135851997,0.2342451623880225
1.4485855516236577,34.48700776368058,20.457877879430377,13.084096630963954,0.2779399154800396,0.8951166135851998,0.1939621623880225
1.4485855516236577,34.48700776368058,20.346777879430377,13.044416630963953,0.21934591548003968,0.7907466135851998,0.22051216238802251
1.4089155516236576,34.63770776368058,20.199977879430374,12.933336630963954,0.14885091548003965,0.7495476135851998,0.20037016238802247
1.4485855516236577,34.74880776368058,20.053177879430375,12.933336630963954,0.13694891548003962,0.7696886135851998,0.14635416238802246
1.4089155516236576,34.74880776368058,19.981777879430375,12.933336630963954,0.11314491548003963,0.8392696135851998,0.2342451623880225
1.4485855516236577,34.85990776368058,19.834977879430376,12.969046630963954,0.1717389154800396,0.9225816135851999,0.22051216238802251
1.4842955516236576,34.74880776368058,19.759577879430378,12.857956630963955,0.23124791548003965,0.8603266135851998,0.18663716238802247
1.5199955516236576,34.82420776368058,19.834977879430376,12.822256630963954,0.21934591548003968,0.8603266135851998,0.2342451623880225
1.4842955516236576,34.89950776368058,19.799277879430377,12.822256630963954,0.19554291548003966,0.9848376135851997,0.20037016238802247
1.5199955516236576,34.974907763680584,19.799277879430377,12.893666630963953,0.10765191548003966,1.0333606135851998,0.18663716238802247
1.4842955516236576,35.05030776368058,19.834977879430376,12.857956630963955,0.04814291548003963,0.9848376135851997,0.24706216238802248
1.4842955516236576,35.05030776368058,19.834977879430376,12.857956630963955,0.04814291548003963,0.9848376135851997,0.24706216238802248
1.4842955516236576,35.05030776368058,19.799277879430377,12.746876630963953,0.03624091548003966,0.8530016135851999,0.1939621623880225
1.4485855516236577,35.01060776368058,19.799277879430377,12.671496630963954,0.08934091548003964,0.7980706135851998,0.2543871623880225
1.4842955516236576,35.161407763680586,19.834977879430376,12.596116630963953,0.15983691548003964,0.7422236135851998,0.2342451623880225
1.5557055516236578,35.05030776368058,19.870677879430374,12.707196630963953,0.21934591548003968,1.0745596135851998,0.2946701623880225
1.7421655516236576,34.974907763680584,19.834977879430376,12.631826630963953,0.2074439154800396,1.2274526135851997,0.16008716238802245
1.7421655516236576,34.974907763680584,19.834977879430376,12.631826630963953,0.2074439154800396,1.2274526135851997,0.16008716238802245
1.8492855516236577,34.93530776368058,19.834977879430376,12.520736630963953,0.15434391548003967,1.1716056135851998,0.21410316238802252
2.107155551623658,34.74880776368058,19.759577879430378,12.330306630963953,0.2074439154800396,1.0397696135851997,0.27452816238802247
2.107155551623658,34.41160776368058,19.759577879430378,12.294606630963955,0.1781479154800396,0.9637806135851998,0.18663716238802247
2.107155551623658,34.034707763680586,19.652477879430375,12.219226630963954,0.2129379154800396,1.0123036135851997,0.22051216238802251
2.107155551623658,33.76890776368058,19.541377879430375,12.330306630963953,0.15983691548003964,1.0470936135851998,0.2406541623880225
2.035745551623658,33.58240776368058,19.430377879430377,12.520736630963953,0.15434391548003967,1.0608266135851998,0.1262131623880225
1.9960755516236577,33.618107763680584,19.394677879430375,12.520736630963953,0.22483891548003965,0.9848376135851997,0.20037016238802247
2.035745551623658,33.618107763680584,19.358877879430377,12.556446630963954,0.3072369154800396,0.8667346135851999,0.28093716238802247
1.9960755516236577,33.693507763680586,19.323177879430375,12.631826630963953,0.32463191548003967,0.8804676135851999,0.1802291623880225
1.9246655516236577,33.73320776368058,19.323177879430375,12.746876630963953,0.19004891548003966,0.9088496135851998,0.18663716238802247
1.8889555516236576,33.959307763680584,19.323177879430375,12.707196630963953,0.12504691548003966,0.9985706135851997,0.2342451623880225
1.8135755516236576,33.99500776368058,19.358877879430377,12.631826630963953,0.01884591548003961,1.0123036135851997,0.18663716238802247
1.8492855516236577,34.07040776368058,19.283577879430375,12.556446630963954,0.04814291548003963,0.9088496135851998,0.1664961623880225
1.7024955516236577,34.07040776368058,19.283577879430375,12.445356630963953,0.14244191548003965,0.8255366135851998,0.2607951623880225
1.6667855516236576,34.11010776368058,19.212177879430374,12.445356630963953,0.20103591548003963,0.8530016135851999,0.15367916238802248
1.6310855516236578,34.336207763680584,19.065377879430375,12.405686630963952,0.23124791548003965,0.8740596135851998,0.2342451623880225
1.7421655516236576,34.673407763680586,18.993977879430375,12.556446630963954,0.2129379154800396,1.0470936135851998,0.1738201623880225
1.7778755516236577,34.82420776368058,18.954277879430375,12.445356630963953,0.22483891548003965,0.9637806135851998,0.2873451623880225
1.8492855516236577,34.82420776368058,18.918577879430376,12.369986630963954,0.15983691548003964,0.8392696135851998,0.20037016238802247
1.8492855516236577,34.82420776368058,18.954277879430375,12.445356630963953,0.07743891548003962,0.8530016135851999,0.20677916238802252
1.8492855516236577,34.82420776368058,18.954277879430375,12.445356630963953,0.07743891548003962,0.8530016135851999,0.20677916238802252
1.9960755516236577,34.788507763680585,18.882877879430374,12.369986630963954,0.03624091548003966,1.0196276135851998,0.21410316238802252
1.9960755516236577,34.82420776368058,18.807477879430376,12.369986630963954,0.07743891548003962,1.0123036135851997,0.21410316238802252
1.9246655516236577,34.788507763680585,18.771777879430378,12.294606630963955,0.11863791548003966,0.9711046135851997,0.2607951623880225
1.9246655516236577,34.788507763680585,18.771777879430378,12.294606630963955,0.11863791548003966,0.9711046135851997,0.2607951623880225
2.142865551623658,34.71310776368058,18.589277879430377,12.179556630963955,0.23674091548003962,1.0058946135851998,0.18663716238802247
2.0714455516236576,34.41160776368058,18.624977879430375,12.219226630963954,0.24864291548003958,0.9921626135851997,0.1664961623880225
2.2539455516236577,34.07040776368058,18.553577879430375,12.104176630963954,0.25413591548003966,1.0544176135852,0.2873451623880225
2.2896555516236576,33.65780776368058,18.517877879430376,12.143846630963953,0.16624591548003964,1.1166736135851998,0.11980416238802248
2.182535551623658,33.16980776368058,18.553577879430375,12.179556630963955,0.10765191548003966,1.2063956135851999,0.22051216238802251
2.142865551623658,32.86830776368058,18.478177879430376,12.219226630963954,0.11863791548003966,1.1578726135851998,0.2873451623880225
1.9960755516236577,32.52710776368058,18.553577879430375,12.219226630963954,0.2834329154800397,0.9225816135851999,0.21410316238802252
1.9246655516236577,32.52710776368058,18.624977879430375,12.254926630963954,0.3191389154800396,0.8877916135851998,0.2269211623880225
1.8889555516236576,32.491407763680584,18.553577879430375,12.369986630963954,0.3548439154800397,0.9152576135851997,0.15367916238802248
1.8889555516236576,32.64220776368058,18.624977879430375,12.445356630963953,0.2779399154800396,0.9573726135851999,0.2543871623880225
1.8889555516236576,32.75320776368058,18.624977879430375,12.405686630963952,0.25413591548003966,0.9637806135851998,0.1738201623880225
1.8889555516236576,32.75320776368058,18.624977879430375,12.405686630963952,0.25413591548003966,0.9637806135851998,0.1738201623880225
1.9603655516236578,32.90400776368058,18.664677879430375,12.330306630963953,0.2129379154800396,0.9363146135851999,0.1802291623880225
1.8492855516236577,32.94370776368058,18.664677879430375,12.330306630963953,0.13694891548003962,0.9289906135851997,0.24706216238802248
1.9246655516236577,33.054807763680586,18.624977879430375,12.254926630963954,0.11314491548003963,0.9363146135851999,0.1664961623880225
1.8135755516236576,33.16980776368058,18.553577879430375,12.294606630963955,0.09574991548003964,1.0058946135851998,0.2269211623880225
1.8135755516236576,33.28090776368058,18.478177879430376,12.219226630963954,0.1717389154800396,1.0260366135851997,0.26720416238802247
1.8135755516236576,33.50700776368058,18.331377879430377,12.219226630963954,0.23674091548003962,0.9711046135851997,0.09966216238802249
1.7421655516236576,33.88390776368058,18.188577879430376,12.179556630963955,0.27244691548003963,0.9015246135851998,0.26720416238802247
1.7421655516236576,33.88390776368058,18.188577879430376,12.179556630963955,0.27244691548003963,0.9015246135851998,0.26720416238802247
1.6667855516236576,34.07040776368058,18.148877879430376,12.179556630963955,0.2898419154800397,0.8740596135851998,0.20677916238802252
1.7024955516236577,34.11010776368058,18.295677879430375,12.143846630963953,0.23124791548003965,0.9921626135851997,0.1335371623880225
1.6667855516236576,34.26080776368058,18.371077879430377,12.104176630963954,0.13694891548003962,1.0260366135851997,0.2946701623880225
1.7421655516236576,34.14580776368058,18.517877879430376,12.028796630963953,0.06004391548003962,0.9848376135851997,0.1262131623880225
1.7024955516236577,34.11010776368058,18.624977879430375,11.953416630963954,0.030747915480039634,0.9775136135851998,0.1939621623880225
1.6667855516236576,34.034707763680586,18.736077879430376,11.878036630963955,0.03624091548003966,0.9985706135851997,0.27452816238802247
1.7421655516236576,33.91960776368058,18.771777879430378,11.766956630963954,0.11314491548003963,1.0196276135851998,0.10607116238802249
1.8135755516236576,33.80850776368058,18.771777879430378,11.651906630963953,0.15983691548003964,1.0123036135851997,0.2406541623880225
1.9246655516236577,32.86830776368058,18.664677879430375,11.429736630963953,0.33104091548003967,1.0544176135852,0.15367916238802248
1.9960755516236577,32.34060776368058,18.700377879430377,11.390066630963954,0.32463191548003967,1.1029406135851998,0.2607951623880225
2.0714455516236576,31.888407763680583,18.589277879430377,11.354356630963952,0.3841409154800396,1.1441396135851998,0.1664961623880225
2.0714455516236576,31.888407763680583,18.589277879430377,11.354356630963952,0.3841409154800396,1.1441396135851998,0.1664961623880225
2.035745551623658,31.511507763680584,18.664677879430375,11.354356630963952,0.3072369154800396,1.1441396135851998,0.1664961623880225
2.035745551623658,31.551207763680583,18.624977879430375,11.465436630963953,0.33653391548003964,1.1304066135851998,0.2543871623880225
1.9960755516236577,31.586907763680582,18.589277879430377,11.505116630963954,0.2779399154800396,1.0882926135851998,0.16008716238802245
1.9603655516236578,31.66220776368058,18.553577879430375,11.576526630963954,0.25413591548003966,1.0608266135851998,0.18663716238802247
1.9960755516236577,31.96380776368058,18.553577879430375,11.691576630963954,0.24864291548003958,0.9711046135851997,0.20037016238802247
1.8492855516236577,32.07480776368058,18.371077879430377,11.651906630963953,0.23674091548003962,0.9500476135851998,0.1939621623880225
1.7421655516236576,32.225607763680586,18.259977879430377,11.691576630963954,0.23124791548003965,0.9289906135851997,0.20677916238802252
1.6310855516236578,32.225607763680586,18.113177879430378,11.651906630963953,0.24864291548003958,0.9637806135851998,0.1939621623880225
1.5557055516236578,32.30100776368059,17.930677879430377,11.616196630963953,0.24223391548003959,1.0397696135851997,0.20037016238802247
1.5199955516236576,32.566807763680586,17.894977879430375,11.616196630963953,0.21934591548003968,1.0333606135851998,0.1939621623880225
1.5199955516236576,32.82860776368058,17.930677879430377,11.616196630963953,0.19004891548003966,0.9921626135851997,0.18663716238802247
1.5199955516236576,33.28090776368058,17.855277879430375,11.576526630963954,0.15983691548003964,1.0196276135851998,0.1335371623880225
1.4842955516236576,33.39200776368058,17.855277879430375,11.616196630963953,0.11314491548003963,0.9573726135851999,0.2543871623880225
1.4842955516236576,33.693507763680586,17.783877879430378,11.576526630963954,0.10124291548003966,0.9015246135851998,0.1664961623880225
1.3732055516236576,33.84430776368058,17.894977879430375,11.576526630963954,0.06004391548003962,0.9436396135851999,0.1664961623880225
1.4842955516236576,33.88390776368058,17.930677879430377,11.576526630963954,0.10124291548003966,0.9500476135851998,0.2269211623880225
1.4089155516236576,33.88390776368058,18.041777879430377,11.576526630963954,0.09574991548003964,0.9637806135851998,0.1939621623880225
1.4089155516236576,33.73320776368058,18.077477879430376,11.576526630963954,0.07194591548003965,1.0745596135851998,0.1802291623880225
1.5953755516236576,33.58240776368058,18.113177879430378,11.576526630963954,0.10765191548003966,1.0882926135851998,0.2406541623880225
1.7024955516236577,33.320607763680584,18.041777879430377,11.465436630963953,0.2129379154800396,1.1029406135851998,0.20037016238802247
1.8135755516236576,32.79290776368058,18.002077879430377,11.314686630963955,0.20103591548003963,1.0882926135851998,0.20677916238802252
1.8889555516236576,32.225607763680586,17.855277879430375,11.239306630963954,0.24223391548003959,1.0882926135851998,0.18663716238802247
1.9603655516236578,31.737607763680582,17.819577879430376,11.088546630963954,0.27244691548003963,1.0397696135851997,0.1399461623880225
1.9960755516236577,31.13460776368058,17.637077879430375,10.937796630963954,0.2779399154800396,1.1029406135851998,0.22051216238802251
1.9960755516236577,30.833107763680584,17.601377879430377,11.013166630963955,0.32463191548003967,1.1304066135851998,0.16008716238802245
1.9603655516236578,30.571207763680583,17.601377879430377,10.977466630963953,0.3484359154800396,1.1651966135851999,0.1939621623880225
1.9960755516236577,30.531607763680583,17.748177879430376,11.013166630963955,0.33104091548003967,1.1441396135851998,0.22051216238802251
1.8889555516236576,30.531607763680583,17.748177879430376,11.013166630963955,0.3548439154800397,1.1716056135851998,0.15367916238802248
1.8492855516236577,30.64660776368058,17.819577879430376,11.088546630963954,0.26054491548003966,1.1166736135851998,0.15367916238802248
1.7421655516236576,30.722007763680583,17.712477879430377,11.013166630963955,0.21934591548003968,1.0681506135852,0.24706216238802248
1.7421655516236576,30.722007763680583,17.712477879430377,11.013166630963955,0.21934591548003968,1.0681506135852,0.24706216238802248
1.6667855516236576,30.872807763680584,17.637077879430375,11.013166630963955,0.14244191548003965,1.0260366135851997,0.2269211623880225
1.6310855516236578,31.17430776368058,17.526077879430375,10.977466630963953,0.08934091548003964,0.9775136135851998,0.09966216238802249
1.5557055516236578,31.210007763680583,17.379277879430376,11.013166630963955,0.15983691548003964,0.9436396135851999,0.21410316238802252
1.5557055516236578,31.47580776368058,17.343577879430377,11.013166630963955,0.21934591548003968,0.9921626135851997,0.2873451623880225
1.6310855516236578,31.81300776368058,17.125377879430378,11.128226630963955,0.25413591548003966,1.0956166135852,0.15367916238802248
1.6667855516236576,32.45170776368058,16.942877879430377,11.203596630963954,0.2898419154800397,1.2137196135851998,0.27452816238802247
1.7778755516236577,32.67790776368058,16.978577879430375,11.128226630963955,0.21934591548003968,1.1716056135851998,0.1399461623880225
1.8492855516236577,32.79290776368058,16.978577879430375,11.128226630963955,0.09574991548003964,1.0745596135851998,0.26720416238802247
1.7778755516236577,32.90400776368058,16.942877879430377,11.052846630963954,0.07743891548003962,0.9921626135851997,0.21410316238802252
1.7421655516236576,32.90400776368058,16.903177879430377,11.088546630963954,0.05455091548003965,1.0123036135851997,0.1802291623880225
1.7778755516236577,32.566807763680586,16.867477879430375,11.088546630963954,0.04264891548003963,1.0058946135851998,0.21410316238802252
1.8135755516236576,32.37640776368058,16.867477879430375,11.163926630963953,0.14885091548003965,1.0397696135851997,0.1939621623880225
1.8889555516236576,31.81300776368058,16.831777879430376,11.088546630963954,0.20103591548003963,1.1230826135852,0.1802291623880225
1.9960755516236577,31.13460776368058,16.831777879430376,11.052846630963954,0.24864291548003958,1.2411856135851997,0.2543871623880225
2.107155551623658,30.60690776368058,16.796077879430378,11.013166630963955,0.3072369154800396,1.1999866135851998,0.20677916238802252
2.107155551623658,30.194307763680584,16.760377879430376,10.862416630963953,0.26603791548003963,1.1853386135851998,0.1738201623880225
2.182535551623658,29.892807763680583,16.720677879430376,10.787036630963954,0.25413591548003966,1.1651966135851999,0.24706216238802248
2.2539455516236577,29.781807763680582,16.684977879430377,10.675946630963953,0.3191389154800396,1.0956166135852,0.16008716238802245
2.218235551623658,29.81750776368058,16.573877879430377,10.711656630963954,0.29533491548003965,1.1093496135852,0.1939621623880225
2.182535551623658,29.85710776368058,16.720677879430376,10.675946630963953,0.3548439154800397,1.0745596135851998,0.21410316238802252
2.107155551623658,29.781807763680582,16.684977879430377,10.636276630963954,0.33653391548003964,1.0956166135852,0.22051216238802251
2.107155551623658,29.85710776368058,16.760377879430376,10.636276630963954,0.2779399154800396,1.1578726135851998,0.15367916238802248
1.9960755516236577,30.043607763680583,16.649277879430375,10.636276630963954,0.24864291548003958,1.1853386135851998,0.21410316238802252
2.035745551623658,30.234007763680584,16.684977879430377,10.600576630963953,0.1836409154800397,1.1578726135851998,0.2342451623880225
2.035745551623658,30.234007763680584,16.684977879430377,10.600576630963953,0.1836409154800397,1.1578726135851998,0.2342451623880225
1.9603655516236578,31.059207763680583,16.427077879430374,10.600576630963953,0.13694891548003962,1.1166736135851998,0.2269211623880225
1.9246655516236577,31.551207763680583,16.244577879430377,10.636276630963954,0.1717389154800396,1.0470936135851998,0.2543871623880225
1.8889555516236576,31.81300776368058,16.244577879430377,10.600576630963953,0.15983691548003964,1.0123036135851997,0.11339516238802248
1.7778755516236577,32.11450776368058,16.244577879430377,10.675946630963953,0.2074439154800396,1.1093496135852,0.1664961623880225
1.7778755516236577,32.34060776368058,16.427077879430374,10.711656630963954,0.19004891548003966,1.1789296135851999,0.2543871623880225
1.6310855516236578,32.30100776368059,16.538177879430375,10.787036630963954,0.15983691548003964,1.1578726135851998,0.1399461623880225
1.6667855516236576,32.34060776368058,16.613577879430377,10.826706630963955,0.09574991548003964,1.0681506135852,0.20677916238802252
1.7024955516236577,32.11450776368058,16.649277879430375,10.675946630963953,0.10124291548003966,1.0956166135852,0.20037016238802247
1.8135755516236576,31.81300776368058,16.573877879430377,10.675946630963953,0.07194591548003965,1.0745596135851998,0.18663716238802247
1.9603655516236578,31.249607763680583,16.613577879430377,10.560896630963953,0.12504691548003966,1.0123036135851997,0.1802291623880225
2.035745551623658,30.872807763680584,16.649277879430375,10.636276630963954,0.16624591548003964,1.0196276135851998,0.20677916238802252
2.107155551623658,30.380807763680583,16.538177879430375,10.600576630963953,0.2779399154800396,1.0608266135851998,0.1664961623880225
2.218235551623658,29.932507763680583,16.538177879430375,10.560896630963953,0.3484359154800396,1.1093496135852,0.2607951623880225
2.218235551623658,29.591307763680582,16.502477879430376,10.560896630963953,0.4189309154800397,1.2338616135851999,0.1262131623880225
2.218235551623658,29.254107763680583,16.538177879430375,10.600576630963953,0.3722389154800396,1.2274526135851997,0.1664961623880225
2.142865551623658,29.17870776368058,16.538177879430375,10.600576630963953,0.3722389154800396,1.1999866135851998,0.2607951623880225
2.107155551623658,29.063707763680583,16.427077879430374,10.410146630963954,0.27244691548003963,1.1853386135851998,0.1738201623880225
2.182535551623658,29.02800776368058,16.284277879430377,10.334766630963953,0.19004891548003966,1.1230826135852,0.14635416238802246
2.107155551623658,28.952607763680582,16.097777879430375,10.148306630963955,0.14885091548003965,1.0608266135851998,0.27452816238802247
1.8492855516236577,29.254107763680583,15.843877879430377,10.148306630963955,0.14885091548003965,1.1926626135851999,0.1399461623880225
1.6667855516236576,29.440607763680582,15.879577879430375,10.184006630963953,0.22483891548003965,1.2411856135851997,0.2543871623880225
1.7024955516236577,29.85710776368058,15.732877879430376,10.334766630963953,0.26054491548003966,1.2338616135851999,0.16008716238802245
1.6310855516236578,30.34510776368058,15.768577879430374,10.299056630963953,0.24223391548003959,1.2137196135851998,0.16008716238802245
1.6310855516236578,30.34510776368058,15.768577879430374,10.299056630963953,0.24223391548003959,1.2137196135851998,0.16008716238802245
1.6310855516236578,30.64660776368058,15.808177879430374,10.259386630963952,0.24864291548003958,1.1304066135851998,0.1802291623880225
1.5557055516236578,30.98380776368058,15.808177879430374,10.299056630963953,0.1836409154800397,1.0882926135851998,0.1939621623880225
1.5557055516236578,30.872807763680584,15.697077879430378,10.223676630963954,0.11863791548003966,1.0882926135851998,0.1738201623880225
1.5199955516236576,31.098907763680582,15.697077879430378,10.259386630963952,0.03624091548003966,1.1029406135851998,0.14635416238802246
1.5199955516236576,31.023507763680584,15.732877879430376,10.184006630963953,0.025253915480039635,1.1230826135852,0.26720416238802247
1.5557055516236578,30.79740776368058,15.697077879430378,10.299056630963953,0.04814291548003963,1.1441396135851998,0.1738201623880225
1.4842955516236576,30.380807763680583,15.586077879430377,10.223676630963954,0.07743891548003962,1.2063956135851999,0.1335371623880225
1.4842955516236576,30.380807763680583,15.586077879430377,10.223676630963954,0.07743891548003962,1.2063956135851999,0.1335371623880225
1.5557055516236578,29.85710776368058,15.732877879430376,10.259386630963952,0.1836409154800397,1.2274526135851997,0.20677916238802252
1.5199955516236576,29.28980776368058,15.550377879430375,10.223676630963954,0.26603791548003963,1.2475946135851999,0.20677916238802252
1.5953755516236576,28.912907763680582,15.474977879430377,10.184006630963953,0.25413591548003966,1.2338616135851999,0.09966216238802249
1.5557055516236578,28.726507763680583,15.367877879430377,10.072926630963954,0.2779399154800396,1.1368156135852,0.2269211623880225
1.6310855516236578,28.50030776368058,15.439277879430374,9.961836630963955,0.29533491548003965,1.0608266135851998,0.2269211623880225
1.4842955516236576,28.424907763680583,15.550377879430375,9.886456630963954,0.22483891548003965,1.1789296135851999,0.1399461623880225
1.5557055516236578,28.238507763680584,15.621777879430375,9.771406630963954,0.15434391548003967,1.1926626135851999,0.2946701623880225
1.5557055516236578,28.238507763680584,15.621777879430375,9.771406630963954,0.15434391548003967,1.1926626135851999,0.2946701623880225
1.5557055516236578,28.123407763680582,15.586077879430377,9.735706630963954,0.08384791548003961,1.2137196135851998,0.1664961623880225
1.4485855516236577,28.238507763680584,15.474977879430377,9.584946630963953,0.07743891548003962,1.2823846135851997,0.1738201623880225
1.4842955516236576,28.19880776368058,15.367877879430377,9.584946630963953,0.1781479154800396,1.3382316135851997,0.2342451623880225
1.4842955516236576,28.575707763680583,15.145677879430377,9.584946630963953,0.2779399154800396,1.2961176135851997,0.1399461623880225
1.3732055516236576,29.02800776368058,15.074277879430376,9.620656630963953,0.3191389154800396,1.2897086135851998,0.09325416238802249
1.4842955516236576,29.404907763680583,14.891777879430375,9.620656630963953,0.3722389154800396,1.2622426135851998,0.2269211623880225
1.4089155516236576,29.742107763680583,14.963177879430376,9.660326630963954,0.33653391548003964,1.2338616135851999,0.14635416238802246
1.3375055516236576,29.892807763680583,14.927477879430377,9.660326630963954,0.24223391548003959,1.2274526135851997,0.20037016238802247
1.4089155516236576,30.043607763680583,14.927477879430377,9.660326630963954,0.01884591548003961,1.2274526135851997,0.15367916238802248
1.3375055516236576,30.083307763680583,14.927477879430377,9.696036630963953,0.07545408451996038,1.2274526135851997,0.22051216238802251
1.2621255516236576,29.781807763680582,14.891777879430375,9.696036630963953,0.09834208451996035,1.1716056135851998,0.24706216238802248
1.2621255516236576,29.555607763680584,14.744977879430376,9.696036630963953,0.09284908451996038,1.1926626135851999,0.08592916238802246
1.1907125516236576,29.254107763680583,14.633877879430376,9.660326630963954,0.004958084519960382,1.1166736135851998,0.20677916238802252
1.2264155516236577,28.877207763680584,14.522777879430375,9.660326630963954,0.13053991548003963,1.1441396135851998,0.24706216238802248
1.2621255516236576,28.424907763680583,14.522777879430375,9.620656630963953,0.21934591548003968,1.1926626135851999,0.07952116238802247
1.2621255516236576,27.97270776368058,14.487077879430377,9.660326630963954,0.29533491548003965,1.2475946135851999,0.1802291623880225
1.4485855516236577,27.746507763680583,14.598177879430377,9.620656630963953,0.3841409154800396,1.1853386135851998,0.20677916238802252
1.4485855516236577,27.445007763680582,14.669577879430378,9.509566630963953,0.33653391548003964,1.1853386135851998,0.16008716238802245
1.6310855516236578,27.409307763680584,14.709277879430378,9.434186630963953,0.19554291548003966,1.2201286135851999,0.20037016238802247
1.6310855516236578,27.298207763680583,14.780677879430375,9.243756630963954,0.15434391548003967,1.2823846135851997,0.16008716238802245
1.5953755516236576,27.07210776368058,14.816377879430377,9.208056630963954,0.07194591548003965,1.2063956135851999,0.1335371623880225
1.6667855516236576,27.147507763680583,14.744977879430376,9.017626630963953,0.07194591548003965,1.0745596135851998,0.18663716238802247
1.4842955516236576,27.147507763680583,14.744977879430376,9.017626630963953,0.08934091548003964,1.0745596135851998,0.11980416238802248
1.5557055516236578,27.298207763680583,14.562477879430375,9.017626630963953,0.16624591548003964,1.1651966135851999,0.14635416238802246
1.4842955516236576,27.71080776368058,14.487077879430377,9.132676630963953,0.20103591548003963,1.2274526135851997,0.2269211623880225
1.5557055516236578,28.087707763680584,14.487077879430377,9.168386630963955,0.24864291548003958,1.1999866135851998,0.14635416238802246
1.6310855516236578,28.424907763680583,14.522777879430375,9.168386630963955,0.27244691548003963,1.2063956135851999,0.22051216238802251
1.5557055516236578,28.575707763680583,14.415677879430376,9.243756630963954,0.24864291548003958,1.2475946135851999,0.20037016238802247
1.4842955516236576,28.50030776368058,14.522777879430375,9.358816630963954,0.15983691548003964,1.3034416135851998,0.1939621623880225
1.5953755516236576,28.615407763680583,14.598177879430377,9.358816630963954,0.030747915480039634,1.3794306135852,0.20677916238802252
1.5557055516236578,28.575707763680583,14.709277879430378,9.319136630963953,0.03974808451996037,1.3171746135851998,0.1939621623880225
1.5557055516236578,28.238507763680584,14.744977879430376,9.319136630963953,0.03974808451996037,1.2063956135851999,0.2406541623880225
1.6310855516236578,27.82190776368058,14.709277879430378,9.132676630963953,0.05455091548003965,1.1716056135851998,0.1335371623880225
1.5953755516236576,27.409307763680584,14.709277879430378,9.168386630963955,0.15983691548003964,1.0956166135852,0.18663716238802247
1.5953755516236576,27.03240776368058,14.598177879430377,9.243756630963954,0.30174391548003965,1.1368156135852,0.18663716238802247
1.6310855516236578,26.730907763680584,14.522777879430375,9.168386630963955,0.3429419154800396,1.2201286135851999,0.1399461623880225
1.5557055516236578,26.655507763680582,14.415677879430376,9.168386630963955,0.39604291548003967,1.2961176135851997,0.1262131623880225
1.5557055516236578,26.655507763680582,14.415677879430376,9.168386630963955,0.39604291548003967,1.2961176135851997,0.1262131623880225
1.6310855516236578,26.619807763680583,14.487077879430377,9.132676630963953,0.38963391548003967,1.2686516135851997,0.18663716238802247
1.6310855516236578,26.580207763680583,14.451377879430375,8.981916630963955,0.2898419154800397,1.2063956135851999,0.16008716238802245
1.5953755516236576,26.50480776368058,14.487077879430377,8.906546630963954,0.15434391548003967,1.1716056135851998,0.1335371623880225
1.5953755516236576,26.24290776368058,14.379977879430378,8.791486630963954,0.04814291548003963,1.1999866135851998,0.1939621623880225
1.5557055516236578,26.35400776368058,14.233177879430375,8.831166630963953,0.022353084519960376,1.2475946135851999,0.14635416238802246
1.4485855516236577,26.39370776368058,14.010977879430376,8.680406630963954,0.01335291548003964,1.2063956135851999,0.1335371623880225
1.4842955516236576,26.770607763680584,13.903877879430375,8.680406630963954,0.13053991548003963,1.1578726135851998,0.2342451623880225
1.5557055516236578,27.147507763680583,13.757077879430376,8.644696630963953,0.2834329154800397,1.2338616135851999,0.15367916238802248
1.5953755516236576,27.746507763680583,13.792777879430377,8.720076630963954,0.3191389154800396,1.3244986135851997,0.1738201623880225
1.5557055516236578,27.937007763680583,13.757077879430376,8.831166630963953,0.3548439154800397,1.4004876135851998,0.2342451623880225
1.5953755516236576,28.19880776368058,13.864277879430377,8.831166630963953,0.25413591548003966,1.4004876135851998,0.16008716238802245
1.7024955516236577,28.163107763680582,13.903877879430375,8.866866630963955,0.12504691548003966,1.3867546135851998,0.20037016238802247
1.7024955516236577,28.19880776368058,13.939577879430376,8.831166630963953,0.03624091548003966,1.3382316135851997,0.1802291623880225
1.6310855516236578,28.01230776368058,13.903877879430375,8.866866630963955,0.010451084519960352,1.2274526135851997,0.20677916238802252
1.6667855516236576,27.595807763680583,13.903877879430375,8.942246630963954,0.022353084519960376,1.1514636135851999,0.1802291623880225
1.6667855516236576,27.333907763680582,13.757077879430376,9.017626630963953,0.07194591548003965,1.1514636135851999,0.1939621623880225
1.7024955516236577,26.957007763680583,13.757077879430376,9.132676630963953,0.2129379154800396,1.1926626135851999,0.1664961623880225
1.7024955516236577,26.957007763680583,13.757077879430376,9.132676630963953,0.2129379154800396,1.1926626135851999,0.1664961623880225
1.6310855516236578,26.580207763680583,13.570677879430376,9.093006630963954,0.33653391548003964,1.2686516135851997,0.1664961623880225
1.6667855516236576,26.278607763680583,13.499277879430377,9.208056630963954,0.4070289154800396,1.3034416135851998,0.1802291623880225
1.5953755516236576,26.092207763680584,13.352477879430376,9.093006630963954,0.4070289154800396,1.3107656135851997,0.15367916238802248
1.5953755516236576,26.016807763680582,13.427877879430376,9.017626630963953,0.33104091548003967,1.3730216135851998,0.15367916238802248
1.7024955516236577,25.86600776368058,13.388177879430376,8.906546630963954,0.24223391548003959,1.3519646135851997,0.1738201623880225
1.7421655516236576,25.86600776368058,13.499277879430377,8.866866630963955,0.16624591548003964,1.2759756135851998,0.1664961623880225
1.7778755516236577,25.679607763680583,13.570677879430376,8.680406630963954,0.06645291548003962,1.2475946135851999,0.1738201623880225
1.6667855516236576,25.679607763680583,13.463577879430376,8.605026630963954,0.06004391548003962,1.2411856135851997,0.22051216238802251
1.7024955516236577,25.75500776368058,13.352477879430376,8.529646630963954,0.07743891548003962,1.2759756135851998,0.11339516238802248
1.6310855516236578,26.092207763680584,13.169977879430377,8.493946630963954,0.14244191548003965,1.3034416135851998,0.21410316238802252
1.5557055516236578,26.88170776368058,12.804977879430377,8.493946630963954,0.3136459154800396,1.2897086135851998,0.18663716238802247
1.4485855516236577,27.22290776368058,12.765277879430377,8.454276630963953,0.29533491548003965,1.2759756135851998,0.14635416238802246
1.3732055516236576,27.298207763680583,12.693877879430376,8.454276630963953,0.24223391548003959,1.3382316135851997,0.14635416238802246
1.4089155516236576,27.07210776368058,12.765277879430377,8.529646630963954,0.05455091548003965,1.4554186135851999,0.22051216238802251
1.3375055516236576,26.770607763680584,12.729577879430376,8.529646630963954,0.06904508451996039,1.3931636135852,0.16008716238802245
1.3732055516236576,26.20330776368058,12.582777879430376,8.529646630963954,0.05165008451996034,1.3309076135851998,0.1738201623880225
1.3017955516236577,25.941407763680584,12.475677879430377,8.569326630963953,0.030747915480039634,1.1716056135851998,0.16008716238802245
1.3017955516236577,25.413807763680584,12.364577879430376,8.605026630963954,0.16624591548003964,1.1926626135851999,0.1335371623880225
1.3017955516236577,25.18760776368058,12.289177879430376,8.680406630963954,0.2834329154800397,1.2475946135851999,0.1802291623880225
1.3375055516236576,25.03690776368058,12.253477879430376,8.644696630963953,0.36033691548003965,1.2823846135851997,0.1335371623880225
1.2621255516236576,25.112307763680583,12.182077879430375,8.791486630963954,0.33653391548003964,1.3309076135851998,0.20677916238802252
1.2621255516236576,24.886107763680585,12.328877879430376,8.644696630963953,0.2898419154800397,1.2411856135851997,0.1399461623880225
1.4089155516236576,24.699707763680582,12.435977879430377,8.454276630963953,0.2129379154800396,1.1716056135851998,0.1664961623880225
1.3375055516236576,24.39810776368058,12.475677879430377,8.303516630963953,0.08934091548003964,1.2338616135851999,0.1939621623880225
1.4089155516236576,24.47350776368058,12.400277879430377,8.192426630963954,0.022353084519960376,1.3107656135851997,0.1399461623880225
1.3375055516236576,24.47350776368058,12.289177879430376,8.152756630963953,0.08735508451996038,1.3309076135851998,0.2342451623880225
1.3732055516236576,24.850407763680582,12.146377879430377,8.041676630963954,0.0014509154800396162,1.2823846135851997,0.1738201623880225
1.4089155516236576,25.413807763680584,12.182077879430375,8.001996630963953,0.1717389154800396,1.2823846135851997,0.1335371623880225
1.4485855516236577,25.941407763680584,12.035277879430376,8.041676630963954,0.3136459154800396,1.3107656135851997,0.1802291623880225
1.4485855516236577,26.20330776368058,11.959977879430376,8.077376630963954,0.36583091548003965,1.3519646135851997,0.16008716238802245
1.4089155516236576,26.469107763680583,11.999577879430376,8.117056630963953,0.26054491548003966,1.4004876135851998,0.20677916238802252
1.3732055516236576,26.50480776368058,11.999577879430376,8.192426630963954,0.11314491548003963,1.4764756135852,0.14635416238802246
1.3732055516236576,26.50480776368058,11.999577879430376,8.192426630963954,0.11314491548003963,1.4764756135852,0.14635416238802246
1.4842955516236576,25.679607763680583,12.511377879430375,8.228136630963954,0.027846084519960346,1.4554186135851999,0.22051216238802251
1.5199955516236576,25.302707763680583,12.582777879430376,8.228136630963954,0.09284908451996038,1.3309076135851998,0.1399461623880225
1.5199955516236576,25.302707763680583,12.582777879430376,8.228136630963954,0.09284908451996038,1.3309076135851998,0.1399461623880225
1.4089155516236576,25.001207763680583,12.547077879430375,8.228136630963954,0.06355208451996036,1.1926626135851999,0.1939621623880225
1.4089155516236576,24.660007763680582,12.511377879430375,8.192426630963954,0.03624091548003966,1.1441396135851998,0.2406541623880225
1.5199955516236576,24.43780776368058,12.400277879430377,8.152756630963953,0.23674091548003962,1.2274526135851997,0.05297116238802248
1.4485855516236577,24.136307763680584,12.253477879430376,8.152756630963953,0.39604291548003967,1.2475946135851999,0.1738201623880225
1.4485855516236577,24.136307763680584,12.182077879430375,8.192426630963954,0.4958359154800397,1.2475946135851999,0.3138961623880225
1.4089155516236576,24.060907763680582,12.182077879430375,8.192426630963954,0.4894269154800397,1.2622426135851998,0.04564616238802248
1.4842955516236576,23.71970776368058,12.253477879430376,8.117056630963953,0.29533491548003965,1.3794306135852,0.20037016238802247
1.5557055516236578,23.342807763680582,12.253477879430376,8.041676630963954,0.2129379154800396,1.4975356135851998,0.21410316238802252
1.5557055516236578,23.382507763680582,12.217777879430376,7.926626630963954,0.004958084519960382,1.4416866135851998,0.1664961623880225
1.4485855516236577,23.382507763680582,12.070977879430377,7.815536630963953,0.08735508451996038,1.2961176135851997,0.2406541623880225
1.4485855516236577,23.83480776368058,11.924277879430376,7.700486630963953,0.04615708451996037,1.1304066135851998,0.1262131623880225
1.4485855516236577,24.362407763680583,11.670377879430376,7.589406630963953,0.04264891548003963,1.1441396135851998,0.1335371623880225
1.5199955516236576,24.961507763680583,11.630677879430376,7.700486630963953,0.19554291548003966,1.2137196135851998,0.21410316238802252
1.4842955516236576,25.263007763680584,11.594977879430376,7.700486630963953,0.3136459154800396,1.3592886135851998,0.14635416238802246
1.3375055516236576,25.453407763680584,11.670377879430376,7.775866630963954,0.29533491548003965,1.4627436135851999,0.11980416238802248
1.3375055516236576,25.302707763680583,11.741777879430376,7.851246630963953,0.24223391548003959,1.5524656135852,0.20037016238802247
1.5199955516236576,25.112307763680583,11.852777879430375,7.775866630963954,0.14244191548003965,1.6147256135852,0.11339516238802248
1.5199955516236576,25.112307763680583,11.852777879430375,7.775866630963954,0.14244191548003965,1.6147256135852,0.11339516238802248
1.5953755516236576,24.54890776368058,11.852777879430375,7.775866630963954,0.022353084519960376,1.5249956135851999,0.21410316238802252
1.4485855516236577,23.98550776368058,11.741777879430376,7.700486630963953,0.07545408451996038,1.3519646135851997,0.11339516238802248
1.4485855516236577,23.644407763680583,11.741777879430376,7.740156630963954,0.10475008451996037,1.2201286135851999,0.1664961623880225
1.4842955516236576,23.267507763680584,11.594977879430376,7.740156630963954,0.04814291548003963,1.1999866135851998,0.1738201623880225
1.4842955516236576,23.192107763680582,11.670377879430376,7.815536630963953,0.20103591548003963,1.2137196135851998,0.09966216238802249
1.4089155516236576,23.192107763680582,11.559277879430375,7.890916630963954,0.4958359154800397,1.3171746135851998,0.1939621623880225
1.3732055516236576,23.08100776368058,11.559277879430375,7.890916630963954,0.43083291548003966,1.4004876135851998,0.03923816238802248
1.3732055516236576,22.743807763680582,11.559277879430375,7.851246630963953,0.29533491548003965,1.4700656135852,0.15367916238802248
1.4485855516236577,22.517707763680583,11.523577879430377,7.589406630963953,0.13053991548003963,1.4490106135852,0.1738201623880225
1.4485855516236577,22.291507763680585,11.559277879430375,7.474356630963953,0.05165008451996034,1.4279536135851998,0.15367916238802248
1.4485855516236577,22.517707763680583,11.448177879430377,7.252186630963953,0.13404708451996036,1.3171746135851998,0.1335371623880225
1.4089155516236576,23.11670776368058,11.265677879430376,7.137136630963953,0.022353084519960376,1.2549186135851997,0.1664961623880225
1.5557055516236578,23.71970776368058,11.229977879430376,7.101426630963953,0.10124291548003966,1.2549186135851997,0.11980416238802248
1.5953755516236576,24.211707763680582,11.047477879430376,7.101426630963953,0.2834329154800397,1.3446406135851998,0.14635416238802246
1.5199955516236576,24.58460776368058,10.936377879430376,7.176806630963954,0.3777319154800396,1.4700656135852,0.1802291623880225
1.4842955516236576,24.54890776368058,10.860977879430376,7.212506630963954,0.33653391548003964,1.5387356135852,0.16008716238802245
1.4485855516236577,24.43780776368058,10.825277879430375,7.363266630963954,0.19004891548003966,1.5872556135851998,0.1335371623880225
1.4089155516236576,24.060907763680582,10.789577879430375,7.287886630963953,0.03624091548003966,1.5808456135851998,0.10607116238802249
1.3732055516236576,23.56900776368058,10.825277879430375,7.398976630963954,0.05165008451996034,1.4975356135851998,0.1738201623880225
1.2264155516236577,23.267507763680584,10.678477879430377,7.398976630963954,0.13954008451996036,1.3446406135851998,0.18663716238802247
1.0796285516236577,22.966007763680583,10.495977879430376,7.398976630963954,0.13954008451996036,1.2063956135851999,0.11339516238802248
1.1153345516236577,22.704107763680582,10.424577879430377,7.438646630963953,0.004958084519960382,1.1853386135851998,0.15367916238802248
1.1510395516236578,22.553407763680582,10.349177879430377,7.514026630963954,0.13694891548003962,1.2823846135851997,0.1664961623880225
1.1907125516236576,22.62870776368058,10.384877879430377,7.625106630963954,0.29533491548003965,1.3519646135851997,0.1335371623880225
1.3375055516236576,22.44230776368058,10.460277879430375,7.589406630963953,0.33653391548003964,1.3867546135851998,0.18663716238802247
1.4089155516236576,22.25180776368058,10.384877879430377,7.589406630963953,0.30174391548003965,1.4142206135851998,0.10607116238802249
1.3732055516236576,21.875007763680582,10.349177879430377,7.514026630963954,0.1781479154800396,1.4837956135852,0.1335371623880225
1.4485855516236577,21.57340776368058,10.349177879430377,7.287886630963953,0.09574991548003964,1.4352776135852,0.16008716238802245
1.4485855516236577,21.61310776368058,10.277777879430376,7.176806630963954,0.01884591548003961,1.3382316135851997,0.20037016238802247
1.4485855516236577,21.61310776368058,10.277777879430376,7.176806630963954,0.01884591548003961,1.3382316135851997,0.20037016238802247
1.3732055516236576,21.950307763680584,10.313477879430376,7.137136630963953,0.0014509154800396162,1.1441396135851998,0.1399461623880225
1.2621255516236576,22.44230776368058,10.166677879430376,7.026046630963954,0.06004391548003962,1.1578726135851998,0.15367916238802248
1.3017955516236577,22.854907763680583,10.130977879430375,6.986376630963953,0.13694891548003962,1.3171746135851998,0.1664961623880225
1.3732055516236576,23.267507763680584,10.130977879430375,7.061756630963954,0.20103591548003963,1.4627436135851999,0.1399461623880225
1.4485855516236577,23.533307763680583,10.130977879430375,7.061756630963954,0.22483891548003965,1.5112656135851998,0.14635416238802246
1.3017955516236577,23.493607763680583,10.055677879430377,7.061756630963954,0.16624591548003964,1.5185856135851998,0.15367916238802248
1.3017955516236577,23.156407763680583,9.984277879430376,7.026046630963954,0.10124291548003966,1.5597856135852,0.24706216238802248
1.3017955516236577,22.668407763680584,9.984277879430376,6.986376630963953,0.0014509154800396162,1.5671156135851998,0.1738201623880225
1.2264155516236577,22.140807763680584,10.095277879430377,7.101426630963953,0.09284908451996038,1.4975356135851998,0.1262131623880225
1.1153345516236577,21.72420776368058,10.130977879430375,7.061756630963954,0.08094708451996036,1.4416866135851998,0.1939621623880225
1.0042505516236577,21.46240776368058,10.095277879430377,7.101426630963953,0.01335291548003964,1.3171746135851998,0.10607116238802249
1.1153345516236577,21.387007763680582,10.095277879430377,7.026046630963954,0.19004891548003966,1.2897086135851998,0.1399461623880225
1.1153345516236577,21.57340776368058,10.130977879430375,7.176806630963954,0.33104091548003967,1.2622426135851998,0.20677916238802252
1.0796285516236577,21.46240776368058,9.984277879430376,7.137136630963953,0.3722389154800396,1.3107656135851997,0.21410316238802252
1.0042505516236577,21.200507763680584,9.948477879430376,7.101426630963953,0.2898419154800397,1.3592886135851998,0.1399461623880225
1.0042505516236577,21.200507763680584,9.948477879430376,7.101426630963953,0.2898419154800397,1.3592886135851998,0.1399461623880225
1.0796285516236577,20.93470776368058,9.908877879430376,7.026046630963954,0.19554291548003966,1.4627436135851999,0.16008716238802245
0.9685445516236577,20.52210776368058,9.873177879430376,6.950666630963953,0.01884591548003961,1.4764756135852,0.1802291623880225
0.9685445516236577,20.52210776368058,9.801777879430377,6.910996630963954,0.04615708451996037,1.4215446135852,0.22051216238802251
0.8971335516236578,20.748207763680583,9.654977879430376,6.7999166309639545,0.10475008451996037,1.3446406135851998,0.1802291623880225
0.7503445516236578,21.236207763680582,9.543877879430376,6.684866630963954,0.06904508451996039,1.2475946135851999,0.14635416238802246
0.6392605516236578,21.72420776368058,9.432777879430375,6.6491566309639545,0.08934091548003964,1.2475946135851999,0.2342451623880225
0.6392605516236578,21.72420776368058,9.432777879430375,6.6491566309639545,0.08934091548003964,1.2475946135851999,0.2342451623880225
0.7106715516236577,21.99000776368058,9.325677879430376,6.5738266309639535,0.1717389154800396,1.2961176135851997,0.16008716238802245
0.7503445516236578,22.10110776368058,9.325677879430376,6.684866630963954,0.20103591548003963,1.3931636135852,0.1262131623880225
0.7860495516236576,22.140807763680584,9.361377879430377,6.684866630963954,0.20103591548003963,1.4837956135852,0.3010781623880225
0.8217555516236577,21.875007763680582,9.432777879430375,6.684866630963954,0.07743891548003962,1.5387356135852,0.1802291623880225
0.7503445516236578,21.35130776368058,9.543877879430376,6.6491566309639545,0.027846084519960346,1.5945756135851998,0.16008716238802245
0.8217555516236577,21.12510776368058,9.472477879430375,6.684866630963954,0.10475008451996037,1.5112656135851998,0.24706216238802248
0.8217555516236577,20.557807763680582,9.472477879430375,6.498426630963953,0.04615708451996037,1.2622426135851998,0.1738201623880225
0.7106715516236577,20.331707763680583,9.361377879430377,6.4587266309639535,0.13053991548003963,1.2338616135851999,0.21410316238802252
0.7106715516236577,20.331707763680583,9.361377879430377,6.4587266309639535,0.13053991548003963,1.2338616135851999,0.21410316238802252
0.7860495516236576,20.40710776368058,9.289977879430376,6.498426630963953,0.23124791548003965,1.2759756135851998,0.14635416238802246
0.7503445516236578,20.331707763680583,9.361377879430377,6.498426630963953,0.3136459154800396,1.4142206135851998,0.22051216238802251
0.8971335516236578,19.958807763680582,9.325677879430376,6.5738266309639535,0.2834329154800397,1.5039456135851998,0.1738201623880225
0.7860495516236576,19.732607763680583,9.250277879430376,6.534126630963954,0.2074439154800396,1.5387356135852,0.1664961623880225
0.6749655516236577,19.50650776368058,9.250277879430376,6.498426630963953,0.06645291548003962,1.5323256135852,0.1939621623880225
0.7106715516236577,19.316107763680584,9.214577879430376,6.347626630963953,0.03974808451996037,1.4975356135851998,0.20677916238802252
0.8217555516236577,19.61760776368058,9.067777879430375,6.272226630963953,0.09834208451996035,1.4004876135851998,0.20037016238802247
0.7860495516236576,19.919107763680582,9.143177879430375,6.232626630963953,0.06904508451996039,1.3309076135851998,0.2342451623880225
0.7106715516236577,20.331707763680583,9.103477879430375,6.196926630963954,0.0014509154800396162,1.2549186135851997,0.1939621623880225
0.8217555516236577,20.63320776368058,8.996377879430376,6.196926630963954,0.13053991548003963,1.3107656135851997,0.18663716238802247
0.9328395516236576,20.899007763680583,8.996377879430376,6.232626630963953,0.19554291548003966,1.4352776135852,0.22051216238802251
0.8971335516236578,20.672907763680584,8.738477879430375,6.272226630963953,0.23674091548003962,1.5872556135851998,0.2269211623880225
0.8971335516236578,20.220607763680583,8.702777879430377,6.232626630963953,0.16624591548003964,1.7190956135851998,0.11980416238802248
0.8971335516236578,19.808007763680582,8.667077879430376,6.272226630963953,0.11314491548003963,1.6980356135852,0.2269211623880225
0.9328395516236576,19.50650776368058,8.555977879430376,6.272226630963953,0.04814291548003963,1.6220456135852,0.20037016238802247
0.9685445516236577,19.16530776368058,8.373477879430377,6.1572266309639545,0.025253915480039635,1.5460556135852,0.2406541623880225
0.9328395516236576,19.014547763680582,8.373477879430377,6.196926630963954,0.025253915480039635,1.4004876135851998,0.1939621623880225
0.9328395516236576,19.014547763680582,8.373477879430377,6.196926630963954,0.025253915480039635,1.4004876135851998,0.1939621623880225
0.8574605516236578,19.089927763680585,8.226727879430376,6.196926630963954,0.08934091548003964,1.3244986135851997,0.11339516238802248
0.8971335516236578,19.240707763680582,8.262427879430376,6.232626630963953,0.12504691548003966,1.2549186135851997,0.2269211623880225
0.8574605516236578,19.014547763680582,8.337777879430377,6.121526630963954,0.20103591548003963,1.2897086135851998,0.15367916238802248
1.0042505516236577,18.713037763680582,8.262427879430376,6.081826630963954,0.19004891548003966,1.3794306135852,0.14635416238802246
0.9328395516236576,18.562277763680584,8.337777879430377,6.081826630963954,0.10765191548003966,1.4902056135851998,0.27452816238802247
0.8971335516236578,18.451187763680583,8.262427879430376,5.8596266309639535,0.05714308451996036,1.5112656135851998,0.1262131623880225
0.8574605516236578,18.78840776368058,8.115637879430375,5.8200266309639535,0.06355208451996036,1.4975356135851998,0.16008716238802245
0.9328395516236576,19.16530776368058,8.044227879430377,5.669226630963953,0.01335291548003964,1.4554186135851999,0.2543871623880225
1.0042505516236577,19.50650776368058,8.004557879430376,5.633526630963953,0.06645291548003962,1.4142206135851998,0.22051216238802251
0.9685445516236577,19.61760776368058,8.044227879430377,5.669226630963953,0.11863791548003966,1.4700656135852,0.1802291623880225
0.8971335516236578,19.65720776368058,8.044227879430377,5.744626630963953,0.14244191548003965,1.5039456135851998,0.20037016238802247
0.9328395516236576,19.542207763680583,7.968847879430377,5.784326630963953,0.15983691548003964,1.5597856135852,0.16008716238802245
1.0042505516236577,19.240707763680582,7.968847879430377,5.784326630963953,0.04814291548003963,1.5735256135851998,0.1262131623880225
0.8971335516236578,18.939167763680583,7.8220578794303774,5.784326630963953,0.010451084519960352,1.5597856135852,0.20677916238802252
0.7106715516236577,18.863787763680584,7.968847879430377,5.708926630963953,0.06355208451996036,1.4902056135851998,0.18663716238802247
0.7503445516236578,18.562277763680584,7.897437879430377,5.8596266309639535,0.08735508451996038,1.4142206135851998,0.1802291623880225
0.8217555516236577,18.526567763680582,8.004557879430376,5.8200266309639535,0.06355208451996036,1.3656976135852,0.20677916238802252
0.7860495516236576,18.526567763680582,7.968847879430377,5.8200266309639535,0.030747915480039634,1.3730216135851998,0.1939621623880225
0.7860495516236576,18.526567763680582,7.968847879430377,5.8200266309639535,0.030747915480039634,1.3730216135851998,0.1939621623880225
0.7106715516236577,18.41548776368058,8.044227879430377,5.8596266309639535,0.05455091548003965,1.4215446135852,0.14635416238802246
0.6392605516236578,18.149677763680582,7.861737879430376,5.8596266309639535,0.10124291548003966,1.4490106135852,0.21410316238802252
0.6035545516236578,18.038597763680585,7.861737879430376,5.895326630963954,0.14885091548003965,1.4764756135852,0.18663716238802247
0.5281765516236577,17.69740776368058,7.714947879430377,5.8200266309639535,0.10765191548003966,1.4352776135852,0.1939621623880225
0.5638815516236577,17.586327763680583,7.528477879430377,5.784326630963953,0.10124291548003966,1.5185856135851998,0.18663716238802247
0.4924705516236577,17.661697763680582,7.421367879430377,5.708926630963953,0.006943915480039642,1.4764756135852,0.11339516238802248
0.3456815516236577,17.99891776368058,7.3459878794303775,5.669226630963953,0.022353084519960376,1.4416866135851998,0.21410316238802252
0.38138655162365775,18.34010776368058,7.199197879430376,5.593826630963953,0.034255084519960344,1.4352776135852,0.28093716238802247
0.27030265162365774,18.637657763680583,7.238867879430377,5.593826630963953,0.015944084519960378,1.4627436135851999,0.11339516238802248
0.30997555162365775,18.713037763680582,7.238867879430377,5.669226630963953,0.0014509154800396162,1.4975356135851998,0.2342451623880225
0.30997555162365775,18.22505776368058,7.3102778794303775,5.593826630963953,0.0014509154800396162,1.5524656135852,0.1399461623880225
0.3456815516236577,17.99891776368058,7.238867879430377,5.558126630963953,0.027846084519960346,1.6495156135851998,0.24706216238802248
0.4170925516236577,17.69740776368058,7.127787879430376,5.558126630963953,0.022353084519960376,1.5735256135851998,0.20037016238802247
0.4170925516236577,17.43556776368058,7.127787879430376,5.5185266309639545,0.01884591548003961,1.4627436135851999,0.1738201623880225
0.4924705516236577,17.169757763680582,7.238867879430377,5.482726630963954,0.06004391548003962,1.3730216135851998,0.2342451623880225
0.4924705516236577,17.05867776368058,7.092077879430376,5.407426630963954,0.10765191548003966,1.3794306135852,0.1664961623880225
0.45676555162365773,17.169757763680582,7.127787879430376,5.443126630963954,0.10124291548003966,1.4215446135852,0.1664961623880225
0.4170925516236577,17.022967763680583,7.199197879430376,5.407426630963954,0.10765191548003966,1.4078116135852,0.20677916238802252
0.5281765516236577,16.606407763680583,7.1634878794303765,5.482726630963954,0.07743891548003962,1.4416866135851998,0.2342451623880225
0.45676555162365773,16.531027763680584,7.199197879430376,5.367726630963954,0.04264891548003963,1.5249956135851999,0.21410316238802252
0.3456815516236577,16.45564776368058,7.1634878794303765,5.367726630963954,0.004958084519960382,1.5249956135851999,0.16008716238802245
0.3456815516236577,16.45564776368058,7.1634878794303765,5.367726630963954,0.004958084519960382,1.5249956135851999,0.16008716238802245
0.4170925516236577,16.419937763680583,6.909587879430377,5.367726630963954,0.05714308451996036,1.5112656135851998,0.2543871623880225
0.30997555162365775,16.75715776368058,7.052407879430377,5.256626630963954,0.03974808451996037,1.4627436135851999,0.21410316238802252
0.30997555162365775,16.796837763680582,6.980997879430377,5.292326630963954,0.006943915480039642,1.4352776135852,0.20677916238802252
0.4170925516236577,17.094377763680583,6.8699178794303775,5.292326630963954,0.0014509154800396162,1.4142206135851998,0.2406541623880225
0.4170925516236577,17.169757763680582,6.8699178794303775,5.256626630963954,0.030747915480039634,1.4416866135851998,0.1802291623880225
0.4924705516236577,16.87221776368058,6.616007879430376,5.216926630963954,0.04264891548003963,1.5249956135851999,0.22051216238802251
0.4924705516236577,16.87221776368058,6.616007879430376,5.216926630963954,0.04264891548003963,1.5249956135851999,0.22051216238802251
0.5638815516236577,16.531027763680584,6.576337879430377,5.181226630963954,0.025253915480039635,1.5945756135851998,0.2269211623880225
0.4924705516236577,16.344567763680583,6.469217879430377,5.332026630963954,0.04264891548003963,1.6009856135851999,0.21410316238802252
0.4924705516236577,16.19380776368058,6.433507879430377,5.292326630963954,0.08384791548003961,1.5460556135852,0.1738201623880225
0.3456815516236577,16.344567763680583,6.469217879430377,5.332026630963954,0.08384791548003961,1.4837956135852,0.1939621623880225
0.4170925516236577,16.269187763680584,6.211347879430377,5.407426630963954,0.08934091548003964,1.4416866135851998,0.28093716238802247
0.38138655162365775,16.118427763680582,6.211347879430377,5.367726630963954,0.01884591548003961,1.4078116135852,0.1664961623880225
0.30997555162365775,15.892297763680581,6.211347879430377,5.332026630963954,0.004958084519960382,1.4352776135852,0.20677916238802252
0.3456815516236577,15.701867763680582,6.211347879430377,5.332026630963954,0.06904508451996039,1.4700656135852,0.3010781623880225
0.4170925516236577,15.479697763680583,6.139927879430377,5.292326630963954,0.04615708451996037,1.5249956135851999,0.1664961623880225
0.4170925516236577,15.479697763680583,6.139927879430377,5.292326630963954,0.04615708451996037,1.5249956135851999,0.1664961623880225
0.4924705516236577,15.590777763680581,6.100257879430377,5.141626630963954,0.010451084519960352,1.5460556135852,0.28093716238802247
0.5281765516236577,15.892297763680581,6.064557879430377,5.105926630963953,0.05455091548003965,1.5039456135851998,0.1262131623880225
0.4924705516236577,16.07875776368058,6.100257879430377,5.105926630963953,0.08384791548003961,1.5185856135851998,0.2342451623880225
0.5281765516236577,16.229517763680583,5.993147879430377,4.990826630963953,0.12504691548003966,1.5112656135851998,0.22051216238802251
0.5638815516236577,16.043047763680583,6.064557879430377,4.990826630963953,0.06645291548003962,1.4975356135851998,0.2406541623880225
0.6392605516236578,15.741537763680583,6.028847879430377,4.915426630963953,0.01335291548003964,1.5323256135852,0.22051216238802251
0.6035545516236578,15.404317763680583,6.064557879430377,4.879726630963953,0.06904508451996039,1.5671156135851998,0.15367916238802248
0.6749655516236577,15.555077763680583,5.917767879430377,4.915426630963953,0.09284908451996038,1.6009856135851999,0.1939621623880225
0.6035545516236578,15.479697763680583,5.810647879430377,4.8043266309639545,0.08094708451996036,1.5735256135851998,0.2342451623880225
0.6035545516236578,15.253557763680583,5.770977879430377,4.840026630963953,0.0014509154800396162,1.4975356135851998,0.1802291623880225
0.4924705516236577,15.213887763680582,5.917767879430377,4.764726630963954,0.08384791548003961,1.4554186135851999,0.2269211623880225
0.4170925516236577,15.364647763680583,5.917767879430377,4.8043266309639545,0.11863791548003966,1.4416866135851998,0.1939621623880225
0.4170925516236577,15.364647763680583,5.917767879430377,4.8043266309639545,0.11863791548003966,1.4416866135851998,0.1939621623880225
0.38138655162365775,15.364647763680583,5.957437879430377,4.840026630963953,0.06645291548003962,1.4837956135852,0.21410316238802252
0.30997555162365775,14.876667763680583,5.846357879430377,4.879726630963953,0.025253915480039635,1.4837956135852,0.21410316238802252
0.38138655162365775,14.801287763680582,5.699567879430377,4.840026630963953,0.05714308451996036,1.4764756135852,0.1802291623880225
0.23459705162365774,14.610857763680581,5.624187879430377,4.8043266309639545,0.08094708451996036,1.4627436135851999,0.2406541623880225
0.08780755162365772,14.535477763680582,5.441687879430377,4.729026630963954,0.08094708451996036,1.4142206135851998,0.18663716238802247
0.05210155162365773,14.725907763680581,5.334577879430377,4.729026630963954,0.08094708451996036,1.4490106135852,0.1939621623880225
0.05210155162365773,14.987747763680582,5.259197879430377,4.764726630963954,0.006943915480039642,1.5323256135852,0.20677916238802252
0.13039344837634226,15.102807763680582,5.294897879430377,4.840026630963953,0.04814291548003963,1.6083156135852,0.1939621623880225
0.20577144837634226,15.515397763680582,5.148107879430377,4.840026630963953,0.10124291548003966,1.5735256135851998,0.2269211623880225
0.17006644837634227,15.027427763680581,5.187787879430377,4.689326630963954,0.034255084519960344,1.5112656135851998,0.1939621623880225
0.27718244837634226,14.686237763680582,5.076697879430377,4.653626630963954,0.15144208451996036,1.5112656135851998,0.16008716238802245
0.31685544837634233,14.761617763680583,5.148107879430377,4.578226630963954,0.22834708451996036,1.5323256135852,0.27452816238802247
0.31685544837634233,14.686237763680582,5.076697879430377,4.542526630963954,0.23384008451996036,1.4554186135851999,0.1802291623880225
0.27718244837634226,14.575157763680583,5.005287879430377,4.502826630963954,0.18714808451996037,1.3656976135852,0.1738201623880225
0.35256144837634223,14.535477763680582,5.040997879430377,4.427526630963953,0.022353084519960376,1.3519646135851997,0.2607951623880225
0.31685544837634233,14.499777763680584,5.112407879430377,4.427526630963953,0.04814291548003963,1.4215446135852,0.15367916238802248
0.24147744837634227,14.384727763680583,5.076697879430377,4.502826630963954,0.04264891548003963,1.5735256135851998,0.20677916238802252
0.20577144837634226,14.011797763680583,5.148107879430377,4.542526630963954,0.0014509154800396162,1.6147256135852,0.2946701623880225
0.17006644837634227,13.634907763680582,5.112407879430377,4.542526630963954,0.034255084519960344,1.5808456135851998,0.16008716238802245
0.0946874483763423,13.444477763680581,4.965617879430377,4.4671266309639535,0.08735508451996038,1.5524656135852,0.2543871623880225
0.0946874483763423,13.444477763680581,4.965617879430377,4.4671266309639535,0.08735508451996038,1.5524656135852,0.2543871623880225
0.24147744837634227,13.408777763680582,4.747417879430377,4.391726630963953,0.11665208451996037,1.4837956135852,0.18663716238802247
0.27718244837634226,13.710287763680583,4.711707879430377,4.352126630963953,0.09834208451996035,1.4700656135852,0.2946701623880225
0.17006644837634227,13.670617763680582,4.858497879430377,4.391726630963953,0.006943915480039642,1.4627436135851999,0.2269211623880225
0.17006644837634227,13.861047763680581,4.894207879430377,4.391726630963953,0.06004391548003962,1.5460556135852,0.20037016238802247
0.17006644837634227,13.670617763680582,4.929907879430377,4.391726630963953,0.030747915480039634,1.6083156135852,0.2607951623880225
0.0946874483763423,13.333397763680583,4.783117879430377,4.391726630963953,0.015944084519960378,1.5735256135851998,0.20677916238802252
0.023276448376342268,12.956497763680582,4.747417879430377,4.276726630963953,0.09284908451996038,1.5808456135851998,0.20677916238802252
0.0946874483763423,13.182637763680582,4.564917879430377,4.276726630963953,0.09284908451996038,1.5597856135852,0.26720416238802247
0.058982448376342256,13.107257763680582,4.418127879430377,4.241026630963953,0.08735508451996038,1.5323256135852,0.3010781623880225
0.058982448376342256,13.107257763680582,4.418127879430377,4.241026630963953,0.08735508451996038,1.5323256135852,0.3010781623880225
0.13039344837634226,12.956497763680582,4.235637879430377,4.201326630963953,0.05165008451996034,1.4902056135851998,0.2946701623880225
0.17006644837634227,12.956497763680582,4.271337879430377,4.1656266309639545,0.04264891548003963,1.4627436135851999,0.1802291623880225
0.0946874483763423,13.031877763680583,4.307047879430377,4.316426630963953,0.06004391548003962,1.4627436135851999,0.28093716238802247
0.0946874483763423,12.881127763680581,4.382427879430377,4.316426630963953,0.025253915480039635,1.4975356135851998,0.24706216238802248
0.023276448376342268,12.579607763680581,4.342747879430377,4.316426630963953,0.034255084519960344,1.5597856135852,0.20037016238802247
0.023276448376342268,12.317767763680582,4.307047879430377,4.352126630963953,0.13404708451996036,1.4902056135851998,0.2873451623880225
0.023276448376342268,12.127337763680583,4.271337879430377,4.276726630963953,0.15144208451996036,1.4078116135852,0.20677916238802252
0.023276448376342268,12.127337763680583,4.235637879430377,4.201326630963953,0.19264108451996037,1.4004876135851998,0.18663716238802247
0.016396551623657718,12.242387763680583,4.124547879430377,4.241026630963953,0.13404708451996036,1.4279536135851998,0.3138961623880225
0.08780755162365772,12.278097763680583,4.088847879430377,4.241026630963953,0.10475008451996037,1.4837956135852,0.2342451623880225
0.016396551623657718,12.468527763680582,4.124547879430377,4.125926630963953,0.04615708451996037,1.4700656135852,0.20677916238802252
0.016396551623657718,12.468527763680582,4.160257879430377,4.050626630963954,0.006943915480039642,1.4554186135851999,0.18663716238802247
0.058982448376342256,12.428857763680583,4.195957879430377,4.050626630963954,0.01335291548003964,1.5039456135851998,0.2607951623880225
0.023276448376342268,12.091637763680582,4.160257879430377,3.939526630963954,0.027846084519960346,1.5945756135851998,0.2269211623880225
0.016396551623657718,11.825827763680582,4.235637879430377,3.899826630963954,0.06355208451996036,1.6147256135852,0.2873451623880225
0.016396551623657718,11.825827763680582,4.235637879430377,3.899826630963954,0.06355208451996036,1.6147256135852,0.2873451623880225
0.023276448376342268,12.091637763680582,4.160257879430377,3.899826630963954,0.09284908451996038,1.5524656135852,0.2406541623880225
0.13039344837634226,12.127337763680583,4.088847879430377,3.8641266309639537,0.13404708451996036,1.4700656135852,0.1802291623880225
0.0946874483763423,12.127337763680583,3.8666778794303767,3.7490266309639537,0.12855408451996037,1.4352776135852,0.3276291623880225
0.27718244837634226,12.202717763680582,3.7952678794303774,3.7133266309639534,0.07545408451996038,1.4700656135852,0.24706216238802248
0.3882664483763422,12.202717763680582,3.9420578794303767,3.8641266309639537,0.08094708451996036,1.5185856135851998,0.1738201623880225
0.31685544837634233,12.016257763680581,3.977757879430377,3.899826630963954,0.08735508451996038,1.5671156135851998,0.28093716238802247
0.3882664483763422,11.750447763680583,3.9420578794303767,3.975226630963954,0.11024408451996037,1.5735256135851998,0.1664961623880225
0.4993504483763423,11.373557763680582,3.8309678794303768,3.899826630963954,0.13954008451996036,1.6009856135851999,0.2946701623880225
0.6104344483763422,11.222797763680582,3.7952678794303774,3.824426630963954,0.11665208451996037,1.5808456135851998,0.2342451623880225
0.6104344483763422,11.222797763680582,3.648477879430377,3.8641266309639537,0.12214508451996037,1.4554186135851999,0.1802291623880225
0.6104344483763422,11.298177763680583,3.577067879430377,3.7887266309639536,0.09284908451996038,1.4352776135852,0.2946701623880225
0.5707614483763424,11.413227763680583,3.3906078794303767,3.7490266309639537,0.08094708451996036,1.4627436135851999,0.16008716238802245
0.6818454483763423,11.524307763680582,3.2834878794303766,3.598326630963953,0.06904508451996039,1.5323256135852,0.15367916238802248
0.7175514483763423,11.262467763680583,3.3548978794303768,3.6737266309639534,0.03974808451996037,1.5460556135852,0.1939621623880225
0.7175514483763423,10.810197763680582,3.319187879430377,3.7133266309639534,0.07545408451996038,1.5945756135851998,0.22051216238802251
0.7175514483763423,10.623737763680582,3.319187879430377,3.638026630963953,0.14594908451996036,1.6980356135852,0.22051216238802251
0.7929294483763423,10.810197763680582,3.319187879430377,3.638026630963953,0.16975308451996035,1.6916256135852,0.2269211623880225
0.7175514483763423,11.000627763680582,3.2477778794303767,3.562626630963953,0.22193808451996036,1.5387356135852,0.2342451623880225
0.5707614483763424,10.925247763680582,3.1366978794303773,3.562626630963953,0.18714808451996037,1.4078116135852,0.16008716238802245
0.42397244837634224,10.960957763680582,3.1366978794303773,3.522926630963953,0.09834208451996035,1.4142206135851998,0.2269211623880225
0.6104344483763422,10.849877763680583,3.2834878794303766,3.522926630963953,0.05714308451996036,1.4352776135852,0.2342451623880225
0.5707614483763424,10.659447763680582,3.2834878794303766,3.598326630963953,0.07545408451996038,1.5112656135851998,0.14635416238802246
0.3882664483763422,10.322227763680582,3.3548978794303768,3.598326630963953,0.12855408451996037,1.5387356135852,0.2342451623880225
0.35256144837634223,10.020711763680582,3.3548978794303768,3.522926630963953,0.09284908451996038,1.5524656135852,0.2406541623880225
0.27718244837634226,9.869954763680582,3.2477778794303767,3.3364266309639543,0.10475008451996037,1.5460556135852,0.27452816238802247
0.27718244837634226,9.869954763680582,3.2477778794303767,3.3364266309639543,0.10475008451996037,1.5460556135852,0.27452816238802247
0.35256144837634223,10.020711763680582,3.172407879430377,3.3364266309639543,0.10475008451996037,1.4837956135852,0.1802291623880225
0.27718244837634226,10.096089763680583,3.0613178794303773,3.2968266309639542,0.06904508451996039,1.4764756135852,0.2342451623880225
0.24147744837634227,10.096089763680583,3.1366978794303773,3.3364266309639543,0.034255084519960344,1.4764756135852,0.1738201623880225
0.20577144837634226,9.830281763680583,3.2081078794303766,3.3722266309639544,0.08735508451996038,1.4554186135851999,0.2342451623880225
0.31685544837634233,9.568440763680583,3.1366978794303773,3.3364266309639543,0.11665208451996037,1.4490106135852,0.2607951623880225
0.27718244837634226,9.306599763680582,3.025617879430377,3.2968266309639542,0.17524608451996035,1.4700656135852,0.20037016238802247
0.31685544837634233,9.457356763680583,2.843117879430377,3.3364266309639543,0.17524608451996035,1.5524656135852,0.1939621623880225
0.31685544837634233,9.754903763680582,2.7320378794303766,3.3364266309639543,0.15144208451996036,1.5735256135851998,0.28093716238802247
0.35256144837634223,9.754903763680582,2.6606278794303773,3.3364266309639543,0.09284908451996038,1.5112656135851998,0.1939621623880225
0.4993504483763423,9.830281763680583,2.438457879430377,3.2968266309639542,0.06904508451996039,1.4837956135852,0.21410316238802252
0.4993504483763423,9.830281763680583,2.438457879430377,3.2968266309639542,0.06904508451996039,1.4837956135852,0.21410316238802252
0.6818454483763423,9.830281763680583,2.438457879430377,3.3722266309639544,0.015944084519960378,1.4352776135852,0.2406541623880225
0.5707614483763424,9.532735763680583,2.367047879430377,3.447526630963953,0.08094708451996036,1.4700656135852,0.20037016238802247
0.6461404483763422,9.306599763680582,2.367047879430377,3.447526630963953,0.16975308451996035,1.5460556135852,0.2406541623880225
0.7175514483763423,9.080464963680582,2.438457879430377,3.4118266309639544,0.20454308451996037,1.5671156135851998,0.2269211623880225
0.6104344483763422,8.929707763680582,2.438457879430377,3.447526630963953,0.2576435845199604,1.4902056135851998,0.21410316238802252
0.6461404483763422,8.929707763680582,2.402747879430377,3.3364266309639543,0.22834708451996036,1.4078116135852,0.2342451623880225
0.6461404483763422,9.080464963680582,2.367047879430377,3.4118266309639544,0.15144208451996036,1.3446406135851998,0.21410316238802252
0.6818454483763423,9.005086763680582,2.1488478794303765,3.2968266309639542,0.12214508451996037,1.5460556135852,0.22051216238802251
0.8643444483763423,8.965413763680582,2.2956378794303767,3.3364266309639543,0.11024408451996037,1.5323256135852,0.26720416238802247
0.9040144483763424,8.739278763680582,2.2202578794303767,3.261126630963954,0.09834208451996035,1.4764756135852,0.24706216238802248
0.7929294483763423,8.437764763680581,2.2202578794303767,3.185726630963954,0.13404708451996036,1.5039456135851998,0.14635416238802246
0.9397144483763424,8.175923763680583,2.1845478794303768,3.0746266309639534,0.13404708451996036,1.5112656135851998,0.28093716238802247
0.9397144483763424,8.175923763680583,2.1845478794303768,3.0746266309639534,0.13404708451996036,1.5112656135851998,0.28093716238802247
0.9754244483763423,8.437764763680581,2.2202578794303767,2.959626630963953,0.22193808451996036,1.5112656135851998,0.2406541623880225
0.9754244483763423,8.890035763680583,2.0734678794303765,2.923826630963953,0.2933491845199604,1.4902056135851998,0.18663716238802247
0.9754244483763423,8.778951763680583,1.9623778794303768,2.959626630963953,0.26954548451996035,1.3931636135852,0.27452816238802247
1.1222144483763423,8.929707763680582,1.9266778794303765,2.884226630963953,0.21644508451996036,1.4279536135851998,0.18663716238802247
1.1579244483763422,8.778951763680583,1.9266778794303765,2.959626630963953,0.15144208451996036,1.5112656135851998,0.2269211623880225
1.1579244483763422,8.513142763680582,1.9623778794303768,3.1103266309639537,0.14594908451996036,1.5249956135851999,0.26720416238802247
1.2690044483763423,8.211629763680582,1.8909678794303766,3.1103266309639537,0.22834708451996036,1.5671156135851998,0.20037016238802247
1.2690044483763423,8.211629763680582,1.8909678794303766,3.1103266309639537,0.22834708451996036,1.5671156135851998,0.20037016238802247
1.1975944483763423,8.064837763680583,1.7798878794303767,3.1103266309639537,0.25215038451996036,1.6083156135852,0.16008716238802245
1.3443844483763423,7.8744077636805825,1.7798878794303767,3.0349266309639535,0.2750385845199604,1.5945756135851998,0.24706216238802248
1.4157944483763423,7.8744077636805825,1.5973878794303766,2.8485266309639528,0.21644508451996036,1.4700656135852,0.2342451623880225
1.2690044483763423,7.7990277636805825,1.4148978794303766,2.7731266309639544,0.18073908451996037,1.4142206135851998,0.27452816238802247
1.4157944483763423,7.8744077636805825,1.4505978794303769,2.6580266309639544,0.19905008451996037,1.4352776135852,0.1802291623880225
1.4554644483763424,7.7990277636805825,1.4863078794303768,2.6977266309639543,0.18714808451996037,1.5671156135851998,0.2406541623880225
1.3800844483763424,7.612567763680582,1.5259778794303769,2.808826630963953,0.24024808451996038,1.6009856135851999,0.2342451623880225
1.3443844483763423,7.196007763680583,1.4505978794303769,2.6977266309639543,0.24024808451996038,1.5945756135851998,0.1939621623880225
1.2332944483763424,7.120627763680583,1.5973878794303766,2.6580266309639544,0.23384008451996036,1.6009856135851999,0.26720416238802247
1.1579244483763422,7.346757763680582,1.5259778794303769,2.6580266309639544,0.26313678451996037,1.5524656135852,0.28093716238802247
1.0865044483763424,7.687947763680582,1.4863078794303768,2.6580266309639544,0.2750385845199604,1.5112656135851998,0.22051216238802251
1.0508044483763423,7.648277763680582,1.5259778794303769,2.7334266309639528,0.2933491845199604,1.4975356135851998,0.1939621623880225
0.8643444483763423,7.687947763680582,1.4148978794303766,2.6580266309639544,0.31074418451996033,1.5249956135851999,0.2269211623880225
0.8643444483763423,7.537187763680582,1.5616878794303768,2.6977266309639543,0.2814472845199604,1.4554186135851999,0.3010781623880225
0.8643444483763423,7.311057763680582,1.6727678794303766,2.808826630963953,0.26313678451996037,1.4215446135852,0.20677916238802252
0.6461404483763422,6.894487763680582,1.7084778794303765,2.884226630963953,0.30433548451996034,1.4700656135852,0.20677916238802252
0.5707614483763424,6.596947763680582,1.7798878794303767,2.8485266309639528,0.31074418451996033,1.5597856135852,0.27452816238802247
0.4993504483763423,6.481897763680582,1.7798878794303767,2.923826630963953,0.2814472845199604,1.5735256135851998,0.16008716238802245
0.5350564483763423,6.557267763680582,1.6330978794303765,2.884226630963953,0.30433548451996034,1.5112656135851998,0.20677916238802252
0.5707614483763424,6.596947763680582,1.4863078794303768,2.884226630963953,0.2750385845199604,1.3309076135851998,0.3010781623880225
0.6461404483763422,6.481897763680582,1.4505978794303769,2.8485266309639528,0.25215038451996036,1.4764756135852,0.24706216238802248
0.6461404483763422,6.481897763680582,1.4505978794303769,2.8485266309639528,0.25215038451996036,1.4764756135852,0.24706216238802248
0.6104344483763422,6.370807763680583,1.4505978794303769,2.884226630963953,0.32264608451996035,1.4627436135851999,0.1939621623880225
0.7929294483763423,6.0692977636805825,1.4148978794303766,2.7731266309639544,0.3986347845199604,1.4142206135851998,0.2543871623880225
0.9397144483763424,5.7677777636805825,1.3791878794303767,2.808826630963953,0.42243848451996036,1.4490106135852,0.2269211623880225
0.9040144483763424,5.692407763680582,1.3038078794303767,2.7334266309639528,0.45173508451996036,1.4975356135851998,0.26720416238802247
0.9040144483763424,6.029617763680582,0.9745278794303769,2.6580266309639544,0.38673298451996035,1.5185856135851998,0.2406541623880225
1.0508044483763423,6.521567763680583,0.9745278794303769,2.6580266309639544,0.3812397845199604,1.4352776135852,0.18663716238802247
1.1222144483763423,6.521567763680583,0.6809478794303765,2.7334266309639528,0.39314168451996034,1.3867546135851998,0.21410316238802252
1.3800844483763424,6.557267763680582,0.5738278794303768,2.7334266309639528,0.39314168451996034,1.4627436135851999,0.2607951623880225
1.5625844483763422,6.370807763680583,0.5341578794303767,2.7731266309639544,0.37574658451996035,1.5945756135851998,0.24706216238802248
1.5625844483763422,6.370807763680583,0.5341578794303767,2.7731266309639544,0.37574658451996035,1.5945756135851998,0.24706216238802248
1.4554644483763424,6.104997763680583,0.46274787943037654,2.808826630963953,0.45173508451996036,1.6083156135852,0.1664961623880225
1.4911744483763423,5.8431577636805825,0.46274787943037654,2.884226630963953,0.5222310845199604,1.5249956135851999,0.27452816238802247
1.5625844483763422,5.577347763680582,0.46274787943037654,2.7334266309639528,0.4810320845199604,1.5039456135851998,0.21410316238802252
1.7093744483763422,5.466267763680582,0.5341578794303767,2.6580266309639544,0.5872330845199604,1.4975356135851998,0.1939621623880225
1.7093744483763422,5.577347763680582,0.3913378794303768,2.622326630963954,0.5048360845199604,1.4078116135852,0.2946701623880225
1.6736644483763423,5.617027763680582,0.3516678794303767,2.582726630963954,0.5048360845199604,1.4215446135852,0.1939621623880225
1.4911744483763423,5.466267763680582,0.20487787943037672,2.5470266309639538,0.47553908451996035,1.4700656135852,0.2406541623880225
1.6736644483763423,5.390887763680582,0.1691678794303768,2.3962266309639535,0.42243848451996036,1.4416866135851998,0.24706216238802248
1.8204544483763425,5.275837763680583,0.3159578794303768,2.507326630963954,0.42243848451996036,1.4352776135852,0.20037016238802247
1.7093744483763422,5.013997763680583,0.1691678794303768,2.431926630963954,0.46363708451996033,1.5112656135851998,0.34136216238802247
1.7093744483763422,4.787857763680583,0.3913378794303768,2.3565266309639537,0.49293408451996035,1.5735256135851998,0.26720416238802247
1.4911744483763423,4.827537763680582,0.3159578794303768,2.2811266309639535,0.49293408451996035,1.6009856135851999,0.20677916238802252
1.4911744483763423,5.013997763680583,0.3913378794303768,2.130426630963953,0.5753310845199604,1.5323256135852,0.20677916238802252
1.5268744483763423,5.8431577636805825,0.3159578794303768,2.0947266309639545,0.5515280845199604,1.4416866135851998,0.20677916238802252
1.6022544483763423,5.692407763680582,0.20487787943037672,2.055026630963953,0.5698380845199604,1.3446406135851998,0.2406541623880225
1.4554644483763424,5.728107763680582,0.3159578794303768,2.0193266309639544,0.5048360845199604,1.4627436135851999,0.18663716238802247
1.3443844483763423,5.577347763680582,0.2445478794303768,2.055026630963953,0.5048360845199604,1.5808456135851998,0.2342451623880225
1.2332944483763424,5.089377763680583,0.28024787943037666,2.170126630963953,0.5579360845199604,1.5460556135852,0.3010781623880225
1.3800844483763424,4.752157763680582,0.28024787943037666,2.205826630963953,0.5103290845199604,1.5597856135852,0.20037016238802247
1.3800844483763424,4.561727763680582,0.3516678794303767,2.2454266309639532,0.5872330845199604,1.5808456135851998,0.20677916238802252
1.3800844483763424,4.561727763680582,0.3516678794303767,2.2454266309639532,0.5872330845199604,1.5808456135851998,0.20677916238802252
1.2690044483763423,4.335587763680582,0.13346787943037675,2.205826630963953,0.5103290845199604,1.5323256135852,0.3212201623880225
1.1222144483763423,4.486347763680582,0.1691678794303768,2.130426630963953,0.47553908451996035,1.3730216135851998,0.15367916238802248
1.0865044483763424,4.224507763680582,0.2445478794303768,2.0947266309639545,0.5167380845199604,1.3446406135851998,0.27452816238802247
1.2332944483763424,4.184837763680583,0.3159578794303768,2.0947266309639545,0.46363708451996033,1.3592886135851998,0.26720416238802247
1.1222144483763423,4.109457763680583,0.3516678794303767,2.0947266309639545,0.5222310845199604,1.3931636135852,0.22051216238802251
1.0865044483763424,3.8079477636805823,0.2445478794303768,2.170126630963953,0.6165300845199604,1.4554186135851999,0.21410316238802252
1.2332944483763424,3.435017763680582,0.3516678794303767,2.0947266309639545,0.5460350845199604,1.5185856135851998,0.2342451623880225
1.0508044483763423,3.319967763680582,0.3159578794303768,1.9796266309639527,0.6229390845199604,1.5460556135852,0.2543871623880225
0.9754244483763423,3.585777763680582,0.3516678794303767,1.9043266309639542,0.5991350845199603,1.4975356135851998,0.20037016238802247
1.0865044483763424,4.335587763680582,0.3516678794303767,1.7932266309639537,0.5817400845199604,1.4215446135852,0.1939621623880225
1.0111344483763423,4.827537763680582,0.09775787943037662,1.7178266309639536,0.5872330845199604,1.3931636135852,0.24706216238802248
1.0865044483763424,4.676777763680582,0.13346787943037675,1.8686266309639539,0.5698380845199604,1.4490106135852,0.1738201623880225
1.1975944483763423,4.335587763680582,0.3516678794303767,1.9043266309639542,0.5048360845199604,1.4975356135851998,0.2406541623880225
1.0111344483763423,3.8833177636805827,0.2445478794303768,2.130426630963953,0.5634300845199604,1.4837956135852,0.2406541623880225
1.0111344483763423,3.8833177636805827,0.2445478794303768,2.130426630963953,0.5634300845199604,1.4837956135852,0.2406541623880225
1.0508044483763423,3.435017763680582,0.3516678794303767,2.170126630963953,0.6403340845199603,1.4554186135851999,0.20677916238802252
1.2690044483763423,3.1335077636805826,0.3516678794303767,2.205826630963953,0.6522360845199604,1.4416866135851998,0.2543871623880225
1.3443844483763423,3.169207763680582,0.1691678794303768,2.130426630963953,0.7108300845199604,1.3931636135852,0.2342451623880225
1.3800844483763424,3.319967763680582,0.12441212056962336,2.170126630963953,0.6934350845199604,1.3309076135851998,0.20677916238802252
1.5268744483763423,3.244587763680582,0.12441212056962336,2.0193266309639544,0.5286400845199604,1.2338616135851999,0.2269211623880225
1.5268744483763423,3.244587763680582,0.12441212056962336,2.0193266309639544,0.5286400845199604,1.2338616135851999,0.2269211623880225
1.6022544483763423,3.0581277636805826,0.19582212056962334,2.130426630963953,0.6229390845199604,1.3309076135851998,0.20677916238802252
1.8204544483763425,2.7169377636805825,0.3069021205696232,2.055026630963953,0.6458270845199603,1.4554186135851999,0.24706216238802248
2.002954448376342,2.566187763680582,0.3069021205696232,2.0193266309639544,0.6696310845199603,1.5597856135852,0.2406541623880225
1.9672444483763423,2.304337763680582,0.6004821205696234,1.9439266309639542,0.7813250845199604,1.5671156135851998,0.2543871623880225
2.0426244483763423,2.264667763680582,0.7076021205696232,1.8686266309639539,0.7639300845199604,1.4902056135851998,0.18663716238802247
2.3362044483763422,2.490807763680582,0.5608121205696233,1.6821266309639533,0.7401260845199604,1.4416866135851998,0.21410316238802252
2.1894144483763425,3.284257763680582,1.1122641205696233,1.6424266309639535,0.7639300845199604,1.4142206135851998,0.24706216238802248
2.296534448376342,3.8079477636805823,1.1479701205696233,1.5670266309639533,0.8106220845199603,1.3794306135852,0.1399461623880225
2.2251244483763424,3.470727763680582,1.0011801205696234,1.7575266309639535,0.7758320845199604,1.5524656135852,0.26720416238802247
2.1140344483763425,2.9827477636805826,0.9297691205696232,1.8328266309639538,0.8289330845199603,1.5872556135851998,0.1939621623880225
2.078334448376342,2.490807763680582,0.7829801205696233,1.9796266309639527,0.8344260845199604,1.6495156135851998,0.22051216238802251
1.9672444483763423,2.0782077636805827,0.7829801205696233,2.055026630963953,0.9168230845199603,1.5671156135851998,0.2543871623880225
1.8561644483763424,2.117877763680582,0.9654751205696233,2.0193266309639544,0.8289330845199603,1.4627436135851999,0.2607951623880225
1.9672444483763423,2.193257763680582,0.8186851205696233,1.9796266309639527,0.8170310845199604,1.3309076135851998,0.20677916238802252
1.7847544483763422,2.117877763680582,0.9654751205696233,1.8328266309639538,0.7401260845199604,1.2411856135851997,0.2607951623880225
1.6736644483763423,2.0028277636805827,1.0368861205696231,1.7932266309639537,0.6577290845199604,1.2137196135851998,0.20037016238802247
1.6022544483763423,1.6656077636805824,0.7829801205696233,1.7575266309639535,0.6284320845199604,1.2622426135851998,0.21410316238802252
1.5268744483763423,1.3244177636805823,0.6718921205696233,1.7178266309639536,0.6751240845199604,1.3034416135851998,0.26720416238802247
1.5268744483763423,1.0982877636805828,0.4536921205696234,1.6821266309639533,0.7282250845199604,1.3931636135852,0.2342451623880225
1.3800844483763424,0.8721477636805819,0.4179921205696233,1.6067266309639532,0.8289330845199603,1.4700656135852,0.2406541623880225
1.3800844483763424,0.6103077636805825,0.5608121205696233,1.531326630963953,0.9342180845199604,1.4764756135852,0.2342451623880225
1.3086744483763424,0.9872077636805816,0.8543911205696233,1.3052266309639542,0.9113300845199603,1.4416866135851998,0.24706216238802248
1.4911744483763423,1.6259377636805823,0.6361921205696233,1.229826630963954,0.8637230845199604,1.3171746135851998,0.21410316238802252
1.3800844483763424,2.530477763680582,0.8940641205696233,1.1148266309639538,0.7932270845199604,1.2622426135851998,0.22051216238802251
1.3443844483763423,2.490807763680582,0.9654751205696233,1.2655266309639543,0.7758320845199604,1.3171746135851998,0.14635416238802246
1.5625844483763422,2.117877763680582,0.8940641205696233,1.4163266309639528,0.6934350845199604,1.4764756135852,0.27452816238802247
1.6736644483763423,1.6259377636805823,1.0011801205696234,1.5670266309639533,0.7401260845199604,1.5524656135852,0.21410316238802252
1.5625844483763422,1.137957763680582,1.0011801205696234,1.7178266309639536,0.8344260845199604,1.5524656135852,0.2543871623880225
1.8204544483763425,0.7253577636805826,0.9654751205696233,1.8328266309639538,0.8344260845199604,1.4416866135851998,0.2607951623880225
1.7490444483763423,0.5746077636805822,1.4415491205696234,1.7932266309639537,0.9223160845199604,1.3592886135851998,0.22051216238802251
1.8958344483763425,0.7967777636805824,1.3304651205696234,1.6821266309639533,0.8811180845199603,1.2137196135851998,0.2543871623880225
1.8958344483763425,0.7967777636805824,1.3304651205696234,1.6821266309639533,0.8811180845199603,1.2137196135851998,0.2543871623880225
2.0426244483763423,0.5349277636805816,1.2947601205696233,1.7178266309639536,0.8225240845199604,1.1514636135851999,0.2269211623880225
2.1140344483763425,0.1977177636805827,1.2590541205696233,1.7575266309639535,0.7877340845199603,1.2622426135851998,0.1939621623880225
2.1497444483763424,0.10380223631941732,1.1836761205696233,1.7178266309639536,0.8637230845199604,1.4215446135852,0.22051216238802251
1.9315444483763424,0.2545622363194173,1.2590541205696233,1.491726630963953,0.9580220845199604,1.5323256135852,0.27452816238802247
1.9672444483763423,0.3696122363194174,1.2947601205696233,1.4163266309639528,0.9525290845199603,1.4416866135851998,0.26720416238802247
2.1894144483763425,0.2545622363194173,1.3304651205696234,1.154426630963954,0.9580220845199604,1.3794306135852,0.1738201623880225
2.2251244483763424,0.1977177636805827,1.4772551205696234,1.0791266309639536,0.9049210845199603,1.3867546135851998,0.28093716238802247
2.1140344483763425,1.213337763680582,1.4058441205696233,0.9283266309639533,0.8051290845199603,1.3730216135851998,0.1939621623880225
1.9672444483763423,1.6656077636805824,1.5129601205696233,0.9640266309639536,0.8051290845199603,1.4215446135852,0.2269211623880225
1.8204544483763425,1.439477763680582,1.3304651205696234,1.154426630963954,0.8637230845199604,1.4700656135852,0.2342451623880225
1.9315444483763424,1.022907763680582,1.0765591205696232,1.1901266309639542,0.8225240845199604,1.5039456135851998,0.2342451623880225
1.8958344483763425,0.3484677636805831,1.0368861205696231,1.3409266309639545,0.9992210845199604,1.5249956135851999,0.24706216238802248
1.6379644483763423,0.1434722363194183,1.4058441205696233,1.4163266309639528,1.1347190845199604,1.5597856135852,0.2269211623880225
1.6736644483763423,0.4449822363194169,1.2590541205696233,1.4163266309639528,1.0642230845199605,1.4490106135852,0.24706216238802248
1.7847544483763422,0.5203622363194178,1.2233481205696233,1.3806266309639543,0.9406270845199604,1.3446406135851998,0.1738201623880225
1.7847544483763422,0.3299322363194186,1.3304651205696234,1.4163266309639528,0.8875260845199604,1.2201286135851999,0.26720416238802247
1.7093744483763422,0.3299322363194186,1.4415491205696234,1.3806266309639543,0.6934350845199604,1.1230826135852,0.24706216238802248
1.6736644483763423,0.5560722363194177,1.3304651205696234,1.3052266309639542,0.6751240845199604,1.1789296135851999,0.1738201623880225
1.6022544483763423,0.9329922363194179,1.4415491205696234,1.3052266309639542,0.7401260845199604,1.2961176135851997,0.18663716238802247
1.7847544483763422,1.309892236319417,1.4058441205696233,1.2655266309639543,0.7987200845199603,1.3309076135851998,0.3212201623880225
1.8204544483763425,1.7620922363194182,1.3304651205696234,1.154426630963954,0.9223160845199604,1.4352776135852,0.2269211623880225
1.7847544483763422,1.8374922363194184,1.6597499205696233,1.0791266309639536,1.0642230845199605,1.4627436135851999,0.20677916238802252
1.7490444483763423,1.6113922363194177,1.9176231205696233,0.9283266309639533,1.1109150845199602,1.4490106135852,0.3010781623880225
1.9315444483763424,1.2701922363194171,1.7708339205696233,0.7022266309639544,0.9406270845199604,1.4490106135852,0.24706216238802248
1.9315444483763424,1.2701922363194171,1.7708339205696233,0.7022266309639544,0.9406270845199604,1.4490106135852,0.24706216238802248
1.8958344483763425,0.4238477636805822,1.8462121205696234,0.5514266309639524,0.8463280845199603,1.3171746135851998,0.2607951623880225
1.8958344483763425,0.4238477636805822,1.8462121205696234,0.5514266309639524,0.8463280845199603,1.3171746135851998,0.2607951623880225
1.8958344483763425,0.4238477636805822,1.8462121205696234,0.5514266309639524,0.8463280845199603,1.3171746135851998,0.2607951623880225
1.7490444483763423,0.10380223631941732,1.8065395205696233,0.737926630963953,0.8701310845199604,1.5735256135851998,0.18663716238802247
1.8204544483763425,0.8179122363194171,1.7708339205696233,0.8886266309639534,0.8930190845199604,1.5808456135851998,0.2946701623880225
2.1140344483763425,1.8374922363194184,2.0644131205696232,1.1901266309639542,1.0230240845199603,1.3794306135852,0.2607951623880225
2.078334448376342,1.948592236319417,2.1001181205696233,1.3052266309639542,0.9754170845199603,1.3107656135851997,0.20037016238802247
2.1140344483763425,1.7620922363194182,2.1001181205696233,1.2655266309639543,0.9049210845199603,1.2622426135851998,0.2946701623880225
2.1894144483763425,1.571692236319418,2.0644131205696232,1.1901266309639542,0.8701310845199604,1.1789296135851999,0.24706216238802248
2.4433244483763423,1.7977922363194185,1.8819181205696234,1.229826630963954,0.7987200845199603,1.0608266135851998,0.1738201623880225
2.3719044483763425,2.023992236319417,1.8819181205696234,1.1148266309639538,0.8225240845199604,1.1368156135852,0.3340371623880225
2.2251244483763424,2.587292236319417,2.1001181205696233,1.0791266309639536,0.9342180845199604,1.2823846135851997,0.24706216238802248
2.2251244483763424,2.587292236319417,2.1001181205696233,1.0791266309639536,0.9342180845199604,1.2823846135851997,0.24706216238802248
2.4076144483763424,2.8134922363194175,2.135824120569623,0.9283266309639533,1.0340110845199604,1.3592886135851998,0.20037016238802247
2.7011944483763424,2.8530922363194176,2.135824120569623,0.8133266309639531,1.1109150845199602,1.3931636135852,0.2543871623880225
2.554404448376342,2.8530922363194176,2.465109120569623,0.737926630963953,1.1695090845199605,1.3592886135851998,0.2946701623880225
2.5186944483763423,2.587292236319417,2.6118981205696232,0.5871266309639545,1.0697160845199605,1.3309076135851998,0.22051216238802251
2.7011944483763424,1.948592236319417,2.465109120569623,0.47602663096395403,0.9223160845199604,1.3382316135851997,0.21410316238802252
2.6654844483763425,1.194792236319417,2.6515711205696233,0.47602663096395403,0.8637230845199604,1.3244986135851997,0.2342451623880225
2.7765744483763424,0.3696122363194174,2.5404871205696233,0.5117266309639525,0.8582290845199604,1.3107656135851997,0.27452816238802247
2.7011944483763424,0.6711222363194178,2.357992120569623,0.777526630963953,0.9287250845199604,1.3730216135851998,0.24706216238802248
2.2251244483763424,2.023992236319417,2.5047821205696232,1.0394266309639537,1.1347190845199604,1.6495156135851998,0.3010781623880225
2.4829944483763424,2.4761922363194184,2.246908120569623,1.3052266309639542,1.1402120845199604,1.5249956135851999,0.3010781623880225
2.4829944483763424,2.964192236319418,2.3222861205696232,1.3806266309639543,1.1054220845199603,1.3171746135851998,0.2543871623880225
2.1894144483763425,2.777792236319417,2.246908120569623,1.4163266309639528,1.0459130845199605,1.1304066135851998,0.21410316238802252
1.9672444483763423,2.5515922363194186,2.2112021205696233,1.3806266309639543,0.8399190845199603,1.0745596135851998,0.3074871623880225
1.9672444483763423,2.5119922363194185,2.0287071205696234,1.3409266309639545,0.7813250845199604,1.0397696135851997,0.2406541623880225
2.002954448376342,2.888792236319418,1.9176231205696233,1.229826630963954,0.7465350845199603,0.9637806135851998,0.16008716238802245
1.9315444483763424,3.265692236319417,1.9533291205696233,1.3409266309639545,0.7877340845199603,0.9436396135851999,0.26720416238802247
1.7093744483763422,3.8290922363194184,2.1001181205696233,1.229826630963954,0.8701310845199604,1.1716056135851998,0.2946701623880225
1.6022544483763423,4.245692236319417,1.9533291205696233,1.1901266309639542,0.9635150845199604,1.3867546135851998,0.14635416238802246
1.6736644483763423,4.281392236319418,1.7708339205696233,0.9283266309639533,1.0459130845199605,1.4004876135851998,0.27452816238802247
1.7490444483763423,3.979792236319417,1.9176231205696233,0.777526630963953,1.0752090845199604,1.3382316135851997,0.24706216238802248
1.8204544483763425,3.4918922363194174,1.8462121205696234,0.47602663096395403,1.0404190845199603,1.2549186135851997,0.1738201623880225
1.5268744483763423,2.702392236319417,2.0287071205696234,0.289626630963955,0.9168230845199603,1.2274526135851997,0.28093716238802247
1.4157944483763423,2.0993922363194173,2.3222861205696232,0.13882663096395476,0.9287250845199604,1.1926626135851999,0.1939621623880225
1.8958344483763425,1.571692236319418,2.135824120569623,0.289626630963955,0.8701310845199604,1.2201286135851999,0.24706216238802248
2.1894144483763425,2.023992236319417,2.135824120569623,0.5117266309639525,0.9287250845199604,1.2823846135851997,0.2543871623880225
2.0426244483763423,2.888792236319418,2.5404871205696233,0.8529266309639532,1.0285180845199604,1.4279536135851998,0.1939621623880225
1.9315444483763424,3.6068922363194176,2.722982120569623,1.0394266309639537,0.9992210845199604,1.6293656135852,0.2946701623880225
2.1894144483763425,4.019492236319417,2.6872771205696235,1.154426630963954,1.0340110845199604,1.5112656135851998,0.1939621623880225
2.5901144483763425,4.055192236319417,2.8697721205696234,1.3409266309639545,1.0285180845199604,1.2897086135851998,0.2406541623880225
2.5901144483763425,4.055192236319417,2.8697721205696234,1.3409266309639545,1.0285180845199604,1.2897086135851998,0.2406541623880225
2.847984448376342,3.8290922363194184,2.941182120569623,1.1901266309639542,0.9937270845199604,1.0882926135851998,0.2269211623880225
2.6654844483763425,3.6822922363194177,2.9054821205696233,1.154426630963954,0.9461200845199603,0.9711046135851997,0.2607951623880225
2.4076144483763424,3.717992236319418,3.199052120569623,1.0791266309639536,0.9406270845199604,0.9500476135851998,0.2406541623880225
2.6654844483763425,4.094892236319417,3.3458421205696234,1.0037266309639534,0.9580220845199604,0.9848376135851997,0.20677916238802252
2.923364448376342,4.658292236319419,3.016562120569623,0.8886266309639534,0.9818260845199603,1.0608266135851998,0.2406541623880225
2.847984448376342,5.185892236319418,3.0522621205696234,0.9640266309639536,1.0578140845199604,1.1999866135851998,0.2406541623880225
2.5186944483763423,5.3366922363194185,3.0879721205696233,0.8133266309639531,1.1466210845199605,1.4215446135852,0.2342451623880225
2.4829944483763424,5.074792236319418,3.0522621205696234,0.47602663096395403,1.1054220845199603,1.5249956135851999,0.2873451623880225
2.5186944483763423,4.6224922363194185,2.9808521205696232,0.24992663096395518,1.0871110845199605,1.4142206135851998,0.2342451623880225
2.629784448376342,3.944092236319417,2.941182120569623,0.1269733690360475,1.0047140845199602,1.2274526135851997,0.1802291623880225
2.4433244483763423,3.5671922363194177,2.9808521205696232,0.23807336903604792,0.9406270845199604,1.1514636135851999,0.27452816238802247
2.4433244483763423,3.5671922363194177,2.9808521205696232,0.23807336903604792,0.9406270845199604,1.1514636135851999,0.27452816238802247
2.2251244483763424,2.964192236319418,3.016562120569623,0.277673369036048,0.9287250845199604,1.2897086135851998,0.20677916238802252
2.1894144483763425,2.702392236319417,2.941182120569623,0.05157336903604559,0.9992210845199604,1.4352776135852,0.18663716238802247
2.2251244483763424,3.8687922363194183,2.6515711205696233,0.5514266309639524,1.1109150845199602,1.5039456135851998,0.26720416238802247
2.2251244483763424,3.8687922363194183,2.6515711205696233,0.5514266309639524,1.1109150845199602,1.5039456135851998,0.26720416238802247
2.1497444483763424,4.432092236319418,2.2826141205696233,0.737926630963953,1.1402120845199604,1.4700656135852,0.22051216238802251
1.8561644483763424,4.924092236319417,2.465109120569623,0.9283266309639533,1.1164080845199602,1.3794306135852,0.2406541623880225
1.7847544483763422,4.773292236319417,2.6872771205696235,0.9640266309639536,1.0990130845199604,1.1651966135851999,0.28093716238802247
2.1497444483763424,4.6224922363194185,2.5404871205696233,0.8886266309639534,0.9635150845199604,0.9573726135851999,0.20037016238802247
2.1497444483763424,4.547192236319418,2.6515711205696233,0.9283266309639533,0.8756240845199603,0.8319446135851998,0.20037016238802247
1.8204544483763425,4.697892236319417,2.798362120569623,0.9283266309639533,0.8811180845199603,0.8603266135851998,0.28093716238802247
1.8561644483763424,5.185892236319418,2.6872771205696235,0.9640266309639536,0.7932270845199604,0.9985706135851997,0.22051216238802251
1.8561644483763424,5.185892236319418,2.6872771205696235,0.9640266309639536,0.7932270845199604,0.9985706135851997,0.22051216238802251
2.0426244483763423,5.939692236319418,2.5404871205696233,0.8529266309639532,0.8582290845199604,1.1716056135851998,0.20677916238802252
2.0426244483763423,5.939692236319418,2.5404871205696233,0.8529266309639532,0.8582290845199604,1.1716056135851998,0.20677916238802252
2.0426244483763423,5.939692236319418,2.5404871205696233,0.8529266309639532,0.8582290845199604,1.1716056135851998,0.20677916238802252
2.2251244483763424,6.165792236319417,2.5404871205696233,0.32532663096395353,1.0404190845199603,1.2961176135851997,0.2406541623880225
2.1140344483763425,5.713492236319418,2.834062120569623,0.011873369036045744,1.0523210845199604,1.2411856135851997,0.18663716238802247
2.1894144483763425,5.150192236319418,3.1276421205696234,0.23807336903604792,1.0523210845199604,1.1441396135851998,0.20677916238802252
2.4829944483763424,4.6224922363194185,2.9808521205696232,0.4284733690360447,0.9699240845199604,1.0882926135851998,0.22051216238802251
2.5186944483763423,4.396392236319418,2.941182120569623,0.23807336903604792,1.0047140845199602,1.1368156135852,0.22051216238802251
2.3362044483763422,4.356692236319418,3.0522621205696234,0.011873369036045744,1.0459130845199605,1.3171746135851998,0.26720416238802247
2.3362044483763422,5.2215922363194185,2.941182120569623,0.5514266309639524,1.1109150845199602,1.5808456135851998,0.2406541623880225
2.4829944483763424,5.824592236319418,3.016562120569623,0.777526630963953,1.0230240845199603,1.5387356135852,0.28093716238802247
2.554404448376342,6.050792236319417,3.1276421205696234,0.8529266309639532,1.0230240845199603,1.3382316135851997,0.1802291623880225
2.4433244483763423,6.015092236319418,3.3458421205696234,0.8886266309639534,1.0459130845199605,1.0818836135852,0.22051216238802251
2.4829944483763424,5.824592236319418,3.199052120569623,0.8529266309639532,0.9580220845199604,0.9088496135851998,0.3010781623880225
2.629784448376342,5.673892236319418,3.0879721205696233,0.737926630963953,0.8994280845199604,0.8603266135851998,0.1802291623880225
2.3719044483763425,5.9753922363194185,3.0522621205696234,0.777526630963953,0.9818260845199603,0.8877916135851998,0.2406541623880225
2.2251244483763424,6.542692236319418,2.722982120569623,0.777526630963953,0.9754170845199603,0.9152576135851997,0.2543871623880225
1.9315444483763424,7.141792236319418,2.834062120569623,0.777526630963953,1.0047140845199602,1.1166736135851998,0.22051216238802251
2.296534448376342,7.558292236319417,2.6515711205696233,0.4007266309639519,1.1228170845199603,1.3244986135851997,0.22051216238802251
2.1497444483763424,7.141792236319418,2.834062120569623,0.09912663096395491,1.2052140845199604,1.2274526135851997,0.2342451623880225
2.1497444483763424,7.141792236319418,2.834062120569623,0.09912663096395491,1.2052140845199604,1.2274526135851997,0.2342451623880225
1.9672444483763423,6.467292236319418,3.1276421205696234,0.1269733690360475,1.1109150845199602,1.1514636135851999,0.2269211623880225
2.4076144483763424,5.749292236319418,3.0522621205696234,0.579273369036045,0.8289330845199603,1.1230826135852,0.24706216238802248
2.3719044483763425,5.6381922363194175,3.1633521205696233,0.4641733690360468,0.7758320845199604,1.2137196135851998,0.1802291623880225
2.3362044483763422,5.713492236319418,3.016562120569623,0.20237336903604586,0.9223160845199604,1.3244986135851997,0.21410316238802252
1.9672444483763423,5.824592236319418,3.1276421205696234,0.06342663096395285,1.0404190845199603,1.5323256135852,0.2543871623880225
1.9672444483763423,5.824592236319418,3.1276421205696234,0.06342663096395285,1.0404190845199603,1.5323256135852,0.2543871623880225
2.0426244483763423,5.899992236319418,3.2347621205696235,0.24992663096395518,1.1402120845199604,1.6293656135852,0.1802291623880225
2.3719044483763425,6.316592236319417,3.274432120569623,0.5117266309639525,1.1988060845199604,1.4975356135851998,0.2607951623880225
2.5901144483763425,6.689492236319417,3.199052120569623,0.6268266309639543,1.1402120845199604,1.2338616135851999,0.22051216238802251
2.1894144483763425,6.542692236319418,3.3458421205696234,0.5117266309639525,1.0816180845199603,1.0196276135851998,0.2269211623880225
2.1497444483763424,6.653792236319418,3.274432120569623,0.5514266309639524,1.0230240845199603,0.8877916135851998,0.2342451623880225
2.4076144483763424,6.804592236319417,3.199052120569623,0.6268266309639543,0.9287250845199604,0.8603266135851998,0.24706216238802248
2.5186944483763423,6.879892236319417,3.274432120569623,0.6268266309639543,0.9168230845199603,0.8667346135851999,0.1802291623880225
2.3719044483763425,7.443292236319419,3.417262120569623,0.7022266309639544,0.9342180845199604,0.9225816135851999,0.22051216238802251
2.3362044483763422,8.046292236319417,3.4569321205696233,0.5117266309639525,0.9461200845199603,1.0333606135851998,0.3541791623880225
2.4076144483763424,8.308192236319417,3.528342120569623,0.24992663096395518,0.9754170845199603,1.2063956135851999,0.2269211623880225
2.5901144483763425,8.197092236319417,3.492632120569623,0.20237336903604586,1.0935200845199604,1.2622426135851998,0.3074871623880225
2.5186944483763423,7.859892236319418,3.492632120569623,0.614973369036047,1.0871110845199605,1.1789296135851999,0.18663716238802247
2.4829944483763424,7.443292236319419,3.3458421205696234,0.7656733690360475,1.0166160845199603,1.1029406135851998,0.21410316238802252
2.4076144483763424,7.367892236319417,3.6394221205696233,0.8053733690360474,1.0111220845199602,1.1029406135851998,0.3010781623880225
2.4433244483763423,7.2924922363194185,3.4569321205696233,0.7656733690360475,1.0523210845199604,1.1514636135851999,0.1399461623880225
2.5186944483763423,7.482992236319419,3.4569321205696233,0.5395733690360451,1.0047140845199602,1.2686516135851997,0.2873451623880225
2.3719044483763425,7.407592236319417,3.6751321205696232,0.162673369036046,1.1521140845199604,1.3794306135852,0.2342451623880225
2.260824448376342,7.332192236319418,3.7505121205696232,0.06342663096395285,1.1109150845199602,1.4554186135851999,0.20677916238802252
2.4076144483763424,7.367892236319417,3.528342120569623,0.2142266309639531,1.0523210845199604,1.3244986135851997,0.3276291623880225
2.3719044483763425,7.633692236319419,3.5640421205696233,0.5117266309639525,1.0111220845199602,1.1441396135851998,0.20037016238802247
2.3719044483763425,7.633692236319419,3.5640421205696233,0.5117266309639525,1.0111220845199602,1.1441396135851998,0.20037016238802247
2.3719044483763425,7.895592236319416,3.3458421205696234,0.7022266309639544,0.9580220845199604,1.0397696135851997,0.2269211623880225
2.3362044483763422,8.046292236319417,3.1276421205696234,0.737926630963953,0.9287250845199604,0.9289906135851997,0.28093716238802247
1.9672444483763423,8.121692236319419,3.0879721205696233,0.8133266309639531,0.9580220845199604,0.8182116135851998,0.2269211623880225
1.8958344483763425,8.383492236319416,3.3815521205696233,0.8529266309639532,1.0459130845199605,0.8118036135851998,0.1738201623880225
2.1497444483763424,8.383492236319416,3.199052120569623,0.8886266309639534,0.9699240845199604,0.8465936135851998,0.2342451623880225
2.2251244483763424,8.724692236319417,3.1633521205696233,0.8886266309639534,0.8701310845199604,0.8877916135851998,0.26720416238802247
1.7490444483763423,9.026192236319417,3.2347621205696235,0.8886266309639534,0.9168230845199603,0.9225816135851999,0.21410316238802252
1.5625844483763422,9.252392236319416,3.0879721205696233,0.777526630963953,0.8637230845199604,0.9985706135851997,0.3010781623880225
1.9672444483763423,8.911192236319419,2.7586921205696235,0.24992663096395518,1.0285180845199604,1.0608266135851998,0.15367916238802248
1.7847544483763422,8.649292236319418,2.8697721205696234,0.09912663096395491,1.0752090845199604,1.0058946135851998,0.2946701623880225
1.6736644483763423,8.347792236319417,3.016562120569623,0.20237336903604586,1.0404190845199603,0.9573726135851999,0.2543871623880225
1.8958344483763425,8.232792236319419,2.9054821205696233,0.35307336903604636,0.9992210845199604,0.9637806135851998,0.1802291623880225
1.9672444483763423,8.27239223631942,2.941182120569623,0.277673369036048,0.9754170845199603,1.0397696135851997,0.2607951623880225
1.9315444483763424,8.383492236319416,3.1276421205696234,0.08727336903604765,0.9754170845199603,1.2063956135851999,0.22051216238802251
1.8958344483763425,8.27239223631942,2.9808521205696232,0.09912663096395491,1.0404190845199603,1.3244986135851997,0.22051216238802251
1.8204544483763425,7.935192236319416,3.2347621205696235,0.17452663096395327,1.0047140845199602,1.3244986135851997,0.3074871623880225
2.0426244483763423,7.895592236319416,3.3815521205696233,0.32532663096395353,1.0697160845199605,1.1304066135851998,0.1664961623880225
2.296534448376342,8.121692236319419,3.2347621205696235,0.47602663096395403,0.9754170845199603,1.0544176135852,0.21410316238802252
2.3362044483763422,8.383492236319416,3.492632120569623,0.6625266309639528,1.0230240845199603,0.9775136135851998,0.3010781623880225
2.296534448376342,8.649292236319418,3.6751321205696232,0.8133266309639531,1.0404190845199603,0.9152576135851997,0.2543871623880225
2.4076144483763424,8.986592236319417,3.7862121205696235,0.8133266309639531,1.0404190845199603,0.9088496135851998,0.2269211623880225
2.5186944483763423,9.10159223631942,3.7505121205696232,0.737926630963953,1.0871110845199605,0.8465936135851998,0.1939621623880225
2.7765744483763424,9.212692236319416,3.8933321205696236,0.6625266309639528,1.0111220845199602,0.8255366135851998,0.2543871623880225
2.7369044483763423,9.327692236319418,3.6751321205696232,0.6625266309639528,1.0285180845199604,0.8603266135851998,0.24706216238802248
2.4433244483763423,9.478492236319418,3.7862121205696235,0.44032663096395197,0.9635150845199604,0.9985706135851997,0.1939621623880225
2.260824448376342,9.629292236319419,3.8933321205696236,0.32532663096395353,1.0166160845199603,1.0123036135851997,0.2607951623880225
2.3719044483763425,9.775992236319418,3.9687121205696236,0.023826630963952766,1.0285180845199604,0.9921626135851997,0.22051216238802251
2.923364448376342,9.664992236319417,3.5640421205696233,0.23807336903604792,1.0578140845199604,1.0058946135851998,0.2607951623880225
2.4829944483763424,9.589592236319419,3.6751321205696232,0.4641733690360468,1.0752090845199604,1.0470936135851998,0.26720416238802247
2.002954448376342,9.664992236319417,3.6751321205696232,0.5038733690360466,1.1054220845199603,1.0333606135851998,0.21410316238802252
1.9315444483763424,9.629292236319419,3.492632120569623,0.614973369036047,1.0111220845199602,1.0260366135851997,0.2269211623880225
1.9315444483763424,9.629292236319419,3.492632120569623,0.614973369036047,1.0111220845199602,1.0260366135851997,0.2269211623880225
2.1497444483763424,9.514192236319417,3.274432120569623,0.6902733690360456,0.9525290845199603,1.0470936135851998,0.21410316238802252
2.1894144483763425,9.438792236319419,3.3458421205696234,0.5038733690360466,0.9818260845199603,1.1230826135852,0.2543871623880225
1.9672444483763423,9.629292236319419,3.5640421205696233,0.3134733690360463,1.0404190845199603,1.2137196135851998,0.24706216238802248
1.8204544483763425,9.403092236319416,3.492632120569623,0.20237336903604586,1.0459130845199605,1.1926626135851999,0.1802291623880225
2.078334448376342,9.288092236319418,3.3815521205696233,0.011873369036045744,0.9818260845199603,1.1789296135851999,0.28093716238802247
2.1894144483763425,9.252392236319416,3.3458421205696234,0.24992663096395518,0.9937270845199604,1.0956166135852,0.2406541623880225
1.9672444483763423,9.775992236319418,3.3458421205696234,0.5117266309639525,1.0047140845199602,0.9848376135851997,0.2342451623880225
1.7093744483763422,10.192592236319417,3.274432120569623,0.5117266309639525,0.9525290845199603,0.8951166135851998,0.27452816238802247
1.8204544483763425,10.152892236319417,3.492632120569623,0.5514266309639524,0.9754170845199603,0.8740596135851998,0.1939621623880225
2.2251244483763424,10.228292236319419,3.274432120569623,0.5871266309639545,1.0111220845199602,0.7980706135851998,0.1939621623880225
2.3719044483763425,10.267992236319419,3.5640421205696233,0.6625266309639528,0.9818260845199603,0.7211656135851998,0.2946701623880225
2.002954448376342,10.228292236319419,3.8933321205696236,0.5117266309639525,1.0642230845199605,0.7147576135851998,0.1664961623880225
2.078334448376342,10.303692236319417,3.9687121205696236,0.44032663096395197,0.9635150845199604,0.8740596135851998,0.26720416238802247
2.4076144483763424,10.644892236319418,3.8933321205696236,0.32532663096395353,0.9525290845199603,0.9573726135851999,0.20037016238802247
2.4076144483763424,10.644892236319418,3.8933321205696236,0.32532663096395353,0.9525290845199603,0.9573726135851999,0.20037016238802247
2.6654844483763425,10.831292236319417,4.004412120569623,0.289626630963955,0.9461200845199603,0.9637806135851998,0.2269211623880225
2.5901144483763425,10.906692236319419,3.8219221205696234,0.09912663096395491,1.0111220845199602,0.9775136135851998,0.24706216238802248
2.4433244483763423,10.831292236319417,3.8219221205696234,0.162673369036046,1.0523210845199604,1.0818836135852,0.24706216238802248
2.1894144483763425,10.720292236319416,3.8576221205696237,0.35307336903604636,1.0697160845199605,1.1578726135851998,0.27452816238802247
2.296534448376342,10.41869223631942,4.040122120569623,0.614973369036047,1.1402120845199604,1.0196276135851998,0.1738201623880225
2.7011944483763424,10.117192236319418,3.7862121205696235,0.7299733690360455,1.0990130845199604,0.8603266135851998,0.26720416238802247
2.4076144483763424,10.37909223631942,3.7505121205696232,0.7299733690360455,1.0459130845199605,0.8951166135851998,0.28093716238802247
1.8958344483763425,10.343392236319417,3.7505121205696232,0.5038733690360466,1.0752090845199604,1.0745596135851998,0.16008716238802245
1.8561644483763424,10.529792236319416,3.5640421205696233,0.35307336903604636,0.9635150845199604,1.1999866135851998,0.3074871623880225
1.8561644483763424,10.529792236319416,3.5640421205696233,0.35307336903604636,0.9635150845199604,1.1999866135851998,0.3074871623880225
1.8204544483763425,10.192592236319417,3.274432120569623,0.011873369036045744,0.9873190845199603,1.0260366135851997,0.20677916238802252
1.6736644483763423,9.851392236319416,3.2347621205696235,0.17452663096395327,0.9992210845199604,0.9289906135851997,0.2543871623880225
1.6379644483763423,10.228292236319419,3.199052120569623,0.09912663096395491,1.0166160845199603,0.8877916135851998,0.2543871623880225
1.7847544483763422,10.56949223631942,3.1633521205696233,0.24992663096395518,1.0340110845199604,0.8465936135851998,0.2342451623880225
1.9315444483763424,10.831292236319417,2.9808521205696232,0.09912663096395491,0.9937270845199604,0.8044786135851998,0.2543871623880225
1.4554644483763424,10.946392236319419,3.0522621205696234,0.17452663096395327,1.0285180845199604,0.7211656135851998,0.2607951623880225
1.0865044483763424,11.16859223631942,3.016562120569623,0.13882663096395476,0.9635150845199604,0.7010246135851999,0.20037016238802247
1.2332944483763424,11.16859223631942,3.0879721205696233,0.011873369036045744,0.8811180845199603,0.8118036135851998,0.1939621623880225
1.6022544483763423,11.097192236319419,2.7586921205696235,0.162673369036046,0.8811180845199603,0.9015246135851998,0.27452816238802247
1.4554644483763424,11.394692236319418,3.1276421205696234,0.162673369036046,0.9049210845199603,0.9289906135851997,0.18663716238802247
1.4157944483763423,11.660492236319417,3.2347621205696235,0.162673369036046,1.0230240845199603,0.8951166135851998,0.2269211623880225
1.7093744483763422,11.771592236319417,3.274432120569623,0.3134733690360463,0.8930190845199604,1.0196276135851998,0.3010781623880225
1.8561644483763424,11.735892236319419,3.2347621205696235,0.35307336903604636,0.9818260845199603,0.9637806135851998,0.1802291623880225
2.078334448376342,11.922392236319418,3.603722120569623,0.4284733690360447,1.0047140845199602,0.8392696135851998,0.26720416238802247
2.2251244483763424,11.88659223631942,3.5640421205696233,0.5395733690360451,1.0642230845199605,0.7495476135851998,0.21410316238802252
2.2251244483763424,11.811292236319417,3.5640421205696233,0.5038733690360466,1.0578140845199604,0.9225816135851999,0.1939621623880225
2.2251244483763424,11.696192236319419,3.7862121205696235,0.35307336903604636,1.0697160845199605,1.0544176135852,0.28093716238802247
2.2251244483763424,11.696192236319419,4.226582120569623,0.1269733690360475,1.0871110845199605,1.0470936135851998,0.2342451623880225
2.5901144483763425,11.735892236319419,4.079792120569623,0.023826630963952766,1.0578140845199604,0.9573726135851999,0.21410316238802252
2.296534448376342,11.470092236319417,4.040122120569623,0.5117266309639525,1.0459130845199605,0.9775136135851998,0.2342451623880225
2.296534448376342,11.470092236319417,4.040122120569623,0.5117266309639525,1.0459130845199605,0.9775136135851998,0.2342451623880225
2.1140344483763425,11.319292236319416,3.9687121205696236,0.7022266309639544,1.0523210845199604,0.8804676135851999,0.22051216238802251
2.3719044483763425,11.243892236319418,3.7108321205696235,0.8133266309639531,1.0166160845199603,0.7358146135851997,0.20677916238802252
2.296534448376342,11.545492236319419,3.7862121205696235,0.9283266309639533,1.0642230845199605,0.6525016135851998,0.2543871623880225
2.078334448376342,11.922392236319418,3.8933321205696236,1.0394266309639537,0.9818260845199603,0.6799676135851997,0.2543871623880225
2.078334448376342,12.148492236319417,3.7505121205696232,1.0037266309639534,0.9873190845199603,0.6872916135851999,0.1738201623880225
2.1894144483763425,12.112792236319418,3.6394221205696233,1.0394266309639537,0.9580220845199604,0.6726436135851999,0.2873451623880225
2.078334448376342,12.073092236319418,3.6394221205696233,0.8529266309639532,0.9580220845199604,0.6726436135851999,0.2342451623880225
1.7847544483763422,12.263492236319419,3.4569321205696233,0.8133266309639531,0.9406270845199604,0.7495476135851998,0.21410316238802252
1.7093744483763422,12.374592236319419,3.274432120569623,0.5514266309639524,0.9113300845199603,0.7770136135851998,0.2607951623880225
1.6379644483763423,12.489692236319417,3.492632120569623,0.44032663096395197,0.9635150845199604,0.6726436135851999,0.1738201623880225
1.8204544483763425,12.711792236319418,3.2347621205696235,0.17452663096395327,1.0047140845199602,0.6589106135851999,0.2269211623880225
1.7093744483763422,12.711792236319418,3.5640421205696233,0.20237336903604586,1.0871110845199605,0.7907466135851998,0.24706216238802248
1.9315444483763424,12.676092236319416,3.603722120569623,0.5395733690360451,1.0166160845199603,0.8603266135851998,0.2607951623880225
2.078334448376342,12.636492236319416,3.5640421205696233,0.579273369036045,1.0230240845199603,0.8877916135851998,0.18663716238802247
1.9315444483763424,12.636492236319416,3.6394221205696233,0.6902733690360456,0.9525290845199603,0.9573726135851999,0.28093716238802247
2.0426244483763423,12.565092236319419,3.528342120569623,0.5038733690360466,0.9287250845199604,0.9921626135851997,0.2406541623880225
2.1140344483763425,12.489692236319417,3.417262120569623,0.4641733690360468,0.9406270845199604,1.0608266135851998,0.24706216238802248
2.078334448376342,12.636492236319416,3.5640421205696233,0.277673369036048,0.9754170845199603,1.0333606135851998,0.2543871623880225
1.8958344483763425,12.600792236319418,3.9330021205696237,0.05157336903604559,1.0752090845199604,1.0058946135851998,0.22051216238802251
2.078334448376342,12.263492236319419,3.8576221205696237,0.08727336903604765,1.0642230845199605,0.9015246135851998,0.2543871623880225
2.260824448376342,12.037392236319416,3.7108321205696235,0.09912663096395491,1.0285180845199604,0.7010246135851999,0.24706216238802248
2.1140344483763425,12.037392236319416,3.7108321205696235,0.2142266309639531,1.0697160845199605,0.6387686135851998,0.22051216238802251
1.8561644483763424,12.449992236319417,3.7862121205696235,0.44032663096395197,1.0230240845199603,0.7358146135851997,0.27452816238802247
1.7847544483763422,12.711792236319418,3.6394221205696233,0.5514266309639524,0.9168230845199603,0.8319446135851998,0.20677916238802252
1.6736644483763423,12.862592236319419,3.4569321205696233,0.5514266309639524,0.8811180845199603,0.8530016135851999,0.2342451623880225
1.8204544483763425,12.902292236319418,3.4569321205696233,0.5117266309639525,0.8875260845199604,0.8044786135851998,0.3010781623880225
1.9315444483763424,12.787192236319417,3.603722120569623,0.44032663096395197,0.9406270845199604,0.7284906135851998,0.1802291623880225
1.6736644483763423,12.751492236319418,3.603722120569623,0.4007266309639519,0.9699240845199604,0.7211656135851998,0.27452816238802247
1.5268744483763423,12.937992236319417,3.3101421205696235,0.06342663096395285,0.9461200845199603,0.7074336135851998,0.2269211623880225
1.4554644483763424,13.128392236319417,3.0522621205696234,0.05157336903604559,0.9937270845199604,0.6937006135851997,0.22051216238802251
1.3086744483763424,13.390192236319418,3.1276421205696234,0.011873369036045744,1.0340110845199604,0.6872916135851999,0.26720416238802247
1.1222144483763423,13.505292236319416,3.0522621205696234,0.20237336903604586,1.0816180845199603,0.7843376135851998,0.15367916238802248
1.2332944483763424,13.580692236319418,2.834062120569623,0.38877336903604487,1.0285180845199604,0.9088496135851998,0.26720416238802247
1.2690044483763423,13.580692236319418,2.9808521205696232,0.4641733690360468,1.0111220845199602,0.9152576135851997,0.2873451623880225
1.4157944483763423,13.505292236319416,3.199052120569623,0.38877336903604487,1.0459130845199605,0.8804676135851999,0.1939621623880225
1.6736644483763423,13.279192236319417,3.2347621205696235,0.5395733690360451,0.9406270845199604,0.8667346135851999,0.2406541623880225
1.5268744483763423,13.390192236319418,3.3815521205696233,0.579273369036045,0.9635150845199604,0.8465936135851998,0.20037016238802247
1.5625844483763422,13.505292236319416,3.492632120569623,0.5038733690360466,0.9580220845199604,0.8877916135851998,0.2269211623880225
1.7847544483763422,13.580692236319418,3.199052120569623,0.38877336903604487,0.9406270845199604,0.8667346135851999,0.22051216238802251
1.8204544483763425,13.806792236319417,3.0522621205696234,0.277673369036048,0.9699240845199604,0.8118036135851998,0.2269211623880225
1.4554644483763424,13.580692236319418,3.2347621205696235,0.162673369036046,1.0752090845199604,0.7696886135851998,0.22051216238802251
1.3086744483763424,13.390192236319418,3.603722120569623,0.08727336903604765,1.1228170845199603,0.7422236135851998,0.2342451623880225
1.8561644483763424,13.128392236319417,3.4569321205696233,0.162673369036046,1.0642230845199605,0.6937006135851997,0.20037016238802247
2.1497444483763424,13.239492236319418,3.3101421205696235,0.05157336903604559,1.0111220845199602,0.6726436135851999,0.2543871623880225
1.8204544483763425,13.731392236319419,3.603722120569623,0.011873369036045744,1.0459130845199605,0.6250356135851998,0.1738201623880225
1.5268744483763423,14.032892236319416,3.6751321205696232,0.023826630963952766,0.9287250845199604,0.6662346135851998,0.26720416238802247
1.6736644483763423,14.104392236319416,3.5640421205696233,0.05157336903604559,0.8344260845199604,0.7559566135851998,0.15367916238802248
1.9672444483763423,14.143992236319416,3.5640421205696233,0.23807336903604792,0.9287250845199604,0.7696886135851998,0.20037016238802247
2.002954448376342,14.104392236319416,3.7862121205696235,0.4284733690360447,0.9937270845199604,0.7074336135851998,0.2607951623880225
1.8561644483763424,14.104392236319416,3.8933321205696236,0.614973369036047,1.0871110845199605,0.6451776135851999,0.21410316238802252
1.8561644483763424,14.104392236319416,3.7862121205696235,0.7656733690360475,1.0340110845199604,0.7284906135851998,0.24706216238802248
2.1497444483763424,14.445492236319417,3.4569321205696233,0.7656733690360475,0.9754170845199603,0.8530016135851999,0.22051216238802251
1.9672444483763423,14.67169223631942,3.528342120569623,0.6902733690360456,0.9754170845199603,0.8877916135851998,0.2406541623880225
1.6022544483763423,14.63199223631942,3.7862121205696235,0.579273369036045,1.0166160845199603,0.8319446135851998,0.18663716238802247
1.6736644483763423,14.67169223631942,3.5640421205696233,0.579273369036045,0.9992210845199604,0.7495476135851998,0.2269211623880225
1.9315444483763424,14.556592236319418,3.274432120569623,0.6545733690360471,0.9113300845199603,0.7980706135851998,0.2543871623880225
1.8958344483763425,14.520892236319419,3.6751321205696232,0.579273369036045,1.0459130845199605,0.7843376135851998,0.20037016238802247
1.8204544483763425,14.48119223631942,3.7505121205696232,0.4284733690360447,1.1109150845199602,0.7010246135851999,0.27452816238802247
1.8204544483763425,14.445492236319417,3.492632120569623,0.3134733690360463,1.0578140845199604,0.7010246135851999,0.2406541623880225
1.7847544483763422,14.596292236319417,3.492632120569623,0.162673369036046,1.0697160845199605,0.8255366135851998,0.1738201623880225
1.7847544483763422,14.596292236319417,3.492632120569623,0.162673369036046,1.0697160845199605,0.8255366135851998,0.1738201623880225
1.7847544483763422,14.596292236319417,3.603722120569623,0.09912663096395491,1.0459130845199605,0.7980706135851998,0.3212201623880225
1.9315444483763424,14.67169223631942,3.1633521205696233,0.4007266309639519,1.0111220845199602,0.6525016135851998,0.24706216238802248
1.5625844483763422,14.294792236319417,3.0879721205696233,0.5514266309639524,1.0047140845199602,0.5902456135851998,0.1802291623880225
1.4554644483763424,13.731392236319419,3.5640421205696233,0.8886266309639534,0.9818260845199603,0.5691886135851998,0.21410316238802252
1.8958344483763425,13.616392236319417,3.1276421205696234,0.9283266309639533,0.9113300845199603,0.5133414135851998,0.1802291623880225
1.6379644483763423,14.104392236319416,3.1276421205696234,1.154426630963954,0.8930190845199604,0.4931998135851998,0.28093716238802247
1.2332944483763424,14.596292236319417,3.274432120569623,1.1148266309639538,0.9461200845199603,0.5133414135851998,0.1939621623880225
1.2332944483763424,14.596292236319417,3.274432120569623,1.1148266309639538,0.9461200845199603,0.5133414135851998,0.1939621623880225
1.4157944483763423,14.596292236319417,3.016562120569623,0.8133266309639531,0.8811180845199603,0.6387686135851998,0.2543871623880225
1.3443844483763423,14.556592236319418,3.3458421205696234,0.6268266309639543,0.9223160845199604,0.5069327135851998,0.20037016238802247
1.3443844483763423,14.556592236319418,3.3458421205696234,0.6268266309639543,0.9223160845199604,0.5069327135851998,0.20037016238802247
1.3800844483763424,14.596292236319417,3.4569321205696233,0.3650266309639534,0.9287250845199604,0.3613636135851998,0.2543871623880225
1.5625844483763422,14.63199223631942,3.3458421205696234,0.09912663096395491,0.9406270845199604,0.4025626135851998,0.2269211623880225
1.7093744483763422,14.707392236319418,3.1276421205696234,0.06342663096395285,0.9287250845199604,0.5902456135851998,0.26720416238802247
1.4554644483763424,15.234992236319417,3.199052120569623,0.09912663096395491,0.9873190845199603,0.7495476135851998,0.2342451623880225
0.9754244483763423,15.500792236319416,3.3458421205696234,0.05157336903604559,1.0404190845199603,0.7980706135851998,0.2269211623880225
1.1975944483763423,15.425492236319418,3.1276421205696234,0.277673369036048,0.9525290845199603,0.6589106135851999,0.27452816238802247
1.6022544483763423,15.234992236319417,2.798362120569623,0.5395733690360451,0.8399190845199603,0.6314446135851999,0.22051216238802251
1.2690044483763423,15.274692236319417,3.2347621205696235,0.614973369036047,0.9461200845199603,0.6799676135851997,0.20677916238802252
0.9754244483763423,15.425492236319418,3.492632120569623,0.5395733690360451,1.0047140845199602,0.6662346135851998,0.2406541623880225
1.4157944483763423,15.31039223631942,3.0879721205696233,0.614973369036047,0.8875260845199604,0.6872916135851999,0.2269211623880225
1.6736644483763423,15.500792236319416,2.941182120569623,0.5395733690360451,0.9461200845199603,0.7358146135851997,0.22051216238802251
1.3443844483763423,15.647592236319419,3.274432120569623,0.35307336903604636,1.0166160845199603,0.7010246135851999,0.26720416238802247
1.1975944483763423,15.576192236319418,3.1276421205696234,0.162673369036046,0.9992210845199604,0.6387686135851998,0.2342451623880225
1.2690044483763423,15.536492236319418,2.7586921205696235,0.011873369036045744,0.9525290845199603,0.6937006135851997,0.2406541623880225
1.2332944483763424,15.274692236319417,2.834062120569623,0.13882663096395476,1.0230240845199603,0.6525016135851998,0.21410316238802252
1.0508044483763423,14.897792236319418,3.3458421205696234,0.289626630963955,1.0578140845199604,0.5343985135851999,0.2873451623880225
1.1975944483763423,14.707392236319418,3.3101421205696235,0.4007266309639519,1.0523210845199604,0.4510855135851998,0.18663716238802247
1.4911744483763423,14.747092236319418,2.798362120569623,0.5514266309639524,0.8811180845199603,0.4794669135851998,0.24706216238802248
1.2690044483763423,15.199292236319419,3.016562120569623,0.737926630963953,0.8399190845199603,0.4996085135851998,0.28093716238802247
0.9397144483763424,15.611892236319417,3.016562120569623,0.9640266309639536,0.8701310845199604,0.5554556135851998,0.1939621623880225
0.9397144483763424,15.576192236319418,2.722982120569623,1.0037266309639534,0.7694230845199603,0.6250356135851998,0.2607951623880225
1.0865044483763424,15.35009223631942,2.6118981205696232,0.8886266309639534,0.8106220845199603,0.5765126135851998,0.21410316238802252
1.0865044483763424,15.234992236319417,2.941182120569623,0.6625266309639528,0.8701310845199604,0.4172110135851998,0.22051216238802251
1.2332944483763424,15.199292236319419,3.1276421205696234,0.5117266309639525,0.9699240845199604,0.23685261358519982,0.2607951623880225
1.4157944483763423,15.425492236319418,3.0879721205696233,0.3650266309639534,0.8930190845199604,0.29910761358519977,0.20677916238802252
1.3800844483763424,15.798392236319419,2.941182120569623,0.289626630963955,0.8875260845199604,0.5417227135851999,0.24706216238802248
1.2690044483763423,16.099892236319416,3.199052120569623,0.17452663096395327,0.9342180845199604,0.6726436135851999,0.2543871623880225
1.2332944483763424,16.175292236319418,3.3101421205696235,0.17452663096395327,0.9818260845199603,0.6250356135851998,0.21410316238802252
1.4911744483763423,16.175292236319418,3.0522621205696234,0.1269733690360475,0.9580220845199604,0.5829216135851998,0.24706216238802248
1.4554644483763424,15.94909223631942,3.0522621205696234,0.4641733690360468,0.9873190845199603,0.6589106135851999,0.20677916238802252
1.2690044483763423,15.838092236319419,3.3815521205696233,0.6545733690360471,1.1402120845199604,0.6726436135851999,0.26720416238802247
1.5625844483763422,15.98879223631942,3.417262120569623,0.614973369036047,1.1228170845199603,0.6250356135851998,0.2543871623880225
1.6736644483763423,16.099892236319416,3.274432120569623,0.6902733690360456,1.0404190845199603,0.6177116135851998,0.20037016238802247
1.5625844483763422,16.36569223631942,3.3815521205696233,0.7299733690360455,0.9873190845199603,0.6937006135851997,0.2543871623880225
1.5268744483763423,16.441092236319417,3.417262120569623,0.7299733690360455,0.9113300845199603,0.7358146135851997,0.22051216238802251
1.6379644483763423,16.401392236319417,2.941182120569623,0.5395733690360451,0.8811180845199603,0.7696886135851998,0.20677916238802252
1.3800844483763424,16.290292236319416,2.834062120569623,0.35307336903604636,0.8994280845199604,0.7211656135851998,0.18663716238802247
0.9040144483763424,16.250692236319416,2.9808521205696232,0.20237336903604586,0.9818260845199603,0.6589106135851999,0.2269211623880225
0.9040144483763424,16.250692236319416,2.9808521205696232,0.20237336903604586,0.9818260845199603,0.6589106135851999,0.2269211623880225
0.8643444483763423,15.798392236319419,3.199052120569623,0.08727336903604765,0.9699240845199604,0.5966546135851998,0.26720416238802247
1.2332944483763424,15.461192236319416,2.6872771205696235,0.09912663096395491,0.9113300845199603,0.4721426635851998,0.1738201623880225
0.8643444483763423,15.425492236319418,2.8697721205696234,0.5871266309639545,0.9525290845199603,0.4584097535851998,0.2406541623880225
0.6461404483763422,15.762692236319417,2.798362120569623,0.777526630963953,0.8756240845199603,0.5966546135851998,0.24706216238802248
0.6461404483763422,15.762692236319417,2.798362120569623,0.777526630963953,0.8756240845199603,0.5966546135851998,0.24706216238802248
0.8286344483763424,15.838092236319419,2.465109120569623,0.9283266309639533,0.8225240845199604,0.6525016135851998,0.2406541623880225
0.7572244483763422,15.838092236319419,2.5404871205696233,0.9283266309639533,0.8756240845199603,0.5343985135851999,0.24706216238802248
0.7175514483763423,15.687292236319418,2.6872771205696235,0.9283266309639533,0.9049210845199603,0.3128406135851998,0.22051216238802251
0.9397144483763424,15.536492236319418,2.6515711205696233,0.777526630963953,0.9699240845199604,0.18832961358519978,0.2406541623880225
1.1975944483763423,15.461192236319416,2.5047821205696232,0.7022266309639544,0.9461200845199603,0.29910761358519977,0.2342451623880225
0.9754244483763423,15.762692236319417,2.5404871205696233,0.777526630963953,0.9992210845199604,0.4721426635851998,0.2342451623880225
0.6818454483763423,16.099892236319416,3.1276421205696234,0.8529266309639532,1.0404190845199603,0.5206656135851998,0.26720416238802247
0.9397144483763424,16.32599223631942,2.8697721205696234,0.8133266309639531,0.8811180845199603,0.4584097535851998,0.21410316238802252
1.1579244483763422,16.441092236319417,2.576193120569623,0.5871266309639545,0.7282250845199604,0.43735261358519983,0.24706216238802248
1.0865044483763424,16.36569223631942,2.9808521205696232,0.3650266309639534,0.8637230845199604,0.5133414135851998,0.21410316238802252
1.0508044483763423,16.401392236319417,3.274432120569623,0.24992663096395518,0.9937270845199604,0.5765126135851998,0.21410316238802252
1.3086744483763424,16.36569223631942,2.9808521205696232,0.011873369036045744,0.9754170845199603,0.5902456135851998,0.2269211623880225
1.5268744483763423,16.47679223631942,2.8697721205696234,0.1269733690360475,0.9406270845199604,0.5691886135851998,0.20677916238802252
1.3443844483763423,16.702892236319418,3.2347621205696235,0.1269733690360475,0.9461200845199603,0.44467681358519984,0.27452816238802247
1.1222144483763423,17.00439223631942,3.1633521205696233,0.1269733690360475,0.9113300845199603,0.4510855135851998,0.22051216238802251
1.0865044483763424,16.929092236319416,2.7586921205696235,0.1269733690360475,0.8399190845199603,0.6314446135851999,0.22051216238802251
1.0111344483763423,17.00439223631942,2.6515711205696233,0.06342663096395285,0.9580220845199604,0.7211656135851998,0.2342451623880225
0.7929294483763423,16.929092236319416,3.0522621205696234,0.09912663096395491,1.0578140845199604,0.6451776135851999,0.27452816238802247
1.2332944483763424,16.62759223631942,2.2112021205696233,0.06342663096395285,0.8875260845199604,0.3613636135851998,0.2269211623880225
0.6461404483763422,16.401392236319417,2.722982120569623,0.289626630963955,0.9223160845199604,0.3613636135851998,0.26720416238802247
0.7572244483763422,16.290292236319416,2.465109120569623,0.47602663096395403,0.8701310845199604,0.4025626135851998,0.1939621623880225
0.7572244483763422,16.139592236319416,2.3222861205696232,0.5871266309639545,0.8582290845199604,0.4794669135851998,0.2342451623880225
0.5707614483763424,16.47679223631942,2.465109120569623,0.777526630963953,0.8170310845199604,0.5481314135851998,0.2269211623880225
0.6461404483763422,16.702892236319418,2.465109120569623,0.777526630963953,0.8518210845199604,0.5206656135851998,0.2269211623880225
0.7572244483763422,16.591792236319417,2.175497120569623,0.777526630963953,0.7932270845199604,0.4584097535851998,0.2406541623880225
0.6461404483763422,16.441092236319417,1.9533291205696233,0.6625266309639528,0.8637230845199604,0.3961539135851998,0.2269211623880225
0.4636454483763423,16.47679223631942,2.5404871205696233,0.5871266309639545,0.9699240845199604,0.3824210135851998,0.2607951623880225
0.6461404483763422,16.591792236319417,2.5404871205696233,0.5871266309639545,1.0285180845199604,0.3540396135851998,0.20037016238802247
1.0111344483763423,16.81799223631942,2.3222861205696232,0.5871266309639545,0.8811180845199603,0.3128406135851998,0.2543871623880225
0.9754244483763423,16.968692236319416,2.5404871205696233,0.5514266309639524,0.9223160845199604,0.30551661358519977,0.2406541623880225
1.1222144483763423,17.341692236319417,2.9054821205696233,0.3650266309639534,0.9635150845199604,0.44467681358519984,0.26720416238802247
1.1222144483763423,17.341692236319417,2.9054821205696233,0.3650266309639534,0.9635150845199604,0.44467681358519984,0.26720416238802247
1.1975944483763423,17.26629223631942,2.941182120569623,0.06342663096395285,1.0166160845199603,0.4996085135851998,0.2406541623880225
1.1222144483763423,17.26629223631942,2.941182120569623,0.09912663096395491,1.0642230845199605,0.3961539135851998,0.28093716238802247
1.3086744483763424,17.416992236319416,2.6515711205696233,0.1269733690360475,0.9406270845199604,0.4309439135851998,0.18663716238802247
1.0865044483763424,17.492392236319418,2.576193120569623,0.08727336903604765,0.9699240845199604,0.5554556135851998,0.21410316238802252
0.6104344483763422,17.718592236319417,2.9808521205696232,0.162673369036046,0.9873190845199603,0.5829216135851998,0.2607951623880225
0.7175514483763423,17.64319223631942,2.834062120569623,0.23807336903604792,0.9992210845199604,0.5279898135851998,0.2406541623880225
1.2332944483763424,17.64319223631942,2.175497120569623,0.3134733690360463,0.8399190845199603,0.43735261358519983,0.2406541623880225
0.8286344483763424,17.64319223631942,2.175497120569623,0.4284733690360447,0.8518210845199604,0.3686881135851998,0.2269211623880225
0.24147744837634227,17.718592236319417,2.4294031205696234,0.38877336903604487,0.9168230845199603,0.4510855135851998,0.2543871623880225
0.24147744837634227,17.64319223631942,2.175497120569623,0.162673369036046,0.8289330845199603,0.5966546135851998,0.20677916238802252
0.4993504483763423,17.532092236319418,1.8065395205696233,0.05157336903604559,0.7639300845199604,0.5481314135851998,0.20677916238802252
0.42397244837634224,17.26629223631942,2.0287071205696234,0.06342663096395285,0.7813250845199604,0.3961539135851998,0.27452816238802247
0.17006644837634227,17.11549223631942,2.3222861205696232,0.32532663096395353,0.8637230845199604,0.3338976135851998,0.2342451623880225
0.3882664483763422,16.968692236319416,2.0287071205696234,0.44032663096395197,0.7877340845199603,0.44467681358519984,0.24706216238802248
0.6461404483763422,16.742592236319418,1.4415491205696234,0.6268266309639543,0.7639300845199604,0.5618643135851998,0.26720416238802247
0.13039344837634226,16.893392236319418,2.2112021205696233,0.8886266309639534,0.9223160845199604,0.4794669135851998,0.24706216238802248
0.05210155162365773,17.190892236319417,2.3222861205696232,1.0791266309639536,0.9461200845199603,0.23685261358519982,0.26720416238802247
0.5707614483763424,17.26629223631942,1.6994228205696233,1.0394266309639537,0.7987200845199603,0.1947376135851998,0.2342451623880225
0.7572244483763422,17.04409223631942,1.8462121205696234,1.0037266309639534,0.8518210845199604,0.2157946135851998,0.2406541623880225
0.4636454483763423,17.04409223631942,2.7586921205696235,1.0791266309639536,0.9699240845199604,0.2643176135851998,0.3138961623880225
0.7929294483763423,16.893392236319418,2.834062120569623,1.0791266309639536,0.9818260845199603,0.2853746135851998,0.2406541623880225
1.2690044483763423,17.04409223631942,2.5047821205696232,0.9640266309639536,0.8875260845199604,0.3338976135851998,0.2406541623880225
1.0508044483763423,17.30599223631942,2.7586921205696235,0.8886266309639534,0.8994280845199604,0.3403066135851998,0.22051216238802251
1.0508044483763423,17.30599223631942,2.7586921205696235,0.8886266309639534,0.8994280845199604,0.3403066135851998,0.22051216238802251
0.7929294483763423,17.607492236319416,2.9054821205696233,0.8886266309639534,0.9635150845199604,0.3686881135851998,0.2406541623880225
0.9397144483763424,17.64319223631942,2.3936981205696233,0.7022266309639544,0.8994280845199604,0.4584097535851998,0.2946701623880225
1.0111344483763423,17.68279223631942,2.135824120569623,0.47602663096395403,0.9168230845199603,0.4584097535851998,0.1939621623880225
0.6818454483763423,17.607492236319416,2.6118981205696232,0.289626630963955,1.0340110845199604,0.3888297135851998,0.2406541623880225
0.6818454483763423,17.68279223631942,2.9054821205696233,0.17452663096395327,1.1054220845199603,0.29910761358519977,0.22051216238802251
1.0865044483763424,17.718592236319417,2.3222861205696232,0.06342663096395285,0.9525290845199603,0.2780506135851998,0.22051216238802251
0.9040144483763424,17.98439223631942,2.1001181205696233,0.09912663096395491,0.8994280845199604,0.29910761358519977,0.26720416238802247
0.20577144837634226,18.436592236319417,2.175497120569623,0.17452663096395327,0.9223160845199604,0.4584097535851998,0.2342451623880225
0.3882664483763422,18.436592236319417,1.7351283205696233,0.06342663096395285,0.8930190845199604,0.5279898135851998,0.16008716238802245
0.31685544837634233,18.321592236319418,1.7351283205696233,0.13882663096395476,0.8701310845199604,0.5481314135851998,0.2543871623880225
0.31685544837634233,18.170792236319418,1.8819181205696234,0.17452663096395327,0.9287250845199604,0.2295276135851998,0.1664961623880225
0.42397244837634224,18.020092236319417,1.4772551205696234,0.24992663096395518,0.8225240845199604,0.2020616135851998,0.2269211623880225
0.016396551623657718,18.210492236319418,1.9533291205696233,0.44032663096395197,0.8106220845199603,0.2569936135851998,0.2269211623880225
0.0946874483763423,18.020092236319417,1.9176231205696233,0.6268266309639543,0.8170310845199604,0.29910761358519977,0.22051216238802251
0.42397244837634224,17.718592236319417,1.6240443205696233,0.737926630963953,0.6989280845199604,0.3128406135851998,0.2342451623880225
0.27718244837634226,17.45669223631942,1.5883391205696233,1.0037266309639534,0.7575210845199604,0.2295276135851998,0.1939621623880225
0.24147744837634227,17.381292236319418,1.9890341205696234,1.1148266309639538,0.7987200845199603,0.2643176135851998,0.28093716238802247
0.4993504483763423,17.190892236319417,2.0644131205696232,1.229826630963954,0.8930190845199604,0.3750968135851998,0.18663716238802247
0.7175514483763423,17.341692236319417,2.0287071205696234,1.4560266309639545,0.9873190845199603,0.4025626135851998,0.18663716238802247
0.6104344483763422,17.607492236319416,2.2112021205696233,1.491726630963953,1.0523210845199604,0.3540396135851998,0.28093716238802247
0.4993504483763423,17.64319223631942,2.246908120569623,1.3806266309639543,1.1109150845199602,0.2231196135851998,0.20677916238802252
0.6104344483763422,17.567792236319416,1.9890341205696234,1.1901266309639542,1.0642230845199605,0.08395861358519979,0.2406541623880225
0.5350564483763423,17.567792236319416,1.9533291205696233,1.154426630963954,1.0752090845199604,0.042760613585199836,0.26720416238802247
0.35256144837634223,17.68279223631942,2.2826141205696233,1.154426630963954,1.0990130845199604,0.1608636135851998,0.21410316238802252
0.4636454483763423,17.68279223631942,2.2826141205696233,1.0394266309639537,1.1347190845199604,0.29910761358519977,0.2269211623880225
0.6461404483763422,18.246192236319416,1.7708339205696233,0.7022266309639544,0.8463280845199603,0.2295276135851998,0.26720416238802247
0.0946874483763423,18.436592236319417,1.8819181205696234,0.5117266309639525,0.8289330845199603,0.2505846135851998,0.20677916238802252
0.16318595162365773,18.361292236319418,1.7708339205696233,0.24992663096395518,0.7282250845199604,0.3888297135851998,0.2406541623880225
0.058982448376342256,18.396992236319416,1.4415491205696234,0.13882663096395476,0.7401260845199604,0.4309439135851998,0.2342451623880225
0.058982448376342256,18.396992236319416,1.4415491205696234,0.13882663096395476,0.7401260845199604,0.4309439135851998,0.2342451623880225
0.058982448376342256,18.47229223631942,1.4415491205696234,0.1269733690360475,0.8811180845199603,0.3540396135851998,0.20037016238802247
0.16318595162365773,18.73419223631942,1.6240443205696233,0.20237336903604586,1.0752090845199604,0.20938661358519983,0.2607951623880225
0.05210155162365773,18.960292236319418,1.3701381205696233,0.23807336903604792,1.0459130845199605,0.2643176135851998,0.24706216238802248
0.0946874483763423,18.884892236319416,0.9654751205696233,0.05157336903604559,0.9580220845199604,0.44467681358519984,0.2406541623880225
0.23459705162365774,18.960292236319418,1.5883391205696233,0.09912663096395491,0.9754170845199603,0.4794669135851998,0.2607951623880225
0.45676555162365773,18.849192236319418,1.6597499205696233,0.32532663096395353,0.8756240845199603,0.3403066135851998,0.2543871623880225
0.19889152162365772,18.62309223631942,1.3701381205696233,0.4007266309639519,0.8051290845199603,0.2295276135851998,0.24706216238802248
0.27718244837634226,18.51199223631942,1.3304651205696234,0.5514266309639524,0.7575210845199604,0.1608636135851998,0.2269211623880225
0.31685544837634233,18.51199223631942,1.7708339205696233,0.8529266309639532,0.7465350845199603,0.2157946135851998,0.2342451623880225
0.13039344837634226,18.396992236319416,1.9176231205696233,1.0791266309639536,0.8930190845199604,0.2643176135851998,0.24706216238802248
0.5350564483763423,18.246192236319416,1.7351283205696233,1.3409266309639545,0.7877340845199603,0.2780506135851998,0.22051216238802251
0.4636454483763423,18.095392236319416,2.2112021205696233,1.5670266309639533,0.8463280845199603,0.08395861358519979,0.2607951623880225
0.7175514483763423,17.341692236319417,1.8819181205696234,1.7178266309639536,0.8811180845199603,0.18832961358519978,0.2543871623880225
0.6104344483763422,17.30599223631942,2.3222861205696232,1.8328266309639538,1.0642230845199605,0.24326061358519982,0.20677916238802252
0.4993504483763423,17.190892236319417,2.357992120569623,1.8328266309639538,1.1759170845199605,0.18832961358519978,0.22051216238802251
0.7929294483763423,17.15519223631942,1.9176231205696233,1.7178266309639536,1.0816180845199603,0.1745966135851998,0.28093716238802247
0.7175514483763423,17.532092236319418,1.6994228205696233,1.4560266309639545,1.0642230845199605,0.1947376135851998,0.20037016238802247
0.27718244837634226,17.758192236319417,1.9176231205696233,1.4560266309639545,1.0340110845199604,0.2853746135851998,0.28093716238802247
0.0946874483763423,17.758192236319417,1.9176231205696233,1.2655266309639543,0.9873190845199603,0.29910761358519977,0.27452816238802247
0.27718244837634226,17.567792236319416,1.6597499205696233,1.0037266309639534,0.9754170845199603,0.1745966135851998,0.15367916238802248
0.17006644837634227,18.059692236319417,1.6597499205696233,0.7022266309639544,0.9818260845199603,0.005762386414800202,0.2543871623880225
0.023276448376342268,18.321592236319418,1.4058441205696233,0.6268266309639543,0.8875260845199604,0.1745966135851998,0.22051216238802251
0.05210155162365773,18.51199223631942,1.2947601205696233,0.8133266309639531,0.8225240845199604,0.3540396135851998,0.18663716238802247
0.08780755162365772,18.809592236319418,1.1836761205696233,0.5871266309639545,0.7813250845199604,0.2505846135851998,0.2342451623880225
0.016396551623657718,18.77389223631942,1.4058441205696233,0.5514266309639524,0.8582290845199604,0.09769161358519979,0.1939621623880225
0.016396551623657718,18.77389223631942,1.4772551205696234,0.5871266309639545,0.8463280845199603,0.1398066135851998,0.28093716238802247
0.0946874483763423,18.658792236319417,1.4772551205696234,0.5514266309639524,0.8875260845199604,0.23685261358519982,0.2342451623880225
0.17006644837634227,18.73419223631942,1.5883391205696233,0.7022266309639544,1.0230240845199603,0.2231196135851998,0.1802291623880225
0.13039344837634226,18.809592236319418,1.4415491205696234,0.777526630963953,0.9992210845199604,0.11874861358519984,0.26720416238802247
0.08780755162365772,18.849192236319418,1.3304651205696234,0.8886266309639534,1.0166160845199603,0.1260736135851998,0.22051216238802251
0.05210155162365773,18.77389223631942,1.1479701205696233,0.9640266309639536,0.9699240845199604,0.2716426135851998,0.2269211623880225
0.023276448376342268,18.849192236319418,1.1836761205696233,1.154426630963954,0.9818260845199603,0.3128406135851998,0.2342451623880225
0.05210155162365773,18.809592236319418,1.3701381205696233,1.229826630963954,0.9992210845199604,0.2157946135851998,0.20037016238802247
0.023276448376342268,18.658792236319417,1.6597499205696233,1.2655266309639543,0.9699240845199604,0.06381761358519983,0.2342451623880225
0.17006644837634227,18.51199223631942,1.4415491205696234,1.229826630963954,0.8582290845199604,0.0015616135851997948,0.2269211623880225
0.24147744837634227,18.58339223631942,1.3701381205696233,1.229826630963954,0.7758320845199604,0.05649361358519983,0.2406541623880225
0.19889152162365772,18.849192236319418,1.3304651205696234,1.3052266309639542,0.8463280845199603,0.2780506135851998,0.2269211623880225
0.19889152162365772,18.849192236319418,1.0765591205696232,1.1901266309639542,0.8930190845199604,0.2917836135851998,0.22051216238802251
0.19889152162365772,18.809592236319418,1.0011801205696234,1.0394266309639537,0.9342180845199604,0.2157946135851998,0.2406541623880225
0.38138655162365775,18.51199223631942,1.0765591205696232,0.8529266309639532,0.9525290845199603,0.13248161358519983,0.2269211623880225
0.30997555162365775,18.210492236319418,0.6718921205696233,0.5117266309639525,0.9406270845199604,0.2295276135851998,0.18663716238802247
0.38138655162365775,18.210492236319418,0.7829801205696233,0.5871266309639545,0.9699240845199604,0.2716426135851998,0.24706216238802248
0.45676555162365773,18.321592236319418,0.7472741205696233,0.7022266309639544,0.8518210845199604,0.2505846135851998,0.2342451623880225
0.5638815516236577,18.396992236319416,0.8543911205696233,0.777526630963953,0.7987200845199603,0.2157946135851998,0.1738201623880225
0.45676555162365773,18.547692236319417,0.8940641205696233,0.8886266309639534,0.7053360845199603,0.23685261358519982,0.22051216238802251
0.45676555162365773,18.547692236319417,0.8940641205696233,0.8886266309639534,0.7053360845199603,0.23685261358519982,0.22051216238802251
0.08780755162365772,18.547692236319417,0.7829801205696233,0.9283266309639533,0.5991350845199603,0.2643176135851998,0.20677916238802252
0.0946874483763423,18.47229223631942,1.0011801205696234,1.0394266309639537,0.7401260845199604,0.1745966135851998,0.1664961623880225
0.08780755162365772,18.361292236319418,1.2233481205696233,1.229826630963954,0.9113300845199603,0.019495386414800198,0.1939621623880225
0.13039344837634226,18.51199223631942,1.0368861205696231,1.3409266309639545,0.8756240845199603,0.07755061358519982,0.2269211623880225
0.0946874483763423,18.809592236319418,0.9297691205696232,1.531326630963953,0.8994280845199604,0.1398066135851998,0.2342451623880225
0.08780755162365772,18.924592236319416,1.1122641205696233,1.6067266309639532,0.9699240845199604,0.1398066135851998,0.2269211623880225
0.3882664483763422,18.698492236319417,1.1479701205696233,1.491726630963953,0.9818260845199603,0.07755061358519982,0.2406541623880225
0.0946874483763423,18.658792236319417,1.6240443205696233,1.2655266309639543,1.0047140845199602,0.01529461358519979,0.2406541623880225
0.058982448376342256,18.77389223631942,1.5129601205696233,1.3052266309639542,0.9635150845199604,0.05649361358519983,0.1802291623880225
0.24147744837634227,18.960292236319418,1.3304651205696234,1.1148266309639538,0.9049210845199603,0.1260736135851998,0.24706216238802248
0.023276448376342268,18.999992236319418,1.2947601205696233,1.154426630963954,0.9406270845199604,0.1398066135851998,0.24706216238802248
0.05210155162365773,19.15069223631942,1.1836761205696233,1.1148266309639538,0.9818260845199603,0.1535396135851998,0.21410316238802252
0.05210155162365773,19.15069223631942,1.1836761205696233,1.1148266309639538,0.9818260845199603,0.1535396135851998,0.21410316238802252
0.023276448376342268,19.186392236319417,0.9297691205696232,1.0037266309639534,0.9699240845199604,0.2917836135851998,0.24706216238802248
0.023276448376342268,19.186392236319417,0.9297691205696232,1.0037266309639534,0.9699240845199604,0.2917836135851998,0.24706216238802248
0.16318595162365773,19.26179223631942,1.1479701205696233,1.0037266309639534,0.9754170845199603,0.1745966135851998,0.1939621623880225
0.12351305162365772,19.376892236319417,1.0011801205696234,1.0791266309639536,0.9406270845199604,0.005762386414800202,0.2342451623880225
0.12351305162365772,19.376892236319417,0.8543911205696233,1.0791266309639536,0.7932270845199604,0.06160938641480024,0.20677916238802252
0.23459705162365774,19.376892236319417,1.0368861205696231,1.3409266309639545,0.8225240845199604,0.1398066135851998,0.26720416238802247
0.23459705162365774,19.376892236319417,1.0368861205696231,1.3409266309639545,0.8225240845199604,0.1398066135851998,0.26720416238802247
0.05210155162365773,19.337192236319417,0.7076021205696232,1.6067266309639532,0.9113300845199603,0.11874861358519984,0.2543871623880225
0.19889152162365772,19.15069223631942,0.7829801205696233,1.6821266309639533,0.9168230845199603,0.06160938641480024,0.24706216238802248
0.45676555162365773,18.47229223631942,0.7472741205696233,1.7575266309639535,0.9525290845199603,0.040552386414800135,0.2342451623880225
0.4924705516236577,18.170792236319418,0.6004821205696234,1.8328266309639538,0.9818260845199603,0.06381761358519983,0.1939621623880225
0.4924705516236577,17.758192236319417,0.5251021205696234,1.9796266309639527,0.9992210845199604,0.05649361358519983,0.21410316238802252
0.6035545516236578,17.758192236319417,0.6718921205696233,2.170126630963953,0.9992210845199604,0.007970613585199793,0.2269211623880225
0.4924705516236577,17.607492236319416,0.3783121205696234,2.2454266309639532,0.8170310845199604,0.03543661358519978,0.20677916238802252
0.4170925516236577,17.492392236319418,0.27120212056962334,2.205826630963953,0.7163230845199604,0.1260736135851998,0.21410316238802252
0.7106715516236577,17.381292236319418,0.4536921205696234,2.2454266309639532,0.8170310845199604,0.14621461358519983,0.18663716238802247
0.8217555516236577,17.45669223631942,0.5251021205696234,2.205826630963953,0.8289330845199603,0.11234061358519981,0.20037016238802247
0.6749655516236577,17.567792236319416,0.4536921205696234,1.9796266309639527,0.8399190845199603,0.029027613585199785,0.2269211623880225
0.5638815516236577,17.718592236319417,0.3783121205696234,1.7932266309639537,0.8225240845199604,0.07534238641480023,0.1664961623880225
0.6392605516236578,18.095392236319416,0.5251021205696234,1.7575266309639535,0.8930190845199604,0.1375983864148002,0.1939621623880225
0.7106715516236577,18.246192236319416,0.4536921205696234,1.6067266309639532,0.9525290845199603,0.0130863864148002,0.2342451623880225
0.5281765516236577,18.51199223631942,0.4179921205696233,1.531326630963953,0.9754170845199603,0.18832961358519978,0.18663716238802247
0.4170925516236577,18.62309223631942,0.04903212056962336,1.3806266309639543,0.9580220845199604,0.2157946135851998,0.22051216238802251
0.7503445516236578,18.849192236319418,0.3783121205696234,1.1901266309639542,0.8994280845199604,0.13248161358519983,0.2342451623880225
0.45676555162365773,19.186392236319417,0.4179921205696233,1.154426630963954,0.6815330845199603,0.09769161358519979,0.2406541623880225
0.16318595162365773,19.186392236319417,0.3069021205696232,1.229826630963954,0.6577290845199604,0.1535396135851998,0.20037016238802247
0.30997555162365775,19.11109223631942,0.8186851205696233,1.3806266309639543,0.8289330845199603,0.06801838641480024,0.2342451623880225
0.16318595162365773,19.075392236319416,0.6004821205696234,1.4560266309639545,0.8463280845199603,0.05428538641480024,0.18663716238802247
0.16318595162365773,19.11109223631942,0.4179921205696233,1.5670266309639533,0.9049210845199603,0.042760613585199836,0.20677916238802252
0.16318595162365773,19.11109223631942,0.4179921205696233,1.5670266309639533,0.9049210845199603,0.042760613585199836,0.20677916238802252
0.4924705516236577,19.26179223631942,0.5608121205696233,1.9043266309639542,1.0047140845199602,0.10501661358519981,0.2406541623880225
0.4924705516236577,19.226092236319417,0.5251021205696234,1.9796266309639527,1.0285180845199604,0.14621461358519983,0.2342451623880225
0.45676555162365773,19.075392236319416,0.7472741205696233,2.170126630963953,1.0230240845199603,0.05649361358519983,0.2342451623880225
0.30997555162365775,18.924592236319416,0.6004821205696234,2.170126630963953,0.9992210845199604,0.05428538641480024,0.20677916238802252
0.16318595162365773,18.849192236319418,0.4179921205696233,2.2454266309639532,0.9580220845199604,0.046961386414800244,0.20677916238802252
0.4170925516236577,18.849192236319418,0.6004821205696234,2.205826630963953,1.0166160845199603,0.019495386414800198,0.20677916238802252
0.7503445516236578,18.999992236319418,0.6718921205696233,2.130426630963953,0.9699240845199604,0.01529461358519979,0.2406541623880225
0.38138655162365775,19.035692236319417,0.4536921205696234,2.055026630963953,0.9113300845199603,0.0130863864148002,0.22051216238802251
0.23459705162365774,19.15069223631942,0.4179921205696233,1.9439266309639542,0.8463280845199603,0.06801838641480024,0.20677916238802252
0.27030265162365774,19.186392236319417,0.5251021205696234,1.8328266309639538,0.8225240845199604,0.11013238641480022,0.18663716238802247
0.4170925516236577,18.960292236319418,0.7472741205696233,1.6424266309639535,0.8463280845199603,0.18100461358519981,0.21410316238802252
0.016396551623657718,19.035692236319417,0.3783121205696234,1.5670266309639533,0.8051290845199603,0.1608636135851998,0.1738201623880225
0.19889152162365772,19.15069223631942,0.4179921205696233,1.491726630963953,0.8106220845199603,0.005762386414800202,0.2543871623880225
0.5638815516236577,19.11109223631942,0.7829801205696233,1.5670266309639533,0.9992210845199604,0.10280838641480022,0.1939621623880225
0.38138655162365775,18.924592236319416,0.6004821205696234,1.6424266309639535,0.9525290845199603,0.03543661358519978,0.20037016238802247
0.058982448376342256,18.73419223631942,0.3069021205696232,1.6821266309639533,0.8994280845199604,0.18832961358519978,0.22051216238802251
0.023276448376342268,18.547692236319417,0.6361921205696233,1.8686266309639539,0.9635150845199604,0.11234061358519981,0.20677916238802252
0.27030265162365774,18.396992236319416,0.8186851205696233,1.9439266309639542,0.9699240845199604,0.11654138641480022,0.2406541623880225
0.38138655162365775,18.210492236319418,0.5608121205696233,2.130426630963953,0.9287250845199604,0.1998543864148002,0.2406541623880225
0.23459705162365774,17.98439223631942,0.1601121205696232,2.170126630963953,0.8225240845199604,0.08175138641480023,0.20037016238802247
0.4170925516236577,17.98439223631942,0.01332212056962323,2.3962266309639535,0.8399190845199603,0.007970613585199793,0.21410316238802252
0.8217555516236577,17.869292236319417,0.3069021205696232,2.431926630963954,0.8875260845199604,0.06381761358519983,0.2269211623880225
0.8217555516236577,17.64319223631942,0.19582212056962334,2.582726630963954,0.8701310845199604,0.06381761358519983,0.1939621623880225
0.5281765516236577,17.64319223631942,0.1691678794303768,2.5470266309639538,0.7694230845199603,0.0130863864148002,0.2406541623880225
0.4924705516236577,17.718592236319417,0.28024787943037666,2.507326630963954,0.7575210845199604,0.11013238641480022,0.2269211623880225
1.0042505516236577,17.869292236319417,0.1601121205696232,2.3565266309639537,0.8463280845199603,0.1440073864148002,0.1939621623880225
1.0439235516236578,18.020092236319417,0.42703787943037663,2.170126630963953,0.7639300845199604,0.06381761358519983,0.2269211623880225
1.0042505516236577,18.396992236319416,0.5738278794303768,2.0193266309639544,0.8518210845199604,0.0015616135851997948,0.15367916238802248
1.4089155516236576,18.58339223631942,0.42703787943037663,2.0193266309639544,0.9461200845199603,0.13027438641480021,0.2406541623880225
1.3732055516236576,18.698492236319417,0.5341578794303767,1.7178266309639536,0.9461200845199603,0.08907538641480023,0.20037016238802247
0.9685445516236577,18.658792236319417,0.6095378794303767,1.6424266309639535,0.9113300845199603,0.09128361358519982,0.20677916238802252
0.8574605516236578,18.77389223631942,0.6095378794303767,1.2655266309639543,0.9049210845199603,0.14621461358519983,0.24706216238802248
1.1510395516236578,19.035692236319417,0.13346787943037675,1.154426630963954,0.9223160845199604,0.07022661358519983,0.1802291623880225
1.0796285516236577,19.30149223631942,0.1601121205696232,1.154426630963954,0.8701310845199604,0.007970613585199793,0.20037016238802247
0.5281765516236577,19.337192236319417,0.09775787943037662,1.1901266309639542,0.6641380845199604,0.049168613585199805,0.21410316238802252
0.45676555162365773,19.376892236319417,0.09775787943037662,1.2655266309639543,0.6339250845199604,0.10501661358519981,0.20037016238802247
0.6035545516236578,19.527592236319418,0.3783121205696234,1.4560266309639545,0.7401260845199604,0.08395861358519979,0.21410316238802252
0.38138655162365775,19.45229223631942,0.3069021205696232,1.5670266309639533,0.8637230845199604,0.05649361358519983,0.1939621623880225
0.3456815516236577,19.30149223631942,0.12441212056962336,1.8328266309639538,1.0166160845199603,0.06801838641480024,0.21410316238802252
0.5281765516236577,19.30149223631942,0.27120212056962334,2.0193266309639544,1.0642230845199605,0.21358738641480018,0.20677916238802252
0.7860495516236576,19.30149223631942,0.19582212056962334,2.2811266309639535,1.0285180845199604,0.1998543864148002,0.2406541623880225
0.5281765516236577,19.30149223631942,0.1601121205696232,2.4716266309639536,0.9754170845199603,0.05428538641480024,0.2269211623880225
0.38138655162365775,19.186392236319417,0.04903212056962336,2.507326630963954,0.9699240845199604,0.005762386414800202,0.18663716238802247
0.4924705516236577,19.035692236319417,0.04903212056962336,2.7334266309639528,0.9461200845199603,0.08175138641480023,0.2406541623880225
0.7503445516236578,18.884892236319416,0.1601121205696232,2.582726630963954,0.9287250845199604,0.1586553864148002,0.1664961623880225
0.7503445516236578,18.884892236319416,0.1601121205696232,2.582726630963954,0.9287250845199604,0.1586553864148002,0.1664961623880225
0.6035545516236578,18.62309223631942,0.13346787943037675,2.2811266309639535,0.8463280845199603,0.005762386414800202,0.22051216238802251
0.6035545516236578,18.62309223631942,0.13346787943037675,2.2811266309639535,0.8463280845199603,0.005762386414800202,0.22051216238802251
0.6749655516236577,18.58339223631942,0.13346787943037675,2.3208266309639534,0.8930190845199604,0.09769161358519979,0.18663716238802247
0.8971335516236578,18.547692236319417,0.09775787943037662,2.170126630963953,0.8582290845199604,0.06381761358519983,0.2269211623880225
0.8217555516236577,18.51199223631942,0.2445478794303768,2.0947266309639545,0.8637230845199604,0.07534238641480023,0.2342451623880225
0.6749655516236577,18.47229223631942,0.3913378794303768,1.9439266309639542,0.8399190845199603,0.09548438641480023,0.18663716238802247
0.6035545516236578,18.547692236319417,0.42703787943037663,1.9043266309639542,0.8106220845199603,0.05428538641480024,0.20677916238802252
0.9328395516236576,18.62309223631942,0.1691678794303768,1.9439266309639542,0.8930190845199604,0.0130863864148002,0.22051216238802251
0.7106715516236577,18.547692236319417,0.022377879430376613,2.0947266309639545,0.9525290845199603,0.0130863864148002,0.15367916238802248
0.27030265162365774,18.436592236319417,0.1691678794303768,2.170126630963953,0.8582290845199604,0.09548438641480023,0.2342451623880225
0.016396551623657718,18.396992236319416,0.04903212056962336,2.2454266309639532,0.8225240845199604,0.1723883864148002,0.1802291623880225
0.23459705162365774,18.361292236319418,0.3783121205696234,2.3962266309639535,0.7877340845199603,0.21358738641480018,0.18663716238802247
0.27030265162365774,18.246192236319416,0.3783121205696234,2.5470266309639538,0.7813250845199604,0.11654138641480022,0.22051216238802251
0.19889152162365772,17.908992236319417,0.19582212056962334,2.6977266309639543,0.8225240845199604,0.0130863864148002,0.15367916238802248
0.23459705162365774,17.68279223631942,0.022377879430376613,2.808826630963953,0.9223160845199604,0.06801838641480024,0.20677916238802252
0.3456815516236577,17.64319223631942,0.05808787943037674,2.959626630963953,0.9873190845199603,0.23464438641480018,0.2269211623880225
0.5638815516236577,17.341692236319417,0.1691678794303768,2.959626630963953,0.9992210845199604,0.28957638641480016,0.1802291623880225
0.6392605516236578,17.15519223631942,0.05808787943037674,3.1103266309639537,0.9754170845199603,0.1998543864148002,0.20677916238802252
0.6392605516236578,17.15519223631942,0.05808787943037674,3.1103266309639537,0.9754170845199603,0.1998543864148002,0.20677916238802252
0.5281765516236577,16.968692236319416,0.28024787943037666,3.1500266309639535,0.8811180845199603,0.08907538641480023,0.21410316238802252
0.7106715516236577,16.968692236319416,0.3516678794303767,3.1500266309639535,0.8701310845199604,0.09548438641480023,0.18663716238802247
1.1510395516236578,17.11549223631942,0.1691678794303768,3.0746266309639534,0.8811180845199603,0.1723883864148002,0.1939621623880225
1.0796285516236577,17.381292236319418,0.6095378794303767,3.0746266309639534,0.7575210845199604,0.1925303864148002,0.1939621623880225
1.0439235516236578,17.64319223631942,0.9031178794303767,2.923826630963953,0.7520280845199603,0.11654138641480022,0.1399461623880225
1.2264155516236577,17.758192236319417,0.8674078794303768,2.7731266309639544,0.7932270845199604,0.03322838641480019,0.22051216238802251
1.4842955516236576,17.908992236319417,0.7920278794303768,2.582726630963954,0.8701310845199604,0.046961386414800244,0.21410316238802252
1.3017955516236577,17.869292236319417,0.7563278794303765,2.3962266309639535,0.9342180845199604,0.08907538641480023,0.1738201623880225
1.3017955516236577,17.869292236319417,0.7563278794303765,2.3962266309639535,0.9342180845199604,0.08907538641480023,0.1738201623880225
1.1510395516236578,18.285892236319416,0.9388178794303765,2.130426630963953,0.9049210845199603,0.1787973864148002,0.1664961623880225
1.1510395516236578,18.285892236319416,0.9388178794303765,2.130426630963953,0.9049210845199603,0.1787973864148002,0.1664961623880225
1.6310855516236578,18.547692236319417,0.4984578794303769,1.9796266309639527,0.8875260845199604,0.11013238641480022,0.1664961623880225
1.3732055516236576,18.62309223631942,0.7563278794303765,2.130426630963953,0.6815330845199603,0.03543661358519978,0.1939621623880225
0.8971335516236578,18.73419223631942,1.1213178794303766,2.205826630963953,0.5698380845199604,0.08395861358519979,0.1335371623880225
1.1153345516236577,18.73419223631942,0.4984578794303769,2.3962266309639535,0.8289330845199603,0.1925303864148002,0.1262131623880225
0.7860495516236576,18.62309223631942,0.7563278794303765,2.507326630963954,0.8875260845199604,0.1723883864148002,0.09966216238802249
0.6392605516236578,18.58339223631942,0.6809478794303765,2.5470266309639538,0.9461200845199603,0.08907538641480023,0.14635416238802246
0.7860495516236576,18.658792236319417,0.3159578794303768,2.6580266309639544,0.9818260845199603,0.1375983864148002,0.09325416238802249
0.9685445516236577,18.62309223631942,0.28024787943037666,2.923826630963953,0.9699240845199604,0.26211038641480017,0.1335371623880225
0.8217555516236577,18.58339223631942,0.42703787943037663,2.9992266309639533,0.9113300845199603,0.34542338641480014,0.1262131623880225
0.6749655516236577,18.658792236319417,0.42703787943037663,3.0349266309639535,0.9287250845199604,0.33169038641480014,0.09325416238802249
0.6035545516236578,18.58339223631942,0.46274787943037654,3.0746266309639534,0.9461200845199603,0.22091138641480018,0.14635416238802246
0.6749655516236577,18.436592236319417,0.3913378794303768,3.1103266309639537,0.9635150845199604,0.11654138641480022,0.11339516238802248
0.8971335516236578,18.321592236319418,0.3516678794303767,3.0349266309639535,0.9754170845199603,0.08907538641480023,0.05297116238802248
0.8574605516236578,18.285892236319416,0.3913378794303768,2.923826630963953,0.9406270845199604,0.1375983864148002,0.1262131623880225
0.7106715516236577,18.321592236319418,0.6452378794303766,2.8485266309639528,0.9049210845199603,0.1723883864148002,0.03923816238802248
0.8574605516236578,18.47229223631942,0.6809478794303765,2.6977266309639543,0.7877340845199603,0.11654138641480022,0.06578816238802247
1.0439235516236578,18.62309223631942,0.6095378794303767,2.582726630963954,0.7932270845199604,0.06160938641480024,0.09325416238802249
1.0042505516236577,18.658792236319417,0.5738278794303768,2.4716266309639536,0.8289330845199603,0.0130863864148002,0.03282906238802248
0.7106715516236577,18.698492236319417,1.0102378794303768,2.3962266309639535,0.7813250845199604,0.026819386414800195,0.07952116238802247
1.0439235516236578,18.73419223631942,0.46274787943037654,2.431926630963954,0.8811180845199603,0.28957638641480016,0.019096162388022475
0.7106715516236577,18.658792236319417,0.7563278794303765,2.3565266309639537,0.8170310845199604,0.26211038641480017,0.06578816238802247
0.38138655162365775,18.547692236319417,0.6452378794303766,2.507326630963954,0.7877340845199603,0.1440073864148002,0.012687462388022472
0.38138655162365775,18.547692236319417,0.6452378794303766,2.507326630963954,0.7877340845199603,0.1440073864148002,0.012687462388022472
0.5281765516236577,18.547692236319417,0.42703787943037663,2.7334266309639528,0.8637230845199604,0.1375983864148002,0.02550486238802248
0.6392605516236578,18.547692236319417,0.3913378794303768,2.923826630963953,0.8811180845199603,0.1998543864148002,0.059379162388022474
0.6035545516236578,18.321592236319418,0.6809478794303765,3.0349266309639535,0.8463280845199603,0.25478638641480017,0.02759573761197752
0.5281765516236577,18.095392236319416,0.7206178794303766,3.0746266309639534,0.8170310845199604,0.28316738641480016,0.02550486238802248
0.7106715516236577,18.059692236319417,0.6452378794303766,3.261126630963954,0.8582290845199604,0.28316738641480016,0.03282906238802248
0.8574605516236578,17.908992236319417,0.6452378794303766,3.3364266309639543,0.9049210845199603,0.21358738641480018,0.06787893761197752
0.7503445516236578,17.64319223631942,0.5738278794303768,3.4118266309639544,0.9049210845199603,0.1723883864148002,0.021187037611977523
0.6035545516236578,17.532092236319418,0.7563278794303765,3.2968266309639542,0.8463280845199603,0.25478638641480017,0.05414603761197752
0.6035545516236578,17.45669223631942,0.6809478794303765,3.3722266309639544,0.7932270845199604,0.3655643864148002,0.07428762761197752
0.8971335516236578,17.45669223631942,0.5738278794303768,3.261126630963954,0.7813250845199604,0.35915638641480024,0.041328637611977526
0.9328395516236576,17.381292236319418,0.6452378794303766,3.185726630963954,0.7163230845199604,0.1861213864148002,0.05414603761197752
1.1510395516236578,17.341692236319417,0.7920278794303768,3.185726630963954,0.7520280845199603,0.019495386414800198,0.07428762761197752
1.1153345516236577,17.341692236319417,0.9745278794303769,3.1500266309639535,0.8106220845199603,0.019495386414800198,0.06787893761197752
1.0796285516236577,17.26629223631942,1.0102378794303768,2.884226630963953,0.8701310845199604,0.1513313864148002,0.10175343761197753
1.1510395516236578,17.15519223631942,0.8277378794303767,2.7334266309639528,0.9287250845199604,0.21358738641480018,0.08161183761197752
1.0796285516236577,17.190892236319417,1.2681078794303768,2.622326630963954,0.8701310845199604,0.12386538641480022,0.08802053761197752
1.1907125516236576,17.341692236319417,1.232397879430377,2.507326630963954,0.8518210845199604,0.026819386414800195,0.12830373761197753
1.4485855516236577,17.532092236319418,0.9031178794303767,2.507326630963954,0.8930190845199604,0.06160938641480024,0.10175343761197753
1.2621255516236576,17.532092236319418,0.9388178794303765,2.5470266309639538,0.7520280845199603,0.11654138641480022,0.14844533761197753
0.8971335516236578,17.45669223631942,1.232397879430377,2.582726630963954,0.6403340845199603,0.1787973864148002,0.1685868376119775
0.8971335516236578,17.492392236319418,1.1213178794303766,2.6580266309639544,0.6339250845199604,0.21358738641480018,0.11457083761197752
1.0439235516236578,17.416992236319416,0.9388178794303765,2.8485266309639528,0.7346330845199603,0.21358738641480018,0.12830373761197753
1.1153345516236577,17.45669223631942,1.0102378794303768,3.185726630963954,0.7987200845199603,0.12386538641480022,0.16217823761197753
1.0439235516236578,17.45669223631942,1.0856078794303767,3.2254266309639537,0.8701310845199604,0.06160938641480024,0.12189503761197752
0.8217555516236577,17.45669223631942,1.1213178794303766,3.3722266309639544,0.8811180845199603,0.1861213864148002,0.14203663761197752
0.8217555516236577,17.341692236319417,1.049907879430377,3.447526630963953,0.9525290845199603,0.37288938641480024,0.14203663761197752
1.1907125516236576,17.26629223631942,0.9031178794303767,3.562626630963953,0.9754170845199603,0.4562023864148002,0.14844533761197753
1.3017955516236577,17.26629223631942,0.7206178794303766,3.447526630963953,0.9461200845199603,0.38021338641480024,0.12830373761197753
0.8971335516236578,17.190892236319417,1.232397879430377,3.447526630963953,0.8811180845199603,0.22732038641480018,0.1685868376119775
1.0042505516236577,17.230592236319417,1.232397879430377,3.487226630963953,0.9342180845199604,0.24837738641480017,0.1887288376119775
1.3017955516236577,17.230592236319417,1.0856078794303767,3.2254266309639537,0.8994280845199604,0.24105338641480017,0.2024618376119775
0.8971335516236578,17.190892236319417,1.3791878794303767,3.1103266309639537,0.8106220845199603,0.019495386414800198,0.20886983761197753
1.0439235516236578,17.26629223631942,1.157017879430377,3.0349266309639535,0.7282250845199604,0.049168613585199805,0.21527883761197752
1.4485855516236577,17.30599223631942,0.6452378794303766,2.923826630963953,0.8289330845199603,0.06801838641480024,0.22260283761197752
1.0439235516236578,17.532092236319418,0.9031178794303767,2.808826630963953,0.7932270845199604,0.1513313864148002,0.23542083761197752
0.6392605516236578,17.68279223631942,1.4505978794303769,2.6977266309639543,0.7520280845199603,0.1513313864148002,0.24274483761197752
1.0042505516236577,17.869292236319417,1.0102378794303768,2.7334266309639528,0.9049210845199603,0.1787973864148002,0.22901183761197752
1.1907125516236576,18.059692236319417,0.6452378794303766,2.8485266309639528,0.9699240845199604,0.13027438641480021,0.23542083761197752
0.7106715516236577,18.020092236319417,0.9745278794303769,2.959626630963953,0.8875260845199604,0.06160938641480024,0.26929483761197753
0.5638815516236577,18.059692236319417,0.9388178794303765,3.0349266309639535,0.8463280845199603,0.1586553864148002,0.26929483761197753
0.6035545516236578,18.059692236319417,0.8277378794303767,3.2254266309639537,0.9049210845199603,0.37288938641480024,0.2958448376119775
0.6035545516236578,18.020092236319417,0.7920278794303768,3.3722266309639544,0.9168230845199603,0.4488773864148002,0.25556183761197754
0.7106715516236577,17.98439223631942,0.9031178794303767,3.562626630963953,0.9049210845199603,0.35915638641480024,0.2958448376119775
0.8217555516236577,17.79389223631942,0.9388178794303765,3.638026630963953,0.8811180845199603,0.24837738641480017,0.30957783761197755
0.8217555516236577,17.758192236319417,1.1213178794303766,3.8641266309639537,0.8399190845199603,0.25478638641480017,0.26929483761197753
0.8971335516236578,17.607492236319416,1.232397879430377,3.824426630963954,0.8637230845199604,0.4076793864148002,0.34986183761197753
1.1907125516236576,17.492392236319418,1.0102378794303768,3.899826630963954,0.9049210845199603,0.4909923864148002,0.3159868376119775
1.0439235516236578,17.190892236319417,1.3434878794303768,3.899826630963954,0.8701310845199604,0.38662238641480023,0.25556183761197754
0.8971335516236578,17.04409223631942,1.4148978794303766,3.7887266309639536,0.8344260845199604,0.1861213864148002,0.3159868376119775
1.2264155516236577,17.00439223631942,1.3038078794303767,3.824426630963954,0.8994280845199604,0.1925303864148002,0.3159868376119775
1.2264155516236577,17.00439223631942,1.3038078794303767,3.824426630963954,0.8994280845199604,0.1925303864148002,0.3159868376119775
1.3732055516236576,17.079792236319417,1.1966978794303766,3.7490266309639537,0.8399190845199603,0.26211038641480017,0.27570383761197753
1.4089155516236576,17.00439223631942,1.4863078794303768,3.562626630963953,0.7758320845199604,0.26211038641480017,0.3361288376119775
1.4089155516236576,17.079792236319417,1.8195578794303768,3.487226630963953,0.6989280845199604,0.22091138641480018,0.2958448376119775
1.4842955516236576,17.15519223631942,1.3434878794303768,3.3364266309639543,0.7639300845199604,0.22732038641480018,0.34345283761197754
1.3375055516236576,17.15519223631942,1.5259778794303769,3.2254266309639537,0.8637230845199604,0.1650643864148002,0.3562698376119775
1.2264155516236577,17.30599223631942,1.7798878794303767,3.1103266309639537,0.8637230845199604,0.11654138641480022,0.3031698376119775
1.4089155516236576,17.45669223631942,1.5973878794303766,3.0349266309639535,0.9113300845199603,0.1650643864148002,0.3562698376119775
1.2264155516236577,17.607492236319416,1.3434878794303768,3.0349266309639535,0.7639300845199604,0.22091138641480018,0.27570383761197753
1.0042505516236577,17.567792236319416,1.3434878794303768,3.2254266309639537,0.6934350845199604,0.24837738641480017,0.3297198376119775
0.8574605516236578,17.492392236319418,1.157017879430377,3.261126630963954,0.5927270845199604,0.21358738641480018,0.3635938376119775
0.7503445516236578,17.607492236319416,1.0856078794303767,3.4118266309639544,0.6339250845199604,0.1650643864148002,0.2958448376119775
0.7106715516236577,17.45669223631942,1.0856078794303767,3.638026630963953,0.7813250845199604,0.1787973864148002,0.34986183761197753
0.7503445516236578,17.381292236319418,1.0856078794303767,3.7490266309639537,0.8701310845199604,0.29690038641480015,0.3297198376119775
0.6392605516236578,17.15519223631942,1.157017879430377,3.824426630963954,0.9113300845199603,0.37288938641480024,0.27570383761197753
0.7106715516236577,16.929092236319416,1.1966978794303766,3.975226630963954,1.0285180845199604,0.4140873864148002,0.3297198376119775
0.9685445516236577,16.81799223631942,1.3038078794303767,4.125926630963953,1.0404190845199603,0.40035538641480023,0.3361288376119775
1.2621255516236576,16.742592236319418,1.0856078794303767,4.1656266309639545,1.0047140845199602,0.28957638641480016,0.28302783761197753
1.0042505516236577,16.51649223631942,1.2681078794303768,4.241026630963953,0.9937270845199604,0.28316738641480016,0.3361288376119775
0.7503445516236578,16.401392236319417,1.4863078794303768,4.276726630963953,0.8875260845199604,0.32436638641480015,0.2958448376119775
0.7503445516236578,16.401392236319417,1.4863078794303768,4.276726630963953,0.8875260845199604,0.32436638641480015,0.2958448376119775
1.4089155516236576,16.36569223631942,1.157017879430377,4.050626630963954,0.8051290845199603,0.25478638641480017,0.3361288376119775
1.4089155516236576,16.36569223631942,1.157017879430377,4.050626630963954,0.8051290845199603,0.25478638641480017,0.3361288376119775
1.3017955516236577,16.250692236319416,1.4505978794303769,3.975226630963954,0.8051290845199603,0.13027438641480021,0.2894368376119775
1.0796285516236577,16.214992236319418,1.7084778794303765,3.8641266309639537,0.7877340845199603,0.10280838641480022,0.3361288376119775
1.3017955516236577,16.214992236319418,1.4863078794303768,3.7490266309639537,0.8756240845199603,0.24105338641480017,0.3031698376119775
1.2264155516236577,16.175292236319418,1.3791878794303767,3.638026630963953,0.9342180845199604,0.32436638641480015,0.28302783761197753
1.0439235516236578,16.214992236319418,1.8909678794303766,3.487226630963953,0.8344260845199604,0.22091138641480018,0.3297198376119775
1.1510395516236578,16.290292236319416,1.5973878794303766,3.487226630963953,0.8756240845199603,0.11654138641480022,0.30957783761197755
1.3017955516236577,16.47679223631942,1.2681078794303768,3.638026630963953,0.8399190845199603,0.07534238641480023,0.3031698376119775
1.1510395516236578,16.401392236319417,1.3434878794303768,3.6737266309639534,0.7758320845199604,0.1650643864148002,0.3562698376119775
0.8971335516236578,16.401392236319417,1.6330978794303765,3.7887266309639536,0.6989280845199604,0.26943438641480016,0.3361288376119775
0.8971335516236578,16.36569223631942,1.5616878794303768,3.824426630963954,0.7346330845199603,0.3655643864148002,0.3031698376119775
1.0439235516236578,16.401392236319417,1.3791878794303767,4.050626630963954,0.8637230845199604,0.32436638641480015,0.3361288376119775
1.0796285516236577,16.175292236319418,1.3434878794303768,4.201326630963953,0.8875260845199604,0.1925303864148002,0.2958448376119775
0.8971335516236578,15.94909223631942,1.4148978794303766,4.352126630963953,0.8756240845199603,0.22091138641480018,0.3159868376119775
0.7106715516236577,15.838092236319419,1.5616878794303768,4.391726630963953,0.8344260845199604,0.4424693864148002,0.3233108376119775
0.9685445516236577,15.762692236319417,1.5259778794303769,4.427526630963953,0.8518210845199604,0.6365643864148001,0.2894368376119775
1.3017955516236577,15.687292236319418,1.3038078794303767,4.502826630963954,0.8051290845199603,0.5184583864148002,0.2894368376119775
1.2264155516236577,15.500792236319416,1.5259778794303769,4.617926630963954,0.7639300845199604,0.27584338641480016,0.34345283761197754
1.1153345516236577,15.385792236319418,1.7084778794303765,4.578226630963954,0.7346330845199603,0.1586553864148002,0.2958448376119775
1.3017955516236577,15.385792236319418,1.6330978794303765,4.427526630963953,0.8051290845199603,0.31795738641480015,0.3635938376119775
1.4089155516236576,15.385792236319418,1.5616878794303768,4.352126630963953,0.8399190845199603,0.4562023864148002,0.3297198376119775
1.3732055516236576,15.274692236319417,1.8195578794303768,4.276726630963953,0.8811180845199603,0.35915638641480024,0.2958448376119775
1.4485855516236577,15.31039223631942,1.8195578794303768,4.125926630963953,0.8637230845199604,0.13027438641480021,0.34345283761197754
1.5953755516236576,15.500792236319416,1.4863078794303768,4.014926630963954,0.8756240845199603,0.040552386414800135,0.3297198376119775
1.3017955516236577,15.647592236319419,1.8909678794303766,3.899826630963954,0.8701310845199604,0.1998543864148002,0.2958448376119775
1.2264155516236577,15.762692236319417,2.1488478794303765,3.7133266309639534,0.7813250845199604,0.3655643864148002,0.3361288376119775
1.6310855516236578,15.873792236319417,1.7798878794303767,3.598326630963953,0.8399190845199603,0.4140873864148002,0.30957783761197755
1.5953755516236576,16.024492236319418,1.5973878794303766,3.447526630963953,0.8106220845199603,0.1861213864148002,0.27570383761197753
1.0439235516236578,16.139592236319416,1.8909678794303766,3.3364266309639543,0.7932270845199604,0.005762386414800202,0.3562698376119775
1.0439235516236578,16.139592236319416,1.8909678794303766,3.3364266309639543,0.7932270845199604,0.005762386414800202,0.3562698376119775
1.0439235516236578,16.401392236319417,1.4148978794303766,3.487226630963953,0.7758320845199604,0.29690038641480015,0.3159868376119775
1.0439235516236578,16.401392236319417,1.4148978794303766,3.487226630963953,0.7758320845199604,0.29690038641480015,0.3159868376119775
1.0042505516236577,16.290292236319416,1.5616878794303768,3.562626630963953,0.7346330845199603,0.3655643864148002,0.3297198376119775
0.7503445516236578,16.36569223631942,1.4505978794303769,3.975226630963954,0.7987200845199603,0.1723883864148002,0.30957783761197755
0.9685445516236577,16.36569223631942,1.3791878794303767,4.125926630963953,0.8756240845199603,0.1723883864148002,0.28302783761197753
1.1153345516236577,16.290292236319416,1.4863078794303768,4.201326630963953,0.9287250845199604,0.33809938641480014,0.3031698376119775
1.0796285516236577,16.214992236319418,1.5259778794303769,4.241026630963953,0.8930190845199604,0.5111333864148002,0.3297198376119775
0.8971335516236578,16.024492236319418,1.7441778794303768,4.316426630963953,0.9406270845199604,0.5257823864148001,0.3031698376119775
0.8574605516236578,15.913392236319417,1.5973878794303766,4.4671266309639535,0.9525290845199603,0.35183238641480014,0.26929483761197753
1.2264155516236577,15.838092236319419,1.4148978794303766,4.578226630963954,0.9818260845199603,0.22732038641480018,0.3562698376119775
1.1907125516236576,15.913392236319417,1.5616878794303768,4.427526630963953,0.8518210845199604,0.1787973864148002,0.2894368376119775
0.9328395516236576,15.798392236319419,1.7084778794303765,4.276726630963953,0.8106220845199603,0.32436638641480015,0.3031698376119775
0.8971335516236578,15.913392236319417,1.5973878794303766,4.201326630963953,0.7694230845199603,0.4351453864148002,0.3159868376119775
1.1907125516236576,15.913392236319417,1.232397879430377,4.014926630963954,0.7758320845199604,0.32436638641480015,0.30957783761197755
0.8971335516236578,15.873792236319417,1.5616878794303768,3.7490266309639537,0.7694230845199603,0.08175138641480023,0.3031698376119775
0.7860495516236576,15.94909223631942,1.7441778794303768,3.6737266309639534,0.7987200845199603,0.06801838641480024,0.3159868376119775
1.0042505516236577,16.250692236319416,1.4148978794303766,3.6737266309639534,0.9461200845199603,0.26943438641480016,0.3031698376119775
0.9685445516236577,16.401392236319417,1.5616878794303768,3.638026630963953,0.8875260845199604,0.33169038641480014,0.3361288376119775
0.6749655516236577,16.36569223631942,1.7798878794303767,3.598326630963953,0.8582290845199604,0.27584338641480016,0.3297198376119775
0.6749655516236577,16.36569223631942,1.7798878794303767,3.598326630963953,0.8582290845199604,0.27584338641480016,0.3297198376119775
0.7106715516236577,16.290292236319416,1.7084778794303765,3.7490266309639537,0.8518210845199604,0.2062633864148002,0.3031698376119775
0.7860495516236576,16.47679223631942,1.4505978794303769,3.939526630963954,0.8811180845199603,0.34542338641480014,0.2894368376119775
0.6749655516236577,16.441092236319417,1.6727678794303766,4.201326630963953,0.8106220845199603,0.4287363864148002,0.30957783761197755
0.6749655516236577,16.441092236319417,1.6727678794303766,4.201326630963953,0.8106220845199603,0.4287363864148002,0.30957783761197755
1.0439235516236578,16.290292236319416,1.8195578794303768,4.502826630963954,0.8344260845199604,0.40035538641480023,0.27570383761197753
1.2621255516236576,16.139592236319416,2.0020578794303763,4.653626630963954,0.8811180845199603,0.3655643864148002,0.3700028376119775
1.3375055516236576,15.838092236319419,2.0020578794303763,4.617926630963954,0.8930190845199604,0.4287363864148002,0.3233108376119775
1.3017955516236577,15.647592236319419,2.1488478794303765,4.689326630963954,0.8518210845199604,0.5321903864148001,0.27570383761197753
1.3017955516236577,15.425492236319418,2.2202578794303767,4.764726630963954,0.7932270845199604,0.5733943864148001,0.34345283761197754
1.3732055516236576,15.35009223631942,2.2202578794303767,4.879726630963953,0.7694230845199603,0.5184583864148002,0.3233108376119775
1.4842955516236576,15.274692236319417,2.1488478794303765,4.879726630963953,0.7401260845199604,0.3655643864148002,0.28302783761197753
1.5557055516236578,15.274692236319417,2.255957879430377,4.915426630963953,0.7877340845199603,0.28316738641480016,0.34345283761197754
1.5199955516236576,15.31039223631942,2.2202578794303767,4.840026630963953,0.6870260845199604,0.27584338641480016,0.2894368376119775
1.5199955516236576,15.234992236319417,2.2202578794303767,4.578226630963954,0.6641380845199604,0.35915638641480024,0.3361288376119775
1.6310855516236578,15.274692236319417,2.6249178794303774,4.502826630963954,0.6522360845199604,0.4076793864148002,0.34986183761197753
1.8492855516236577,15.500792236319416,2.5495378794303774,4.4671266309639535,0.7987200845199603,0.38021338641480024,0.2958448376119775
1.8135755516236576,15.500792236319416,2.331337879430377,4.427526630963953,0.8930190845199604,0.24105338641480017,0.26929483761197753
1.5199955516236576,15.461192236319416,2.402747879430377,4.201326630963953,0.8701310845199604,0.1650643864148002,0.30957783761197755
1.3375055516236576,15.425492236319418,2.438457879430377,4.014926630963954,0.8518210845199604,0.31063338641480015,0.3297198376119775
1.2621255516236576,15.576192236319418,2.1091678794303768,3.939526630963954,0.7932270845199604,0.4836683864148002,0.2894368376119775
1.1153345516236577,15.762692236319417,2.0020578794303763,3.939526630963954,0.6870260845199604,0.4626103864148002,0.2958448376119775
1.0439235516236578,15.873792236319417,2.0020578794303763,4.1656266309639545,0.5817400845199604,0.22091138641480018,0.3361288376119775
0.8971335516236578,15.798392236319419,1.8195578794303768,4.391726630963953,0.5872330845199604,0.12386538641480022,0.3361288376119775
1.0439235516236578,15.798392236319419,1.8552678794303767,4.578226630963954,0.6165300845199604,0.26943438641480016,0.27570383761197753
1.0439235516236578,15.385792236319418,2.0734678794303765,4.578226630963954,0.8811180845199603,0.5944443864148001,0.3031698376119775
1.0796285516236577,15.084292236319417,1.8552678794303767,4.689326630963954,1.0340110845199604,0.4909923864148002,0.26929483761197753
1.0796285516236577,15.008892236319419,1.8909678794303766,4.879726630963953,1.0578140845199604,0.34542338641480014,0.30957783761197755
1.1907125516236576,14.973192236319417,1.9266778794303765,4.990826630963953,1.0111220845199602,0.3655643864148002,0.2894368376119775
1.1907125516236576,14.973192236319417,1.9266778794303765,4.990826630963953,1.0111220845199602,0.3655643864148002,0.2894368376119775
1.2621255516236576,15.048592236319418,2.0020578794303763,5.066226630963953,0.9406270845199604,0.5111333864148002,0.30957783761197755
1.3375055516236576,14.973192236319417,2.1091678794303768,5.066226630963953,0.8344260845199604,0.5321903864148001,0.3159868376119775
1.3375055516236576,14.782792236319416,2.0734678794303765,5.030526630963953,0.8344260845199604,0.4214123864148002,0.3031698376119775
1.1907125516236576,14.67169223631942,1.8909678794303766,4.8043266309639545,0.8344260845199604,0.28316738641480016,0.3031698376119775
1.0796285516236577,14.556592236319418,1.9266778794303765,4.764726630963954,0.8701310845199604,0.28316738641480016,0.2894368376119775
1.0796285516236577,14.556592236319418,1.9266778794303765,4.764726630963954,0.8701310845199604,0.28316738641480016,0.2894368376119775
1.1510395516236578,14.67169223631942,2.0020578794303763,4.617926630963954,0.8225240845199604,0.3655643864148002,0.2894368376119775
1.1153345516236577,14.782792236319416,1.8552678794303767,4.502826630963954,0.8399190845199603,0.4140873864148002,0.3562698376119775
0.8574605516236578,14.707392236319418,1.7441778794303768,4.1656266309639545,0.7813250845199604,0.1586553864148002,0.3031698376119775
0.7860495516236576,14.782792236319416,1.6727678794303766,4.125926630963953,0.8051290845199603,0.1787973864148002,0.3361288376119775
0.8217555516236577,14.973192236319417,1.7084778794303765,4.125926630963953,0.8106220845199603,0.37288938641480024,0.34345283761197754
0.7860495516236576,15.008892236319419,1.6330978794303765,4.241026630963953,0.8582290845199604,0.32436638641480015,0.30957783761197755
0.9328395516236576,14.933492236319417,1.7084778794303765,4.352126630963953,0.9168230845199603,0.25478638641480017,0.2894368376119775
0.8971335516236578,14.858092236319418,1.9266778794303765,4.578226630963954,0.9406270845199604,0.28957638641480016,0.34986183761197753
0.9328395516236576,14.822392236319416,2.1091678794303768,4.653626630963954,0.9635150845199604,0.4424693864148002,0.3297198376119775
1.1153345516236577,14.63199223631942,1.9266778794303765,4.8043266309639545,0.9406270845199604,0.5184583864148002,0.30957783761197755
1.3732055516236576,14.520892236319419,1.9266778794303765,4.915426630963953,0.8463280845199603,0.4909923864148002,0.3901448376119775
1.2621255516236576,14.330492236319419,2.2956378794303767,4.990826630963953,0.7346330845199603,0.38662238641480023,0.34345283761197754
1.1153345516236577,14.219392236319418,2.367047879430377,5.105926630963953,0.6989280845199604,0.38021338641480024,0.3233108376119775
1.3017955516236577,13.99329223631942,2.2202578794303767,5.181226630963954,0.7163230845199604,0.4772593864148002,0.3764118376119775
1.4485855516236577,13.806792236319417,2.0734678794303765,5.181226630963954,0.7575210845199604,0.5111333864148002,0.3361288376119775
1.4485855516236577,13.616392236319417,2.1091678794303768,5.181226630963954,0.6989280845199604,0.4140873864148002,0.3562698376119775
1.4485855516236577,13.616392236319417,2.1091678794303768,5.181226630963954,0.6989280845199604,0.4140873864148002,0.3562698376119775
1.1907125516236576,13.505292236319416,2.2956378794303767,4.990826630963953,0.6934350845199604,0.33809938641480014,0.34986183761197753
1.6667855516236576,13.731392236319419,2.1488478794303765,4.915426630963953,0.9113300845199603,0.4424693864148002,0.34345283761197754
1.0042505516236577,14.032892236319416,2.0020578794303763,4.391726630963953,0.7813250845199604,0.33169038641480014,0.3828208376119775
1.0439235516236578,13.957592236319417,2.1091678794303768,4.578226630963954,0.7639300845199604,0.33809938641480014,0.3233108376119775
0.9328395516236576,13.767092236319417,2.2202578794303767,4.729026630963954,0.6577290845199604,0.37288938641480024,0.30957783761197755
1.0439235516236578,13.616392236319417,2.0020578794303763,4.840026630963953,0.6696310845199603,0.4140873864148002,0.3965528376119775
0.9685445516236577,13.429892236319418,1.9623778794303768,5.105926630963953,0.7108300845199604,0.38021338641480024,0.3233108376119775
0.7860495516236576,13.354492236319416,2.1091678794303768,5.181226630963954,0.6577290845199604,0.34542338641480014,0.3764118376119775
0.8574605516236578,13.390192236319418,2.1488478794303765,5.443126630963954,0.7227310845199604,0.38662238641480023,0.3361288376119775
1.1907125516236576,13.465592236319416,2.0020578794303763,5.593826630963953,0.7465350845199603,0.4772593864148002,0.26929483761197753
1.2621255516236576,13.540992236319418,2.0734678794303765,5.633526630963953,0.7520280845199603,0.5047253864148002,0.34986183761197753
1.1153345516236577,13.314892236319416,2.1091678794303768,5.669226630963953,0.7639300845199604,0.4562023864148002,0.3297198376119775
1.1153345516236577,13.239492236319418,2.367047879430377,5.633526630963953,0.8399190845199603,0.4699353864148002,0.34986183761197753
1.5199955516236576,13.239492236319418,2.2202578794303767,5.5185266309639545,0.9580220845199604,0.4772593864148002,0.34345283761197754
1.6310855516236578,13.16409223631942,2.0734678794303765,5.443126630963954,1.0111220845199602,0.4836683864148002,0.27570383761197753
1.2621255516236576,13.088692236319417,2.367047879430377,5.181226630963954,0.9223160845199604,0.4214123864148002,0.30957783761197755
1.1153345516236577,13.239492236319418,2.402747879430377,5.105926630963953,0.8756240845199603,0.40035538641480023,0.34986183761197753
1.3375055516236576,13.390192236319418,2.0734678794303765,5.030526630963953,0.8225240845199604,0.31795738641480015,0.30957783761197755
1.3017955516236577,13.505292236319416,2.0020578794303763,4.915426630963953,0.7163230845199604,0.1861213864148002,0.3297198376119775
1.3017955516236577,13.505292236319416,2.0020578794303763,4.915426630963953,0.7163230845199604,0.1861213864148002,0.3297198376119775
1.0042505516236577,13.465592236319416,2.1488478794303765,4.879726630963953,0.6870260845199604,0.1861213864148002,0.3233108376119775
0.9328395516236576,13.540992236319418,2.0377578794303766,4.729026630963954,0.7053360845199603,0.33169038641480014,0.2958448376119775
1.0042505516236577,13.656092236319417,2.0020578794303763,4.689326630963954,0.7694230845199603,0.38662238641480023,0.3233108376119775
1.0042505516236577,13.656092236319417,2.1845478794303768,4.689326630963954,0.7932270845199604,0.33809938641480014,0.3297198376119775
1.1907125516236576,13.691792236319419,2.331337879430377,4.729026630963954,0.8399190845199603,0.32436638641480015,0.3031698376119775
1.3732055516236576,13.656092236319417,2.331337879430377,4.915426630963953,0.8811180845199603,0.37288938641480024,0.3159868376119775
1.2264155516236577,13.616392236319417,2.5852478794303773,4.990826630963953,0.8875260845199604,0.4140873864148002,0.3233108376119775
1.3017955516236577,13.580692236319418,2.5852478794303773,5.141626630963954,0.7932270845199604,0.4214123864148002,0.30957783761197755
1.4089155516236576,13.429892236319418,2.513837879430377,5.292326630963954,0.7987200845199603,0.4562023864148002,0.34986183761197753
1.5199955516236576,13.465592236319416,2.5852478794303773,5.407426630963954,0.7877340845199603,0.4626103864148002,0.2894368376119775
1.5953755516236576,13.314892236319416,2.5495378794303774,5.443126630963954,0.7639300845199604,0.5257823864148001,0.3233108376119775
1.5199955516236576,13.128392236319417,2.478127879430377,5.5185266309639545,0.6870260845199604,0.6155043864148002,0.3700028376119775
1.3375055516236576,13.052992236319419,2.8074178794303766,5.633526630963953,0.6229390845199604,0.6640243864148001,0.3233108376119775
1.5199955516236576,12.937992236319417,2.7320378794303766,5.744626630963953,0.6577290845199604,0.5669843864148001,0.3233108376119775
1.7024955516236577,12.977592236319417,2.438457879430377,5.895326630963954,0.7639300845199604,0.4562023864148002,0.3700028376119775
1.3732055516236576,12.902292236319418,2.367047879430377,5.970726630963954,0.8106220845199603,0.3655643864148002,0.3233108376119775
1.1153345516236577,12.751492236319418,2.513837879430377,5.895326630963954,0.7987200845199603,0.40035538641480023,0.3233108376119775
1.2621255516236576,12.676092236319416,2.367047879430377,5.744626630963953,0.7639300845199604,0.5257823864148001,0.2958448376119775
1.3732055516236576,12.787192236319417,2.1091678794303768,5.784326630963953,0.7575210845199604,0.5532443864148002,0.3031698376119775
1.2621255516236576,12.937992236319417,2.1091678794303768,5.744626630963953,0.7813250845199604,0.4626103864148002,0.3700028376119775
0.8971335516236578,13.013392236319419,2.1091678794303768,5.669226630963953,0.7758320845199604,0.32436638641480015,0.27570383761197753
0.8971335516236578,13.128392236319417,1.9623778794303768,5.669226630963953,0.8701310845199604,0.33809938641480014,0.3764118376119775
0.9685445516236577,13.052992236319419,2.0377578794303766,5.482726630963954,0.9223160845199604,0.4351453864148002,0.3700028376119775
0.9685445516236577,13.052992236319419,2.0377578794303766,5.482726630963954,0.9223160845199604,0.4351453864148002,0.3700028376119775
0.9685445516236577,13.088692236319417,2.2202578794303767,5.332026630963954,0.9113300845199603,0.5184583864148002,0.2958448376119775
1.1510395516236578,13.128392236319417,2.1091678794303768,5.141626630963954,0.9287250845199604,0.49740038641480017,0.3297198376119775
1.1907125516236576,13.013392236319419,2.0020578794303763,5.181226630963954,0.9461200845199603,0.4909923864148002,0.3635938376119775
1.0439235516236578,13.052992236319419,2.2956378794303767,5.066226630963953,0.8289330845199603,0.4488773864148002,0.3159868376119775
0.9685445516236577,13.16409223631942,2.367047879430377,5.141626630963954,0.7932270845199604,0.4562023864148002,0.34986183761197753
1.1907125516236576,13.088692236319417,2.1488478794303765,5.5185266309639545,0.6934350845199604,0.4076793864148002,0.3297198376119775
0.9685445516236577,12.711792236319418,2.367047879430377,5.558126630963953,0.5579360845199604,0.4836683864148002,0.34986183761197753
1.0042505516236577,12.711792236319418,2.367047879430377,5.669226630963953,0.6989280845199604,0.6155043864148002,0.34986183761197753
0.9685445516236577,12.52539223631942,2.0020578794303763,5.8596266309639535,0.8399190845199603,0.4772593864148002,0.3233108376119775
0.8217555516236577,12.374592236319419,1.9266778794303765,5.970726630963954,0.7575210845199604,0.49740038641480017,0.34986183761197753
1.0439235516236578,12.263492236319419,1.7084778794303765,6.006426630963954,0.8051290845199603,0.6219143864148002,0.2958448376119775
0.8574605516236578,12.073092236319418,1.8195578794303768,5.970726630963954,0.8518210845199604,0.5111333864148002,0.3562698376119775
0.6749655516236577,11.88659223631942,2.0734678794303765,6.006426630963954,0.9342180845199604,0.34542338641480014,0.3233108376119775
0.7106715516236577,11.961992236319418,1.9623778794303768,5.8200266309639535,0.9992210845199604,0.33169038641480014,0.2894368376119775
1.0796285516236577,12.037392236319416,2.0377578794303766,5.708926630963953,1.0166160845199603,0.4287363864148002,0.34345283761197754
1.1153345516236577,12.037392236319416,2.2956378794303767,5.558126630963953,0.9223160845199604,0.4488773864148002,0.2958448376119775
1.3732055516236576,12.073092236319418,2.513837879430377,5.407426630963954,0.8518210845199604,0.4140873864148002,0.3031698376119775
1.3375055516236576,12.073092236319418,2.513837879430377,5.141626630963954,0.8518210845199604,0.35183238641480014,0.2958448376119775
1.1907125516236576,12.148492236319417,2.7320378794303766,5.030526630963953,0.7694230845199603,0.3655643864148002,0.3297198376119775
1.3732055516236576,12.148492236319417,2.843117879430377,5.030526630963953,0.7227310845199604,0.37288938641480024,0.3635938376119775
1.6310855516236578,12.338892236319417,2.7717078794303767,5.105926630963953,0.6522360845199604,0.38021338641480024,0.26929483761197753
1.5953755516236576,12.188192236319416,2.6606278794303773,5.105926630963953,0.5927270845199604,0.4140873864148002,0.3700028376119775
1.2621255516236576,11.997692236319416,2.989907879430377,5.181226630963954,0.5460350845199604,0.4562023864148002,0.3901448376119775
1.4089155516236576,11.88659223631942,2.954197879430377,5.292326630963954,0.6815330845199603,0.4909923864148002,0.3297198376119775
1.7421655516236576,11.922392236319418,2.7320378794303766,5.443126630963954,0.8344260845199604,0.4909923864148002,0.30957783761197755
1.4485855516236577,11.922392236319418,2.7320378794303766,5.5185266309639545,0.8518210845199604,0.4772593864148002,0.3233108376119775
1.1510395516236578,11.696192236319419,2.8788278794303768,5.669226630963953,0.7987200845199603,0.5111333864148002,0.3159868376119775
1.2621255516236576,11.620792236319417,2.5852478794303773,5.935026630963954,0.7401260845199604,0.6155043864148002,0.3635938376119775
1.3375055516236576,11.470092236319417,2.2956378794303767,5.895326630963954,0.7520280845199603,0.6081843864148002,0.2958448376119775
1.3375055516236576,11.470092236319417,2.2956378794303767,5.895326630963954,0.7520280845199603,0.6081843864148002,0.2958448376119775
1.1510395516236578,11.509792236319417,2.331337879430377,5.970726630963954,0.7758320845199604,0.4562023864148002,0.3233108376119775
0.9685445516236577,11.434392236319418,2.331337879430377,6.081826630963954,0.8106220845199603,0.3655643864148002,0.3562698376119775
1.0439235516236578,11.509792236319417,2.1845478794303768,6.196926630963954,0.8225240845199604,0.39394638641480023,0.3233108376119775
1.1907125516236576,11.509792236319417,2.331337879430377,6.196926630963954,0.8344260845199604,0.4488773864148002,0.3901448376119775
1.2264155516236577,11.620792236319417,2.438457879430377,6.121526630963954,0.8106220845199603,0.4351453864148002,0.3031698376119775
1.3732055516236576,11.735892236319419,2.2956378794303767,6.046126630963954,0.9223160845199604,0.4076793864148002,0.3635938376119775
1.3017955516236577,11.660492236319417,2.438457879430377,5.8200266309639535,0.8994280845199604,0.38662238641480023,0.3233108376119775
1.1510395516236578,11.660492236319417,2.6249178794303774,5.744626630963953,0.7813250845199604,0.4351453864148002,0.34345283761197754
1.1510395516236578,11.660492236319417,2.6249178794303774,5.744626630963953,0.7813250845199604,0.4351453864148002,0.34345283761197754
1.1907125516236576,11.88659223631942,2.513837879430377,5.708926630963953,0.7758320845199604,0.5184583864148002,0.3700028376119775
1.3375055516236576,12.073092236319418,2.2956378794303767,5.669226630963953,0.7465350845199603,0.5184583864148002,0.3031698376119775
1.2621255516236576,12.073092236319418,2.1845478794303768,5.558126630963953,0.6751240845199604,0.4140873864148002,0.3361288376119775
0.9328395516236576,11.961992236319418,2.5495378794303774,5.367726630963954,0.6403340845199603,0.35915638641480024,0.3764118376119775
1.0439235516236578,12.112792236319418,2.5852478794303773,5.181226630963954,0.7227310845199604,0.4214123864148002,0.3031698376119775
1.4842955516236576,12.148492236319417,2.1845478794303768,5.181226630963954,0.8637230845199604,0.4909923864148002,0.3297198376119775
1.1510395516236578,12.112792236319418,2.2202578794303767,5.105926630963953,0.8930190845199604,0.39394638641480023,0.3159868376119775
0.6392605516236578,11.961992236319418,2.513837879430377,5.141626630963954,0.8344260845199604,0.35183238641480014,0.3159868376119775
0.7503445516236578,11.922392236319418,2.1845478794303768,5.216926630963954,0.8399190845199603,0.40035538641480023,0.3159868376119775
1.0796285516236577,11.961992236319418,1.8552678794303767,5.367726630963954,0.8701310845199604,0.4699353864148002,0.3233108376119775
0.8574605516236578,11.88659223631942,2.0377578794303766,5.332026630963954,0.8170310845199604,0.4488773864148002,0.30957783761197755
0.4924705516236577,11.88659223631942,2.255957879430377,5.5185266309639545,0.7932270845199604,0.4772593864148002,0.3361288376119775
0.7860495516236576,11.922392236319418,2.0734678794303765,5.708926630963953,0.8051290845199603,0.5047253864148002,0.28302783761197753
1.1153345516236577,11.771592236319417,2.402747879430377,6.006426630963954,0.8051290845199603,0.4140873864148002,0.34986183761197753
1.1907125516236576,11.771592236319417,2.6606278794303773,6.1572266309639545,0.8399190845199603,0.4424693864148002,0.3159868376119775
1.3375055516236576,11.470092236319417,2.5495378794303774,6.1572266309639545,0.8170310845199604,0.5532443864148002,0.30957783761197755
1.3017955516236577,11.434392236319418,2.6606278794303773,6.046126630963954,0.7346330845199603,0.4909923864148002,0.3361288376119775
1.4089155516236576,11.470092236319417,2.8074178794303766,6.006426630963954,0.7520280845199603,0.4699353864148002,0.3562698376119775
1.5953755516236576,11.585092236319419,2.6963278794303767,5.970726630963954,0.6751240845199604,0.4699353864148002,0.30957783761197755
1.3017955516236577,11.394692236319418,2.954197879430377,5.558126630963953,0.5991350845199603,0.4424693864148002,0.3562698376119775
1.3732055516236576,11.434392236319418,2.8788278794303768,5.443126630963954,0.6751240845199604,0.38662238641480023,0.2958448376119775
1.6667855516236576,11.509792236319417,2.5852478794303773,5.332026630963954,0.8106220845199603,0.40035538641480023,0.28302783761197753
1.1510395516236578,11.394692236319418,2.8788278794303768,5.066226630963953,0.8344260845199604,0.4699353864148002,0.3297198376119775
1.2621255516236576,11.434392236319418,2.438457879430377,5.256626630963954,0.7932270845199604,0.4214123864148002,0.30957783761197755
1.2264155516236577,11.545492236319419,2.2956378794303767,5.332026630963954,0.7520280845199603,0.3655643864148002,0.3233108376119775
0.8217555516236577,11.358992236319416,2.6606278794303773,5.482726630963954,0.6815330845199603,0.4488773864148002,0.2894368376119775
0.9328395516236576,11.394692236319418,2.367047879430377,5.558126630963953,0.7813250845199604,0.5669843864148001,0.3233108376119775
1.1153345516236577,11.394692236319418,2.367047879430377,5.8200266309639535,0.8289330845199603,0.5944443864148001,0.3361288376119775
1.0796285516236577,11.283592236319418,2.5852478794303773,5.8596266309639535,0.7987200845199603,0.5596543864148,0.3159868376119775
1.0796285516236577,11.283592236319418,2.5852478794303773,5.8596266309639535,0.7987200845199603,0.5596543864148,0.3159868376119775
1.1510395516236578,11.16859223631942,2.402747879430377,6.006426630963954,0.8051290845199603,0.5459243864148002,0.2894368376119775
1.1510395516236578,11.132892236319417,2.402747879430377,6.196926630963954,0.7694230845199603,0.5880343864148001,0.3635938376119775
1.0042505516236577,10.982092236319417,2.5852478794303773,6.232626630963953,0.7639300845199604,0.5880343864148001,0.3031698376119775
1.1510395516236578,10.982092236319417,2.478127879430377,6.347626630963953,0.8106220845199603,0.5944443864148001,0.34986183761197753
1.1510395516236578,10.946392236319419,2.331337879430377,6.4587266309639535,0.7987200845199603,0.5669843864148001,0.30957783761197755
1.0439235516236578,10.870992236319417,2.2202578794303767,6.4587266309639535,0.7575210845199604,0.4699353864148002,0.28302783761197753
1.0439235516236578,10.870992236319417,2.2202578794303767,6.4587266309639535,0.7575210845199604,0.4699353864148002,0.28302783761197753
1.0042505516236577,10.680592236319416,2.478127879430377,6.4587266309639535,0.6696310845199603,0.40035538641480023,0.3562698376119775
1.2621255516236576,10.605192236319418,2.331337879430377,6.498426630963953,0.7108300845199604,0.4836683864148002,0.34986183761197753
1.3375055516236576,10.680592236319416,2.1845478794303768,6.534126630963954,0.7987200845199603,0.5880343864148001,0.2958448376119775
1.0042505516236577,10.56949223631942,2.2202578794303767,6.423026630963953,0.8637230845199604,0.5669843864148001,0.3562698376119775
0.7106715516236577,10.37909223631942,2.331337879430377,6.347626630963953,0.8811180845199603,0.49740038641480017,0.3159868376119775
0.7860495516236576,10.41869223631942,2.1488478794303765,6.347626630963953,0.9113300845199603,0.4836683864148002,0.3233108376119775
1.0042505516236577,10.494092236319418,1.9266778794303765,6.272226630963953,0.9287250845199604,0.5321903864148001,0.34345283761197754
1.0439235516236578,10.605192236319418,2.1845478794303768,6.232626630963953,0.8399190845199603,0.5669843864148001,0.2894368376119775
0.7503445516236578,10.644892236319418,2.438457879430377,6.1572266309639545,0.7520280845199603,0.5395143864148002,0.34345283761197754
0.8971335516236578,10.755992236319418,2.367047879430377,6.121526630963954,0.7575210845199604,0.4562023864148002,0.3233108376119775
1.1153345516236577,10.795592236319418,2.2956378794303767,6.006426630963954,0.8582290845199604,0.4214123864148002,0.3031698376119775
1.0796285516236577,10.870992236319417,2.478127879430377,6.006426630963954,0.8701310845199604,0.4287363864148002,0.34986183761197753
1.0439235516236578,10.720292236319416,2.7320378794303766,5.895326630963954,0.8701310845199604,0.4699353864148002,0.3764118376119775
1.1907125516236576,10.605192236319418,2.5495378794303774,5.895326630963954,0.8811180845199603,0.5321903864148001,0.28302783761197753
1.4485855516236577,10.644892236319418,2.5852478794303773,5.744626630963953,0.7932270845199604,0.5733943864148001,0.3562698376119775
1.4089155516236576,10.494092236319418,2.8788278794303768,5.784326630963953,0.6815330845199603,0.5807143864148001,0.3764118376119775
1.4089155516236576,10.494092236319418,2.8788278794303768,5.784326630963953,0.6815330845199603,0.5807143864148001,0.3764118376119775
1.4842955516236576,10.529792236319416,3.025617879430377,5.8596266309639535,0.7053360845199603,0.5880343864148001,0.30957783761197755
1.4842955516236576,10.228292236319419,2.7717078794303767,6.081826630963954,0.7282250845199604,0.4836683864148002,0.3700028376119775
1.4842955516236576,10.228292236319419,2.7717078794303767,6.081826630963954,0.7282250845199604,0.4836683864148002,0.3700028376119775
1.5953755516236576,9.966492236319418,2.8788278794303768,6.307926630963953,0.7575210845199604,0.5669843864148001,0.3828208376119775
1.6310855516236578,9.926792236319418,2.6963278794303767,6.4587266309639535,0.7987200845199603,0.6155043864148002,0.3159868376119775
1.5557055516236578,9.70069223631942,2.7320378794303766,6.4587266309639535,0.7877340845199603,0.5321903864148001,0.34345283761197754
1.2621255516236576,9.664992236319417,2.513837879430377,6.6094866309639535,0.7465350845199603,0.4424693864148002,0.3297198376119775
1.2264155516236577,9.629292236319419,2.331337879430377,6.6094866309639535,0.7758320845199604,0.5596543864148,0.3700028376119775
1.1510395516236578,9.664992236319417,2.438457879430377,6.6491566309639545,0.7401260845199604,0.5880343864148001,0.30957783761197755
1.1153345516236577,9.438792236319419,2.2956378794303767,6.5738266309639535,0.7227310845199604,0.4424693864148002,0.3700028376119775
1.2621255516236576,9.514192236319417,2.367047879430377,6.498426630963953,0.8051290845199603,0.5395143864148002,0.3297198376119775
1.1907125516236576,9.664992236319417,2.7320378794303766,6.196926630963954,0.8344260845199604,0.5669843864148001,0.3562698376119775
1.4485855516236577,9.589592236319419,2.513837879430377,6.1572266309639545,0.8170310845199604,0.4488773864148002,0.3297198376119775
1.2621255516236576,9.589592236319419,2.7320378794303766,5.8596266309639535,0.7227310845199604,0.4351453864148002,0.3361288376119775
1.3732055516236576,9.514192236319417,2.6606278794303773,5.708926630963953,0.7282250845199604,0.5184583864148002,0.34345283761197754
1.2264155516236577,9.553892236319417,2.6606278794303773,5.669226630963953,0.6229390845199604,0.4140873864148002,0.3233108376119775
1.1510395516236578,9.589592236319419,2.843117879430377,5.708926630963953,0.5872330845199604,0.4076793864148002,0.3159868376119775
1.3017955516236577,9.403092236319416,2.2956378794303767,5.895326630963954,0.7877340845199603,0.5111333864148002,0.3361288376119775
1.0042505516236577,9.137292236319418,2.438457879430377,5.935026630963954,0.8106220845199603,0.49740038641480017,0.3233108376119775
0.8574605516236578,9.176992236319418,2.438457879430377,6.046126630963954,0.8344260845199604,0.5532443864148002,0.34986183761197753
1.0796285516236577,9.212692236319416,2.0377578794303766,6.347626630963953,0.9525290845199603,0.5184583864148002,0.2894368376119775
1.0796285516236577,9.212692236319416,2.0377578794303766,6.347626630963953,0.9525290845199603,0.5184583864148002,0.2894368376119775
0.6392605516236578,9.137292236319418,2.331337879430377,6.6094866309639535,0.8399190845199603,0.4488773864148002,0.27570383761197753
0.9685445516236577,9.176992236319418,2.1091678794303768,6.6094866309639535,0.8399190845199603,0.5111333864148002,0.3031698376119775
1.1907125516236576,9.06189223631942,2.1091678794303768,6.684866630963954,0.8756240845199603,0.5532443864148002,0.3562698376119775
1.2621255516236576,9.026192236319417,2.402747879430377,6.760236630963954,0.8875260845199604,0.49740038641480017,0.26929483761197753
1.3732055516236576,9.06189223631942,2.402747879430377,6.910996630963954,0.9223160845199604,0.5733943864148001,0.3233108376119775
1.3732055516236576,9.06189223631942,2.402747879430377,6.910996630963954,0.9223160845199604,0.5733943864148001,0.3233108376119775
1.4842955516236576,9.026192236319417,2.6249178794303774,6.7999166309639545,0.8170310845199604,0.6081843864148002,0.3297198376119775
1.5199955516236576,9.10159223631942,2.8788278794303768,6.684866630963954,0.6934350845199604,0.6017743864148002,0.3361288376119775
1.6667855516236576,9.137292236319418,2.438457879430377,6.534126630963954,0.7053360845199603,0.5532443864148002,0.3297198376119775
1.4485855516236577,9.026192236319417,2.914527879430377,6.4587266309639535,0.6165300845199604,0.4287363864148002,0.3297198376119775
1.4842955516236576,8.986592236319417,2.954197879430377,6.347626630963953,0.6046280845199603,0.39394638641480023,0.34986183761197753
1.6667855516236576,8.986592236319417,2.5852478794303773,6.272226630963953,0.6989280845199604,0.5184583864148002,0.30957783761197755
1.3732055516236576,9.026192236319417,2.6249178794303774,6.1572266309639545,0.7163230845199604,0.5596543864148,0.3700028376119775
1.1153345516236577,8.950892236319419,2.6606278794303773,6.006426630963954,0.7346330845199603,0.5257823864148001,0.3361288376119775
1.1907125516236576,8.875492236319417,2.478127879430377,6.006426630963954,0.7108300845199604,0.4562023864148002,0.2958448376119775
1.1907125516236576,8.875492236319417,2.478127879430377,6.006426630963954,0.7108300845199604,0.4562023864148002,0.2958448376119775
1.1907125516236576,8.986592236319417,2.402747879430377,5.935026630963954,0.8170310845199604,0.5184583864148002,0.3233108376119775
0.8217555516236577,9.10159223631942,2.331337879430377,5.8200266309639535,0.8701310845199604,0.5944443864148001,0.3159868376119775
0.7503445516236578,8.986592236319417,2.367047879430377,5.708926630963953,0.8582290845199604,0.4836683864148002,0.3700028376119775
0.8574605516236578,9.06189223631942,2.255957879430377,5.8200266309639535,0.9113300845199603,0.38662238641480023,0.34345283761197754
1.0042505516236577,9.176992236319418,2.2202578794303767,5.784326630963953,0.8875260845199604,0.4076793864148002,0.3031698376119775
1.0439235516236578,9.06189223631942,2.438457879430377,5.935026630963954,0.8289330845199603,0.5184583864148002,0.3233108376119775
1.0796285516236577,8.950892236319419,2.331337879430377,6.081826630963954,0.7813250845199604,0.4909923864148002,0.3159868376119775
0.9685445516236577,8.875492236319417,2.402747879430377,6.196926630963954,0.7346330845199603,0.4909923864148002,0.3233108376119775
0.7860495516236576,8.800092236319419,2.478127879430377,6.272226630963953,0.7520280845199603,0.5944443864148001,0.30957783761197755
1.1153345516236577,8.760392236319419,2.2956378794303767,6.6094866309639535,0.7401260845199604,0.5669843864148001,0.3562698376119775
1.0439235516236578,8.649292236319418,2.8788278794303768,6.5738266309639535,0.6870260845199604,0.5257823864148001,0.30957783761197755
1.2621255516236576,8.534292236319416,2.5852478794303773,6.724536630963954,0.7694230845199603,0.6502943864148001,0.34345283761197754
1.0042505516236577,8.27239223631942,2.2956378794303767,6.7999166309639545,0.8106220845199603,0.5111333864148002,0.3159868376119775
0.6749655516236577,8.046292236319417,2.331337879430377,6.835616630963953,0.7694230845199603,0.4488773864148002,0.3361288376119775
1.0042505516236577,8.161392236319418,1.8909678794303766,6.875296630963954,0.8106220845199603,0.5733943864148001,0.3562698376119775
0.7860495516236576,8.161392236319418,1.9623778794303768,6.875296630963954,0.7520280845199603,0.4699353864148002,0.3764118376119775
0.5281765516236577,8.121692236319419,2.255957879430377,6.724536630963954,0.7346330845199603,0.4488773864148002,0.27570383761197753
0.6392605516236578,8.161392236319418,2.1845478794303768,6.5738266309639535,0.8344260845199604,0.5257823864148001,0.2958448376119775
0.8971335516236578,8.085992236319417,2.2202578794303767,6.232626630963953,0.9223160845199604,0.6429743864148001,0.26929483761197753
0.9328395516236576,8.010592236319418,2.438457879430377,6.121526630963954,0.8637230845199604,0.5807143864148001,0.34345283761197754
1.3017955516236577,8.232792236319419,2.2956378794303767,5.935026630963954,0.7520280845199603,0.5184583864148002,0.3031698376119775
1.2264155516236577,8.27239223631942,2.7717078794303767,5.8596266309639535,0.6815330845199603,0.5111333864148002,0.3159868376119775
1.4842955516236576,8.27239223631942,2.513837879430377,5.935026630963954,0.7053360845199603,0.5111333864148002,0.3361288376119775
1.4485855516236577,8.085992236319417,2.843117879430377,5.744626630963953,0.7282250845199604,0.4488773864148002,0.30957783761197755
1.4485855516236577,8.085992236319417,2.843117879430377,5.744626630963953,0.7282250845199604,0.4488773864148002,0.30957783761197755
1.4842955516236576,7.935192236319416,2.8788278794303768,5.8596266309639535,0.7401260845199604,0.40035538641480023,0.34345283761197754
1.7024955516236577,7.820192236319418,2.6249178794303774,5.8596266309639535,0.8225240845199604,0.5321903864148001,0.30957783761197755
1.4842955516236576,7.7447922363194195,2.6606278794303773,5.8596266309639535,0.7758320845199604,0.5596543864148,0.3031698376119775
1.2621255516236576,7.558292236319417,2.7320378794303766,5.895326630963954,0.7575210845199604,0.4836683864148002,0.2894368376119775
1.2621255516236576,7.482992236319419,2.5852478794303773,6.046126630963954,0.7346330845199603,0.4214123864148002,0.34986183761197753
1.2621255516236576,7.558292236319417,2.402747879430377,6.232626630963953,0.7639300845199604,0.4214123864148002,0.3159868376119775
1.2264155516236577,7.482992236319419,2.367047879430377,6.4587266309639535,0.7575210845199604,0.4140873864148002,0.2958448376119775
1.1510395516236578,7.217192236319416,2.255957879430377,6.498426630963953,0.6989280845199604,0.4488773864148002,0.3562698376119775
1.0439235516236578,7.181392236319418,2.438457879430377,6.760236630963954,0.7227310845199604,0.4488773864148002,0.3031698376119775
1.0439235516236578,7.256792236319416,2.367047879430377,6.875296630963954,0.7877340845199603,0.4287363864148002,0.3031698376119775
1.1907125516236576,7.367892236319417,2.367047879430377,6.875296630963954,0.8225240845199604,0.4772593864148002,0.34986183761197753
1.3017955516236577,7.2924922363194185,2.438457879430377,6.910996630963954,0.8463280845199603,0.5184583864148002,0.3159868376119775
1.2264155516236577,7.181392236319418,2.438457879430377,7.026046630963954,0.8582290845199604,0.5669843864148001,0.28302783761197753
1.2621255516236576,7.106092236319419,2.1845478794303768,7.061756630963954,0.7639300845199604,0.6429743864148001,0.3233108376119775
1.1510395516236578,7.106092236319419,2.402747879430377,7.061756630963954,0.6696310845199603,0.6777643864148002,0.3233108376119775
1.0796285516236577,7.256792236319416,2.478127879430377,7.101426630963953,0.6577290845199604,0.6567043864148001,0.34345283761197754
1.2264155516236577,7.256792236319416,2.2956378794303767,7.176806630963954,0.7282250845199604,0.6219143864148002,0.34986183761197753
1.2264155516236577,7.256792236319416,2.1488478794303765,7.176806630963954,0.7163230845199604,0.5532443864148002,0.2894368376119775
1.0796285516236577,7.141792236319418,2.6963278794303767,7.026046630963954,0.6934350845199604,0.5184583864148002,0.3901448376119775
1.2264155516236577,7.106092236319419,2.367047879430377,6.910996630963954,0.7877340845199603,0.6017743864148002,0.26288583761197754
1.5199955516236576,7.0306922363194175,1.9623778794303768,6.7999166309639545,0.8701310845199604,0.6640243864148001,0.27570383761197753
1.1510395516236578,7.106092236319419,2.2202578794303767,6.6491566309639545,0.8225240845199604,0.5944443864148001,0.3764118376119775
0.7106715516236577,7.066392236319416,2.438457879430377,6.498426630963953,0.8170310845199604,0.5395143864148002,0.3233108376119775
0.8574605516236578,7.181392236319418,2.1845478794303768,6.6094866309639535,0.8344260845199604,0.5532443864148002,0.3297198376119775
1.0796285516236577,7.2924922363194185,1.9266778794303765,6.4587266309639535,0.8930190845199604,0.5532443864148002,0.3562698376119775
0.8971335516236578,7.141792236319418,1.9623778794303768,6.4587266309639535,0.8463280845199603,0.4836683864148002,0.3159868376119775
0.6392605516236578,7.066392236319416,2.0734678794303765,6.347626630963953,0.7932270845199604,0.5047253864148002,0.3159868376119775
1.1153345516236577,7.106092236319419,2.0377578794303766,6.272226630963953,0.9406270845199604,0.5459243864148002,0.3233108376119775
1.1907125516236576,7.066392236319416,2.2202578794303767,6.232626630963953,0.9287250845199604,0.5395143864148002,0.30957783761197755
1.0439235516236578,6.915592236319419,2.6249178794303774,6.196926630963954,0.8994280845199604,0.5111333864148002,0.2958448376119775
1.4842955516236576,6.689492236319417,2.2202578794303767,6.1572266309639545,0.8289330845199603,0.5459243864148002,0.3159868376119775
1.4089155516236576,6.502992236319418,2.5495378794303774,6.232626630963953,0.6934350845199604,0.5596543864148,0.2894368376119775
1.3017955516236577,6.427692236319418,2.8074178794303766,6.272226630963953,0.6403340845199603,0.5395143864148002,0.3700028376119775
1.5953755516236576,6.201492236319417,2.843117879430377,6.5738266309639535,0.6458270845199603,0.4909923864148002,0.28302783761197753
1.7024955516236577,5.9753922363194185,3.025617879430377,6.6491566309639545,0.7053360845199603,0.49740038641480017,0.3764118376119775
1.6667855516236576,5.824592236319418,2.7717078794303767,6.7999166309639545,0.7282250845199604,0.5807143864148001,0.28302783761197753
1.5199955516236576,5.6381922363194175,2.7717078794303767,6.7999166309639545,0.7163230845199604,0.5596543864148,0.3562698376119775
1.3732055516236576,5.6381922363194175,2.6606278794303773,7.026046630963954,0.7227310845199604,0.6155043864148002,0.34986183761197753
1.3017955516236577,5.749292236319418,2.2956378794303767,7.137136630963953,0.7227310845199604,0.5532443864148002,0.34986183761197753
1.0796285516236577,5.598492236319418,2.2202578794303767,7.327566630963954,0.6458270845199603,0.5807143864148001,0.3159868376119775
0.9685445516236577,5.5230922363194175,2.1091678794303768,7.363266630963954,0.7639300845199604,0.6292343864148002,0.3562698376119775
1.1153345516236577,5.447692236319417,2.1091678794303768,7.327566630963954,0.8344260845199604,0.6365643864148001,0.3297198376119775
1.0796285516236577,5.411992236319417,2.1845478794303768,7.287886630963953,0.8637230845199604,0.6292343864148002,0.2958448376119775
1.1907125516236576,5.487392236319417,2.255957879430377,7.287886630963953,0.9287250845199604,0.5880343864148001,0.3562698376119775
1.2621255516236576,5.5230922363194175,2.0734678794303765,7.252186630963953,0.9049210845199603,0.5669843864148001,0.3031698376119775
1.1510395516236578,5.411992236319417,2.1488478794303765,7.212506630963954,0.7932270845199604,0.5532443864148002,0.3031698376119775
0.9685445516236577,5.411992236319417,2.367047879430377,7.061756630963954,0.7758320845199604,0.6017743864148002,0.3159868376119775
1.1907125516236576,5.5230922363194175,2.1488478794303765,7.026046630963954,0.7758320845199604,0.6429743864148001,0.3159868376119775
1.1907125516236576,5.5230922363194175,2.1488478794303765,7.026046630963954,0.7758320845199604,0.6429743864148001,0.3159868376119775
1.2264155516236577,5.5230922363194175,1.8909678794303766,6.835616630963953,0.7465350845199603,0.6081843864148002,0.24274483761197752
1.0796285516236577,5.447692236319417,2.367047879430377,6.760236630963954,0.7053360845199603,0.49740038641480017,0.3764118376119775
1.2621255516236576,5.487392236319417,2.255957879430377,6.6094866309639535,0.7401260845199604,0.4836683864148002,0.34986183761197753
1.2264155516236577,5.487392236319417,1.8552678794303767,6.498426630963953,0.7932270845199604,0.5459243864148002,0.22901183761197752
0.9328395516236576,5.372392236319417,1.9266778794303765,6.383326630963953,0.7813250845199604,0.5111333864148002,0.3965528376119775
0.6035545516236578,5.296992236319417,2.0020578794303763,6.423026630963953,0.7877340845199603,0.49740038641480017,0.34345283761197754
0.7860495516236576,5.372392236319417,1.9266778794303765,6.307926630963953,0.7813250845199604,0.5532443864148002,0.22260283761197752
0.9328395516236576,5.562792236319417,1.6727678794303766,6.196926630963954,0.8399190845199603,0.5184583864148002,0.3828208376119775
0.8574605516236578,5.5230922363194175,1.7084778794303765,6.196926630963954,0.8225240845199604,0.49740038641480017,0.3361288376119775
0.6035545516236578,5.487392236319417,1.9266778794303765,6.196926630963954,0.8289330845199603,0.5733943864148001,0.26288583761197754
0.5281765516236577,5.598492236319418,1.9623778794303768,6.272226630963953,0.9168230845199603,0.6292343864148002,0.3764118376119775
0.8574605516236578,5.713492236319418,1.8195578794303768,6.272226630963953,0.9818260845199603,0.5733943864148001,0.28302783761197753
1.0439235516236578,5.713492236319418,1.9266778794303765,6.423026630963953,0.9937270845199604,0.4699353864148002,0.22260283761197752
0.9328395516236576,5.673892236319418,2.1845478794303768,6.498426630963953,0.9754170845199603,0.4140873864148002,0.3562698376119775
0.9328395516236576,5.673892236319418,2.1845478794303768,6.498426630963953,0.9754170845199603,0.4140873864148002,0.3562698376119775
1.0796285516236577,5.598492236319418,2.255957879430377,6.534126630963954,0.9461200845199603,0.5047253864148002,0.3361288376119775
1.4485855516236577,5.673892236319418,2.0377578794303766,6.684866630963954,0.8463280845199603,0.6219143864148002,0.22901183761197752
1.3375055516236576,5.598492236319418,2.255957879430377,6.6491566309639545,0.7758320845199604,0.6429743864148001,0.34986183761197753
1.1907125516236576,5.562792236319417,2.438457879430377,6.760236630963954,0.7282250845199604,0.5944443864148001,0.34345283761197754
1.3017955516236577,5.5230922363194175,2.2202578794303767,6.835616630963953,0.7465350845199603,0.5733943864148001,0.2894368376119775
1.3017955516236577,5.411992236319417,2.438457879430377,6.910996630963954,0.7227310845199604,0.4699353864148002,0.30957783761197755
1.3732055516236576,5.372392236319417,2.478127879430377,6.835616630963953,0.7163230845199604,0.5321903864148001,0.3297198376119775
1.5557055516236578,5.261292236319418,2.2202578794303767,6.986376630963953,0.7877340845199603,0.6914943864148002,0.27570383761197753
1.2621255516236576,5.150192236319418,2.1845478794303768,7.026046630963954,0.7520280845199603,0.6429743864148001,0.2958448376119775
1.0439235516236578,4.999392236319418,2.2956378794303767,7.026046630963954,0.7227310845199604,0.5395143864148002,0.3233108376119775
1.1510395516236578,4.959792236319418,1.8552678794303767,7.212506630963954,0.8463280845199603,0.5880343864148001,0.26288583761197754
0.8574605516236578,5.035092236319418,1.8552678794303767,7.212506630963954,0.7282250845199604,0.4836683864148002,0.3297198376119775
0.8217555516236577,4.884392236319417,1.8195578794303768,7.327566630963954,0.7520280845199603,0.5596543864148,0.2491538376119775
0.8217555516236577,4.884392236319417,1.9266778794303765,7.287886630963953,0.7813250845199604,0.6640243864148001,0.3233108376119775
0.7860495516236576,4.999392236319418,1.9623778794303768,7.137136630963953,0.9168230845199603,0.7052243864148002,0.25556183761197754
0.8574605516236578,5.035092236319418,2.0020578794303763,7.101426630963953,0.9223160845199604,0.7189543864148,0.3233108376119775
0.9685445516236577,4.924092236319417,1.8909678794303766,6.986376630963953,0.7465350845199603,0.6502943864148001,0.26288583761197754
0.7503445516236578,4.884392236319417,2.255957879430377,6.875296630963954,0.6696310845199603,0.6502943864148001,0.34345283761197754
1.0439235516236578,5.074792236319418,1.7441778794303768,6.6094866309639535,0.7758320845199604,0.6081843864148002,0.3233108376119775
0.8574605516236578,4.959792236319418,2.1488478794303765,6.498426630963953,0.7108300845199604,0.4424693864148002,0.3159868376119775
1.2621255516236576,4.924092236319417,1.7084778794303765,6.4587266309639535,0.8225240845199604,0.6777643864148002,0.2958448376119775
1.0042505516236577,4.733592236319417,1.7798878794303767,6.307926630963953,0.8170310845199604,0.6429743864148001,0.3159868376119775
0.7106715516236577,4.547192236319418,1.8552678794303767,6.423026630963953,0.8225240845199604,0.5184583864148002,0.28302783761197753
0.8574605516236578,4.6224922363194185,1.5259778794303769,6.347626630963953,0.9287250845199604,0.5459243864148002,0.2958448376119775
0.7106715516236577,4.733592236319417,1.6727678794303766,6.347626630963953,0.9168230845199603,0.5395143864148002,0.34345283761197754
0.5281765516236577,4.6224922363194185,1.8909678794303766,6.383326630963953,0.8225240845199604,0.5532443864148002,0.28302783761197753
0.6749655516236577,4.6224922363194185,1.9623778794303768,6.383326630963953,0.8582290845199604,0.5532443864148002,0.3031698376119775
1.0042505516236577,4.6224922363194185,1.8195578794303768,6.423026630963953,0.9342180845199604,0.5184583864148002,0.3297198376119775
1.1153345516236577,4.697892236319417,1.9623778794303768,6.423026630963953,0.9461200845199603,0.5321903864148001,0.22901183761197752
0.9685445516236577,4.697892236319417,2.1845478794303768,6.383326630963953,0.9635150845199604,0.5807143864148001,0.3031698376119775
0.9685445516236577,4.697892236319417,2.1845478794303768,6.383326630963953,0.9635150845199604,0.5807143864148001,0.3031698376119775
1.0796285516236577,4.733592236319417,2.331337879430377,6.423026630963953,0.9461200845199603,0.6017743864148002,0.3901448376119775
1.3732055516236576,4.658292236319419,2.0734678794303765,6.347626630963953,0.8582290845199604,0.5880343864148001,0.24274483761197752
1.4089155516236576,4.507492236319418,2.1091678794303768,6.307926630963953,0.7758320845199604,0.5944443864148001,0.3159868376119775
1.2621255516236576,4.6224922363194185,2.331337879430377,6.4587266309639535,0.6815330845199603,0.6081843864148002,0.3562698376119775
1.4842955516236576,4.6224922363194185,2.438457879430377,6.4587266309639535,0.6458270845199603,0.4909923864148002,0.3901448376119775
1.6667855516236576,4.432092236319418,2.402747879430377,6.534126630963954,0.6989280845199604,0.5111333864148002,0.3233108376119775
1.6310855516236578,4.170292236319417,2.331337879430377,6.498426630963953,0.7575210845199604,0.5669843864148001,0.25556183761197754
1.3017955516236577,3.979792236319417,2.331337879430377,6.498426630963953,0.7987200845199603,0.5459243864148002,0.3635938376119775
1.3017955516236577,3.979792236319417,2.331337879430377,6.498426630963953,0.7987200845199603,0.5459243864148002,0.3635938376119775
1.1907125516236576,3.8687922363194183,2.255957879430377,6.6491566309639545,0.8106220845199603,0.5532443864148002,0.3233108376119775
1.3732055516236576,3.717992236319418,2.1091678794303768,6.760236630963954,0.8463280845199603,0.6292343864148002,0.3031698376119775
1.3375055516236576,3.642592236319418,2.0020578794303763,6.835616630963953,0.8582290845199604,0.5807143864148001,0.3031698376119775
1.0796285516236577,3.5671922363194177,2.0734678794303765,6.875296630963954,0.8051290845199603,0.5257823864148001,0.3233108376119775
1.0042505516236577,3.642592236319418,1.9266778794303765,7.061756630963954,0.8106220845199603,0.5459243864148002,0.3159868376119775
0.9328395516236576,3.5314922363194174,1.8195578794303768,7.212506630963954,0.7758320845199604,0.5459243864148002,0.2958448376119775
0.8971335516236578,3.341092236319417,1.9266778794303765,7.287886630963953,0.7639300845199604,0.5596543864148,0.26929483761197753
1.0796285516236577,3.2299922363194185,1.7441778794303768,7.398976630963954,0.8518210845199604,0.6081843864148002,0.3764118376119775
1.0439235516236578,3.2299922363194185,1.8195578794303768,7.363266630963954,0.8875260845199604,0.6704343864148001,0.2894368376119775
1.0439235516236578,3.2299922363194185,1.8195578794303768,7.363266630963954,0.8875260845199604,0.6704343864148001,0.2894368376119775
1.1907125516236576,3.039592236319418,1.9266778794303765,7.514026630963954,0.8637230845199604,0.6567043864148001,0.3635938376119775
1.2621255516236576,3.003892236319418,1.8552678794303767,7.474356630963953,0.8170310845199604,0.7189543864148,0.3031698376119775
1.0042505516236577,3.003892236319418,2.1488478794303765,7.474356630963953,0.7346330845199603,0.7400143864148001,0.3233108376119775
1.1510395516236578,2.9284922363194177,1.7798878794303767,7.176806630963954,0.7227310845199604,0.6365643864148001,0.2894368376119775
1.1153345516236577,2.7380922363194173,2.0020578794303763,7.101426630963953,0.7282250845199604,0.5669843864148001,0.3297198376119775
1.2264155516236577,2.5515922363194186,1.6330978794303765,6.950666630963953,0.7346330845199603,0.5184583864148002,0.2958448376119775
0.8574605516236578,2.4365922363194183,1.6330978794303765,6.875296630963954,0.7987200845199603,0.5321903864148001,0.3700028376119775
0.6749655516236577,2.400892236319418,1.5973878794303766,6.835616630963953,0.8170310845199604,0.49740038641480017,0.3361288376119775
1.0042505516236577,2.587292236319417,1.4148978794303766,6.760236630963954,0.8289330845199603,0.39394638641480023,0.3031698376119775
0.8574605516236578,2.662692236319417,1.4148978794303766,6.724536630963954,0.8637230845199604,0.4772593864148002,0.3361288376119775
0.7106715516236577,2.777792236319417,1.6727678794303766,6.6094866309639535,0.9049210845199603,0.6017743864148002,0.3159868376119775
0.8971335516236578,2.8530922363194176,1.5973878794303766,6.5738266309639535,0.9635150845199604,0.6155043864148002,0.25556183761197754
1.1153345516236577,3.003892236319418,1.5616878794303768,6.423026630963953,1.0459130845199605,0.5184583864148002,0.3297198376119775
1.1153345516236577,3.003892236319418,1.9623778794303768,6.383326630963953,0.9525290845199603,0.5669843864148001,0.28302783761197753
1.3375055516236576,3.079292236319418,1.9266778794303765,6.232626630963953,0.7932270845199604,0.6502943864148001,0.30957783761197755
1.3732055516236576,3.079292236319418,2.1845478794303768,6.307926630963953,0.7346330845199603,0.5669843864148001,0.3159868376119775
1.4842955516236576,3.003892236319418,2.2202578794303767,6.196926630963954,0.7465350845199603,0.5321903864148001,0.2958448376119775
1.5953755516236576,3.039592236319418,2.0734678794303765,6.196926630963954,0.7932270845199604,0.5669843864148001,0.3297198376119775
1.6667855516236576,2.888792236319418,1.9266778794303765,6.196926630963954,0.8289330845199603,0.5807143864148001,0.3297198376119775
1.2621255516236576,2.626992236319417,1.9266778794303765,6.1572266309639545,0.8106220845199603,0.5395143864148002,0.26288583761197754
1.1153345516236577,2.5119922363194185,2.0020578794303763,6.232626630963953,0.8106220845199603,0.4424693864148002,0.3031698376119775
1.1153345516236577,2.5119922363194185,2.0020578794303763,6.232626630963953,0.8106220845199603,0.4424693864148002,0.3031698376119775
1.2621255516236576,2.626992236319417,1.8552678794303767,6.4587266309639535,0.8701310845199604,0.4909923864148002,0.3361288376119775
1.3017955516236577,2.5515922363194186,1.7798878794303767,6.5738266309639535,0.8701310845199604,0.5596543864148,0.23542083761197752
1.1510395516236578,2.5515922363194186,1.8909678794303766,6.6491566309639545,0.8225240845199604,0.5257823864148001,0.3828208376119775
1.0796285516236577,2.4365922363194183,1.8195578794303768,6.724536630963954,0.7694230845199603,0.5395143864148002,0.3635938376119775
1.0796285516236577,2.587292236319417,1.7798878794303767,6.835616630963953,0.8106220845199603,0.6219143864148002,0.23542083761197752
1.0042505516236577,2.777792236319417,1.8552678794303767,6.950666630963953,0.8582290845199604,0.6365643864148001,0.34986183761197753
1.0439235516236578,2.7380922363194173,1.8909678794303766,6.986376630963953,0.8701310845199604,0.6850843864148002,0.3361288376119775
1.1907125516236576,2.7380922363194173,1.8909678794303766,7.101426630963953,0.9168230845199603,0.7473443864148002,0.22260283761197752
1.3375055516236576,2.662692236319417,1.8909678794303766,7.061756630963954,0.9049210845199603,0.7336043864148001,0.3361288376119775
1.3017955516236577,2.702392236319417,1.9266778794303765,6.986376630963953,0.8701310845199604,0.7473443864148002,0.3297198376119775
1.2621255516236576,2.626992236319417,1.8552678794303767,6.986376630963953,0.8811180845199603,0.7610743864148002,0.26929483761197753
1.0796285516236577,2.5119922363194185,2.0020578794303763,7.026046630963954,0.7987200845199603,0.7537443864148001,0.3031698376119775
1.1510395516236578,2.4761922363194184,1.8552678794303767,6.986376630963953,0.7758320845199604,0.6567043864148001,0.3233108376119775
1.2264155516236577,2.4761922363194184,1.8552678794303767,7.061756630963954,0.7639300845199604,0.5532443864148002,0.3361288376119775
1.0796285516236577,2.4761922363194184,1.9623778794303768,6.910996630963954,0.7227310845199604,0.5944443864148001,0.26288583761197754
1.1907125516236576,2.325492236319418,1.8909678794303766,6.986376630963953,0.7401260845199604,0.7052243864148002,0.30957783761197755
1.2621255516236576,2.2143922363194175,1.5973878794303766,6.835616630963953,0.7227310845199604,0.6777643864148002,0.3031698376119775
0.9328395516236576,2.0635922363194172,1.4863078794303768,6.875296630963954,0.7694230845199603,0.6365643864148001,0.26929483761197753
0.6392605516236578,2.1389922363194174,1.5616878794303768,6.950666630963953,0.8106220845199603,0.6502943864148001,0.34986183761197753
0.6392605516236578,2.250092236319418,1.4505978794303769,7.137136630963953,0.8463280845199603,0.6429743864148001,0.3159868376119775
0.8574605516236578,2.361192236319418,1.3038078794303767,7.137136630963953,0.8399190845199603,0.5733943864148001,0.2491538376119775
0.8971335516236578,2.325492236319418,1.3434878794303768,7.212506630963954,0.8344260845199604,0.5807143864148001,0.3361288376119775
0.7860495516236576,2.400892236319418,1.4863078794303768,7.212506630963954,0.7932270845199604,0.6081843864148002,0.30957783761197755
0.7860495516236576,2.361192236319418,1.5973878794303766,7.176806630963954,0.8225240845199604,0.6704343864148001,0.22901183761197752
1.0796285516236577,2.4365922363194183,1.5973878794303766,7.137136630963953,0.9406270845199604,0.7336043864148001,0.27570383761197753
1.0796285516236577,2.4365922363194183,1.5973878794303766,7.137136630963953,0.9992210845199604,0.7610743864148002,0.2958448376119775
1.1907125516236576,2.2143922363194175,1.9266778794303765,7.061756630963954,0.9287250845199604,0.6567043864148001,0.27570383761197753
1.4089155516236576,2.1389922363194174,1.5973878794303766,7.176806630963954,0.8756240845199603,0.7336043864148001,0.30957783761197755
1.4089155516236576,2.023992236319417,1.8195578794303768,7.026046630963954,0.7758320845199604,0.7189543864148,0.27570383761197753
1.3375055516236576,1.6867922363194179,1.7798878794303767,6.910996630963954,0.6989280845199604,0.6219143864148002,0.3700028376119775
1.3375055516236576,1.6867922363194179,1.7798878794303767,6.910996630963954,0.6989280845199604,0.6219143864148002,0.3700028376119775
1.6310855516236578,1.4605922363194175,1.9623778794303768,6.910996630963954,0.7465350845199603,0.5596543864148,0.26929483761197753
1.4089155516236576,1.0082922363194182,1.8552678794303767,6.875296630963954,0.7758320845199604,0.5807143864148001,0.26929483761197753
1.1907125516236576,0.8179122363194171,1.8195578794303768,6.875296630963954,0.7813250845199604,0.5532443864148002,0.3031698376119775
1.2264155516236577,0.893292236319418,1.5616878794303768,6.875296630963954,0.8289330845199603,0.5395143864148002,0.26288583761197754
1.1907125516236576,0.9686922363194181,1.5616878794303768,7.101426630963953,0.8701310845199604,0.5807143864148001,0.2958448376119775
1.0042505516236577,0.7822022363194172,1.5616878794303768,7.101426630963953,0.8051290845199603,0.5807143864148001,0.26929483761197753
1.0796285516236577,0.7068322363194177,1.3791878794303767,7.176806630963954,0.7932270845199604,0.6777643864148002,0.3031698376119775
0.8574605516236578,0.6314522363194186,1.4863078794303768,7.026046630963954,0.7987200845199603,0.6502943864148001,0.27570383761197753
1.0042505516236577,0.5560722363194177,1.4505978794303769,7.061756630963954,0.8518210845199604,0.6365643864148001,0.3159868376119775
1.1153345516236577,0.5560722363194177,1.4148978794303766,6.910996630963954,0.8637230845199604,0.5944443864148001,0.30957783761197755
1.0796285516236577,0.5203622363194178,1.232397879430377,6.910996630963954,0.8225240845199604,0.7052243864148002,0.26288583761197754
0.8574605516236578,0.3696122363194174,1.5259778794303769,6.835616630963953,0.7520280845199603,0.7537443864148001,0.25556183761197754
0.8574605516236578,0.3696122363194174,1.5259778794303769,6.835616630963953,0.7520280845199603,0.7537443864148001,0.25556183761197754
1.0796285516236577,0.5957422363194169,1.1966978794303766,6.724536630963954,0.8637230845199604,0.5395143864148002,0.26288583761197754
1.0439235516236578,0.5560722363194177,1.4863078794303768,6.760236630963954,0.8463280845199603,0.5184583864148002,0.22260283761197752
0.9685445516236577,0.6314522363194186,1.3434878794303768,6.760236630963954,0.8811180845199603,0.6017743864148002,0.34345283761197754
1.0042505516236577,0.5560722363194177,1.232397879430377,6.724536630963954,0.8463280845199603,0.6219143864148002,0.26288583761197754
0.7106715516236577,0.6711222363194178,0.9745278794303769,6.6094866309639535,0.8463280845199603,0.6988143864148002,0.27570383761197753
0.5638815516236577,0.6711222363194178,1.157017879430377,6.6094866309639535,0.8582290845199604,0.6704343864148001,0.34345283761197754
0.5281765516236577,0.7465022363194169,1.0102378794303768,6.5738266309639535,0.9049210845199603,0.5944443864148001,0.30957783761197755
0.6749655516236577,0.9329922363194179,0.9031178794303767,6.684866630963954,0.9525290845199603,0.5733943864148001,0.25556183761197754
0.5281765516236577,0.9329922363194179,0.8674078794303768,6.724536630963954,0.9635150845199604,0.5880343864148001,0.2894368376119775
0.45676555162365773,0.8179122363194171,0.9745278794303769,6.6491566309639545,0.8930190845199604,0.6429743864148001,0.3297198376119775
0.5638815516236577,0.8179122363194171,0.9745278794303769,6.724536630963954,0.8701310845199604,0.6914943864148002,0.2491538376119775
0.7503445516236578,0.8575922363194177,1.049907879430377,6.684866630963954,0.9461200845199603,0.7052243864148002,0.3159868376119775
0.8217555516236577,0.7822022363194172,1.1213178794303766,6.534126630963954,0.9525290845199603,0.6219143864148002,0.27570383761197753
0.9328395516236576,0.6711222363194178,1.2681078794303768,6.5738266309639535,0.9461200845199603,0.5669843864148001,0.26288583761197754
1.0042505516236577,0.5957422363194169,1.4863078794303768,6.534126630963954,0.9406270845199604,0.6017743864148002,0.30957783761197755
1.1907125516236576,0.5203622363194178,1.4148978794303766,6.6094866309639535,0.8930190845199604,0.6429743864148001,0.26929483761197753
1.3017955516236577,0.4449822363194169,1.232397879430377,6.534126630963954,0.8344260845199604,0.6219143864148002,0.3159868376119775
1.1907125516236576,0.2545622363194173,1.5616878794303768,6.534126630963954,0.7520280845199603,0.6081843864148002,0.2958448376119775
1.2264155516236577,0.2545622363194173,1.3791878794303767,6.498426630963953,0.7694230845199603,0.5733943864148001,0.27570383761197753
1.2264155516236577,0.2545622363194173,1.7798878794303767,6.423026630963953,0.7401260845199604,0.5321903864148001,0.3159868376119775
1.4485855516236577,0.4449822363194169,1.5616878794303768,6.4587266309639535,0.7813250845199604,0.5596543864148,0.26929483761197753
1.5199955516236576,0.3299322363194186,1.5259778794303769,6.534126630963954,0.8106220845199603,0.6081843864148002,0.26288583761197754
1.2621255516236576,0.1791822363194182,1.4505978794303769,6.534126630963954,0.7401260845199604,0.5807143864148001,0.3361288376119775
1.0439235516236578,0.10380223631941732,1.3791878794303767,6.5738266309639535,0.8051290845199603,0.6219143864148002,0.22260283761197752
1.0796285516236577,0.007287763680581705,1.3038078794303767,6.6094866309639535,0.8225240845199604,0.6292343864148002,0.34986183761197753
1.0439235516236578,0.04695776368058269,1.2681078794303768,6.760236630963954,0.8811180845199603,0.6017743864148002,0.3159868376119775
0.9685445516236577,0.10380223631941732,1.3038078794303767,6.7999166309639545,0.8582290845199604,0.5880343864148001,0.3233108376119775
1.0439235516236578,0.06809223631941741,1.232397879430377,6.835616630963953,0.7639300845199604,0.6081843864148002,0.28302783761197753
1.0796285516236577,0.08265776368058297,1.232397879430377,6.760236630963954,0.7520280845199603,0.7052243864148002,0.3159868376119775
1.0042505516236577,0.007287763680581705,1.2681078794303768,6.760236630963954,0.8051290845199603,0.5944443864148001,0.26929483761197753
1.0042505516236577,0.04695776368058269,1.3038078794303767,6.760236630963954,0.8051290845199603,0.5111333864148002,0.26929483761197753
1.1907125516236576,0.1223377636805818,1.157017879430377,6.760236630963954,0.7465350845199603,0.6292343864148002,0.22901183761197752
1.0796285516236577,0.1223377636805818,1.1213178794303766,6.724536630963954,0.6870260845199604,0.6850843864148002,0.3297198376119775
0.8971335516236578,0.04695776368058269,1.3038078794303767,6.835616630963953,0.6229390845199604,0.6850843864148002,0.3031698376119775
1.0042505516236577,0.10380223631941732,1.3038078794303767,6.760236630963954,0.6339250845199604,0.5532443864148002,0.26288583761197754
1.0796285516236577,0.04695776368058269,1.1213178794303766,6.760236630963954,0.6815330845199603,0.6429743864148001,0.3233108376119775
0.8574605516236578,0.384177763680583,0.9031178794303767,6.724536630963954,0.6046280845199603,0.7125543864148001,0.2958448376119775
0.7503445516236578,0.4238477636805822,0.7920278794303768,6.875296630963954,0.5927270845199604,0.6850843864148002,0.2894368376119775
0.6035545516236578,0.4595577636805821,0.7563278794303765,6.910996630963954,0.6110370845199604,0.5944443864148001,0.2491538376119775
0.6392605516236578,0.384177763680583,0.7206178794303766,6.950666630963953,0.6284320845199604,0.6155043864148002,0.28302783761197753
0.6392605516236578,0.384177763680583,0.7206178794303766,6.950666630963953,0.6284320845199604,0.6155043864148002,0.28302783761197753
0.6392605516236578,0.384177763680583,0.7206178794303766,6.950666630963953,0.6284320845199604,0.6155043864148002,0.28302783761197753
0.7860495516236576,0.8721477636805819,0.7563278794303765,7.101426630963953,0.6165300845199604,0.7400143864148001,0.2958448376119775
1.0042505516236577,0.9118277636805825,0.9031178794303767,7.026046630963954,0.6815330845199603,0.7473443864148002,0.27570383761197753
1.0796285516236577,0.9118277636805825,0.9031178794303767,7.026046630963954,0.7227310845199604,0.7336043864148001,0.22260283761197752
1.0042505516236577,1.0625777636805829,1.0856078794303767,6.986376630963953,0.6751240845199604,0.6988143864148002,0.3031698376119775
1.1907125516236576,1.0982877636805828,1.232397879430377,7.026046630963954,0.6229390845199604,0.6850843864148002,0.3159868376119775
1.4842955516236576,1.213337763680582,1.1213178794303766,6.986376630963953,0.5515280845199604,0.7336043864148001,0.22901183761197752
1.4089155516236576,1.249047763680582,1.232397879430377,6.910996630963954,0.4462420845199604,0.7674843864148002,0.27570383761197753
1.3732055516236576,1.3997977636805823,1.3434878794303768,6.910996630963954,0.36933788451996036,0.7052243864148002,0.3361288376119775
1.3375055516236576,1.4751777636805823,1.3791878794303767,6.986376630963953,0.39314168451996034,0.6292343864148002,0.24274483761197752
1.6310855516236578,1.4751777636805823,1.4505978794303769,6.986376630963953,0.3986347845199604,0.5944443864148001,0.24274483761197752
1.7024955516236577,1.5902277636805824,1.232397879430377,6.910996630963954,0.5103290845199604,0.6219143864148002,0.3159868376119775
1.5199955516236576,1.7013177636805823,1.3038078794303767,6.835616630963953,0.46363708451996033,0.6429743864148001,0.26288583761197754
1.3017955516236577,1.8163677636805824,1.2681078794303768,6.875296630963954,0.4462420845199604,0.7052243864148002,0.2894368376119775
1.3375055516236576,1.8917477636805824,1.157017879430377,6.875296630963954,0.4810320845199604,0.7052243864148002,0.2491538376119775
1.3375055516236576,1.7013177636805823,1.0102378794303768,6.910996630963954,0.5103290845199604,0.6704343864148001,0.28302783761197753
1.3375055516236576,1.7013177636805823,1.0102378794303768,6.910996630963954,0.5103290845199604,0.6704343864148001,0.28302783761197753
1.2264155516236577,1.3997977636805823,0.9745278794303769,6.986376630963953,0.5579360845199604,0.5669843864148001,0.26288583761197754
1.2264155516236577,1.3997977636805823,0.9745278794303769,6.986376630963953,0.5579360845199604,0.5669843864148001,0.26288583761197754
1.2264155516236577,1.3244177636805823,0.9388178794303765,6.986376630963953,0.5286400845199604,0.5807143864148001,0.26288583761197754
1.3017955516236577,1.249047763680582,0.9031178794303767,6.875296630963954,0.5167380845199604,0.6777643864148002,0.3233108376119775
1.3017955516236577,1.249047763680582,0.9388178794303765,6.950666630963953,0.5405410845199603,0.7473443864148002,0.21527883761197752
1.3017955516236577,1.0982877636805828,1.049907879430377,6.875296630963954,0.5405410845199603,0.6914943864148002,0.26929483761197753
1.3375055516236576,0.9872077636805816,0.9388178794303765,6.875296630963954,0.6522360845199604,0.5807143864148001,0.30957783761197755
1.3375055516236576,1.0982877636805828,1.049907879430377,6.875296630963954,0.6339250845199604,0.5596543864148,0.22901183761197752
1.4485855516236577,1.0982877636805828,1.0856078794303767,6.835616630963953,0.5817400845199604,0.6502943864148001,0.28302783761197753
1.5557055516236578,1.0625777636805829,0.7920278794303768,6.835616630963953,0.5222310845199604,0.7885343864148002,0.25556183761197754
1.4089155516236576,1.0982877636805828,0.9745278794303769,6.684866630963954,0.4462420845199604,0.8297343864148001,0.26929483761197753
1.1907125516236576,1.288717763680582,1.0102378794303768,6.724536630963954,0.36933788451996036,0.6850843864148002,0.3159868376119775
1.3017955516236577,1.249047763680582,1.0856078794303767,6.684866630963954,0.4343403845199604,0.6219143864148002,0.28302783761197753
1.4842955516236576,1.3244177636805823,0.9031178794303767,6.835616630963953,0.49934308451996035,0.6429743864148001,0.26288583761197754
1.4485855516236577,1.4751777636805823,0.7920278794303768,6.760236630963954,0.5515280845199604,0.6502943864148001,0.34345283761197754
1.2264155516236577,1.7409877636805824,0.7206178794303766,6.835616630963953,0.4462420845199604,0.6081843864148002,0.3159868376119775
1.2621255516236576,1.6259377636805823,0.5738278794303768,6.835616630963953,0.46363708451996033,0.5807143864148001,0.3297198376119775
1.1153345516236577,1.439477763680582,0.7563278794303765,6.7999166309639545,0.4462420845199604,0.5395143864148002,0.26288583761197754
1.1907125516236576,1.364097763680582,0.6809478794303765,6.835616630963953,0.5167380845199604,0.6502943864148001,0.3361288376119775
1.2621255516236576,1.439477763680582,0.7563278794303765,6.760236630963954,0.5460350845199604,0.6567043864148001,0.3297198376119775
1.1907125516236576,1.5505577636805823,0.7920278794303768,6.7999166309639545,0.5286400845199604,0.6914943864148002,0.26929483761197753
1.5199955516236576,1.7409877636805824,0.9388178794303765,6.835616630963953,0.5167380845199604,0.6850843864148002,0.2894368376119775
1.6667855516236576,1.6259377636805823,0.9388178794303765,6.910996630963954,0.5286400845199604,0.6567043864148001,0.27570383761197753
1.8492855516236577,1.7766977636805823,1.3434878794303768,6.875296630963954,0.36933788451996036,0.6988143864148002,0.34986183761197753
2.035745551623658,1.8520677636805827,1.1966978794303766,6.760236630963954,0.34553422051996036,0.7748043864148002,0.2958448376119775
1.8889555516236576,2.264667763680582,1.232397879430377,6.724536630963954,0.24024808451996038,0.6704343864148001,0.3297198376119775
1.7778755516236577,2.193257763680582,1.4863078794303768,6.6491566309639545,0.25215038451996036,0.6567043864148001,0.3562698376119775
2.0714455516236576,2.1535877636805827,1.4148978794303766,6.5738266309639535,0.28694048451996035,0.6502943864148001,0.27570383761197753
2.2539455516236577,2.1535877636805827,1.1213178794303766,6.5738266309639535,0.34004105451996036,0.6914943864148002,0.3828208376119775
1.9960755516236577,2.304337763680582,1.4148978794303766,6.4587266309639535,0.26954548451996035,0.7262843864148001,0.30957783761197755
1.7421655516236576,2.304337763680582,1.4148978794303766,6.4587266309639535,0.2576435845199604,0.7610743864148002,0.3031698376119775
1.8492855516236577,2.193257763680582,1.1213178794303766,6.5738266309639535,0.2576435845199604,0.7400143864148001,0.3361288376119775
1.8492855516236577,2.193257763680582,1.1213178794303766,6.498426630963953,0.2933491845199604,0.7473443864148002,0.26929483761197753
1.6667855516236576,2.304337763680582,1.1966978794303766,6.6094866309639535,0.34004105451996036,0.6704343864148001,0.34345283761197754
1.7024955516236577,2.340047763680582,1.0856078794303767,6.6094866309639535,0.28694048451996035,0.6292343864148002,0.2894368376119775
1.7024955516236577,2.455097763680582,1.0102378794303768,6.6491566309639545,0.2814472845199604,0.7189543864148,0.3031698376119775
1.7421655516236576,2.530477763680582,0.9388178794303765,6.6491566309639545,0.29884228451996037,0.7610743864148002,0.30957783761197755
1.7421655516236576,2.605857763680582,0.9745278794303769,6.6094866309639535,0.2814472845199604,0.7885343864148002,0.28302783761197753
1.6667855516236576,2.6415577636805825,1.1213178794303766,6.6491566309639545,0.2750385845199604,0.7812143864148002,0.3361288376119775
1.6667855516236576,2.566187763680582,0.9388178794303765,6.6094866309639535,0.33454788451996037,0.7400143864148001,0.34986183761197753
1.7778755516236577,2.7169377636805825,1.1213178794303766,6.6094866309639535,0.26954548451996035,0.7189543864148,0.22901183761197752
1.8889555516236576,2.9073677636805826,1.157017879430377,6.534126630963954,0.24024808451996038,0.8022743864148001,0.34345283761197754
1.8889555516236576,2.9073677636805826,1.157017879430377,6.534126630963954,0.24024808451996038,0.8022743864148001,0.34345283761197754
1.8889555516236576,2.9073677636805826,1.157017879430377,6.534126630963954,0.24024808451996038,0.8022743864148001,0.34345283761197754
1.6310855516236578,3.2088877636805826,0.9031178794303767,6.498426630963953,0.21095208451996036,0.6502943864148001,0.34986183761197753
1.6310855516236578,3.2088877636805826,0.9031178794303767,6.498426630963953,0.21095208451996036,0.6502943864148001,0.34986183761197753
1.5199955516236576,3.244587763680582,1.049907879430377,6.423026630963953,0.23384008451996036,0.6292343864148002,0.30957783761197755
1.8135755516236576,3.169207763680582,0.9745278794303769,6.423026630963953,0.2576435845199604,0.6502943864148001,0.22901183761197752
2.035745551623658,3.2088877636805826,0.7563278794303765,6.347626630963953,0.2933491845199604,0.6988143864148002,0.3635938376119775
1.6310855516236578,3.359637763680582,0.9031178794303767,6.383326630963953,0.19264108451996037,0.6777643864148002,0.30957783761197755
1.4089155516236576,3.470727763680582,0.9388178794303765,6.307926630963953,0.17524608451996035,0.6567043864148001,0.34345283761197754
1.4089155516236576,3.359637763680582,0.6452378794303766,6.347626630963953,0.25215038451996036,0.7052243864148002,0.3031698376119775
1.2621255516236576,3.359637763680582,0.5738278794303768,6.347626630963953,0.2576435845199604,0.7189543864148,0.3031698376119775
1.2621255516236576,3.359637763680582,0.5738278794303768,6.347626630963953,0.2576435845199604,0.7189543864148,0.3031698376119775
1.2264155516236577,3.435017763680582,0.5738278794303768,6.307926630963953,0.29884228451996037,0.7189543864148,0.3361288376119775
1.3017955516236577,3.359637763680582,0.46274787943037654,6.307926630963953,0.31074418451996033,0.6914943864148002,0.27570383761197753
1.2621255516236576,3.319967763680582,0.42703787943037663,6.272226630963953,0.2750385845199604,0.6567043864148001,0.30957783761197755
1.3375055516236576,3.244587763680582,0.46274787943037654,6.307926630963953,0.2576435845199604,0.6914943864148002,0.30957783761197755
1.4089155516236576,3.169207763680582,0.46274787943037654,6.307926630963953,0.28694048451996035,0.7537443864148001,0.25556183761197754
1.4485855516236577,3.0184577636805825,0.7206178794303766,6.272226630963953,0.32264608451996035,0.7189543864148,0.3562698376119775
1.5953755516236576,3.0184577636805825,0.7206178794303766,6.1572266309639545,0.42793168451996033,0.6640243864148001,0.22901183761197752
1.7024955516236577,3.0184577636805825,0.9031178794303767,5.970726630963954,0.33454788451996037,0.6850843864148002,0.3297198376119775
1.8135755516236576,2.9827477636805826,0.6452378794303766,5.8200266309639535,0.2933491845199604,0.7610743864148002,0.28302783761197753
1.4485855516236577,3.2088877636805826,0.8674078794303768,5.8200266309639535,0.12855408451996037,0.6914943864148002,0.3635938376119775
1.5953755516236576,3.093827763680582,0.9388178794303765,5.895326630963954,0.19264108451996037,0.6502943864148001,0.2894368376119775
1.7024955516236577,3.319967763680582,0.42703787943037663,5.8596266309639535,0.16975308451996035,0.6567043864148001,0.27570383761197753
1.2621255516236576,3.5460977636805824,0.6809478794303765,5.8596266309639535,0.17524608451996035,0.5880343864148001,0.34345283761197754
1.4089155516236576,3.6214777636805824,0.42703787943037663,5.970726630963954,0.21644508451996036,0.6704343864148001,0.3031698376119775
1.3732055516236576,3.6214777636805824,0.5738278794303768,5.935026630963954,0.31074418451996033,0.5733943864148001,0.3361288376119775
1.5199955516236576,3.319967763680582,0.5341578794303767,5.8596266309639535,0.31623738451996036,0.7125543864148001,0.25556183761197754
1.5557055516236578,3.395347763680582,0.6095378794303767,5.708926630963953,0.32264608451996035,0.8297343864148001,0.3031698376119775
1.5557055516236578,3.435017763680582,0.4984578794303769,5.784326630963953,0.3986347845199604,0.7885343864148002,0.26929483761197753
1.4842955516236576,3.585777763680582,0.5738278794303768,5.744626630963953,0.39314168451996034,0.7189543864148,0.34345283761197754
1.6310855516236578,3.585777763680582,0.6095378794303767,5.669226630963953,0.3281391845199604,0.7336043864148001,0.3297198376119775
1.7024955516236577,3.5460977636805824,0.7206178794303766,5.633526630963953,0.26954548451996035,0.7885343864148002,0.3361288376119775
1.7024955516236577,3.6214777636805824,0.6452378794303766,5.5185266309639545,0.16334408451996035,0.7748043864148002,0.2894368376119775
1.6310855516236578,3.7325677636805823,0.46274787943037654,5.482726630963954,0.16975308451996035,0.7537443864148001,0.3361288376119775
1.4089155516236576,3.8079477636805823,0.3516678794303767,5.443126630963954,0.18073908451996037,0.6640243864148001,0.3159868376119775
1.4089155516236576,3.8079477636805823,0.3516678794303767,5.443126630963954,0.18073908451996037,0.6640243864148001,0.3159868376119775
1.2621255516236576,3.9229977636805824,0.5738278794303768,5.443126630963954,0.18073908451996037,0.6429743864148001,0.2958448376119775
1.5557055516236578,4.034077763680583,0.28024787943037666,5.558126630963953,0.26313678451996037,0.6850843864148002,0.34986183761197753
1.5557055516236578,4.034077763680583,0.28024787943037666,5.558126630963953,0.26313678451996037,0.6850843864148002,0.34986183761197753
1.2264155516236577,4.299887763680582,0.3913378794303768,5.482726630963954,0.22193808451996036,0.6429743864148001,0.3159868376119775
1.1510395516236578,4.184837763680583,0.20487787943037672,5.443126630963954,0.22834708451996036,0.7125543864148001,0.3635938376119775
1.3375055516236576,4.109457763680583,0.01332212056962323,5.5185266309639545,0.2750385845199604,0.7262843864148001,0.28302783761197753
1.2621255516236576,4.109457763680583,0.13346787943037675,5.593826630963953,0.26954548451996035,0.7125543864148001,0.2958448376119775
1.1153345516236577,4.184837763680583,0.28024787943037666,5.633526630963953,0.2933491845199604,0.6777643864148002,0.3361288376119775
1.3017955516236577,4.149127763680582,0.20487787943037672,5.633526630963953,0.2933491845199604,0.6429743864148001,0.2958448376119775
1.3375055516236576,4.299887763680582,0.13346787943037675,5.593826630963953,0.32264608451996035,0.6988143864148002,0.30957783761197755
1.3017955516236577,4.410967763680582,0.1691678794303768,5.593826630963953,0.33454788451996037,0.7189543864148,0.27570383761197753
1.4089155516236576,4.561727763680582,0.28024787943037666,5.5185266309639545,0.32264608451996035,0.7189543864148,0.2958448376119775
1.3732055516236576,4.526017763680582,0.3516678794303767,5.443126630963954,0.30433548451996034,0.7336043864148001,0.28302783761197753
1.5557055516236578,4.486347763680582,0.3516678794303767,5.482726630963954,0.29884228451996037,0.6988143864148002,0.34345283761197754
1.7024955516236577,4.526017763680582,0.5341578794303767,5.482726630963954,0.22193808451996036,0.7052243864148002,0.3562698376119775
1.5953755516236576,4.637107763680582,0.7206178794303766,5.5185266309639545,0.15144208451996036,0.7262843864148001,0.3159868376119775
1.8492855516236577,4.752157763680582,0.7920278794303768,5.482726630963954,0.13404708451996036,0.7473443864148002,0.3159868376119775
1.8492855516236577,4.752157763680582,0.7920278794303768,5.482726630963954,0.13404708451996036,0.7473443864148002,0.3159868376119775
2.035745551623658,4.938617763680583,0.5341578794303767,5.332026630963954,0.13404708451996036,0.7125543864148001,0.3233108376119775
1.8492855516236577,5.164757763680583,0.42703787943037663,5.443126630963954,0.15785108451996036,0.6704343864148001,0.34345283761197754
1.5557055516236578,5.240137763680583,0.8674078794303768,5.407426630963954,0.14594908451996036,0.5596543864148,0.2958448376119775
1.8135755516236576,5.315507763680582,0.7206178794303766,5.443126630963954,0.22193808451996036,0.6017743864148002,0.3297198376119775
2.035745551623658,5.275837763680583,0.3516678794303767,5.443126630963954,0.24574178451996037,0.6850843864148002,0.3031698376119775
2.035745551623658,5.275837763680583,0.3516678794303767,5.443126630963954,0.24574178451996037,0.6850843864148002,0.3031698376119775
1.4842955516236576,5.541647763680582,0.6095378794303767,5.443126630963954,0.13954008451996036,0.7125543864148001,0.3700028376119775
1.5557055516236578,5.577347763680582,0.28024787943037666,5.633526630963953,0.21644508451996036,0.7537443864148001,0.3031698376119775
1.4089155516236576,5.541647763680582,0.3913378794303768,5.708926630963953,0.19905008451996037,0.7473443864148002,0.3562698376119775
1.4089155516236576,5.652727763680582,0.3913378794303768,5.8200266309639535,0.26954548451996035,0.7125543864148001,0.2958448376119775
1.4089155516236576,5.501977763680582,0.2445478794303768,5.784326630963953,0.19905008451996037,0.7885343864148002,0.34345283761197754
1.4089155516236576,5.501977763680582,0.13346787943037675,5.935026630963954,0.19905008451996037,0.7812143864148002,0.3361288376119775
1.4089155516236576,5.200457763680582,0.2445478794303768,5.8596266309639535,0.26954548451996035,0.7885343864148002,0.3233108376119775
1.4089155516236576,5.129047763680583,0.13346787943037675,5.784326630963953,0.32264608451996035,0.7262843864148001,0.30957783761197755
1.4485855516236577,5.053667763680583,0.20487787943037672,5.744626630963953,0.28694048451996035,0.7537443864148001,0.2958448376119775
1.5199955516236576,4.938617763680583,0.28024787943037666,5.744626630963953,0.28694048451996035,0.7958643864148001,0.2958448376119775
1.5199955516236576,4.978287763680583,0.08474212056962327,5.669226630963953,0.26313678451996037,0.7812143864148002,0.2958448376119775
1.2621255516236576,5.089377763680583,0.1601121205696232,5.744626630963953,0.25215038451996036,0.7674843864148002,0.30957783761197755
1.3375055516236576,4.938617763680583,0.12441212056962336,5.669226630963953,0.2576435845199604,0.7812143864148002,0.30957783761197755
1.0439235516236578,5.089377763680583,0.08474212056962327,5.708926630963953,0.18073908451996037,0.7473443864148002,0.34986183761197753
0.9685445516236577,5.164757763680583,0.08474212056962327,5.784326630963953,0.16334408451996035,0.7537443864148001,0.26929483761197753
1.2264155516236577,5.129047763680583,0.4536921205696234,5.8200266309639535,0.24024808451996038,0.7748043864148002,0.3159868376119775
1.0439235516236578,5.200457763680582,0.4179921205696233,5.895326630963954,0.2576435845199604,0.7473443864148002,0.3828208376119775
0.8217555516236577,5.315507763680582,0.01332212056962323,5.8596266309639535,0.26313678451996037,0.7473443864148002,0.30957783761197755
1.0042505516236577,5.351217763680582,0.1601121205696232,5.8596266309639535,0.3281391845199604,0.7748043864148002,0.2894368376119775
1.2621255516236576,5.315507763680582,0.4179921205696233,5.8596266309639535,0.3281391845199604,0.8297343864148001,0.3159868376119775
1.2621255516236576,5.315507763680582,0.12441212056962336,5.8596266309639535,0.29884228451996037,0.8507943864148002,0.34345283761197754
1.2621255516236576,5.351217763680582,0.05808787943037674,5.744626630963953,0.26313678451996037,0.8297343864148001,0.28302783761197753
1.1907125516236576,5.240137763680583,0.05808787943037674,5.784326630963953,0.26313678451996037,0.8297343864148001,0.34986183761197753
1.5953755516236576,5.390887763680582,0.05808787943037674,5.669226630963953,0.30433548451996034,0.7052243864148002,0.3361288376119775
1.5557055516236578,5.501977763680582,0.20487787943037672,5.633526630963953,0.2576435845199604,0.7812143864148002,0.3031698376119775
1.7024955516236577,5.577347763680582,0.3516678794303767,5.443126630963954,0.2933491845199604,0.8507943864148002,0.3233108376119775
1.8889555516236576,5.728107763680582,0.46274787943037654,5.407426630963954,0.29884228451996037,0.8297343864148001,0.34345283761197754
2.107155551623658,5.803487763680582,0.09775787943037662,5.332026630963954,0.29884228451996037,0.7336043864148001,0.30957783761197755
1.7024955516236577,5.878867763680582,0.3913378794303768,5.332026630963954,0.22193808451996036,0.6219143864148002,0.3361288376119775
1.5953755516236576,5.9185377636805825,0.8277378794303767,5.332026630963954,0.11665208451996037,0.6365643864148001,0.4166948376119775
2.035745551623658,5.878867763680582,0.3516678794303767,5.332026630963954,0.19264108451996037,0.7610743864148002,0.28302783761197753
2.107155551623658,5.9939177636805825,0.05808787943037674,5.332026630963954,0.15785108451996036,0.7336043864148001,0.28302783761197753
1.7778755516236577,6.295427763680582,0.46274787943037654,5.292326630963954,0.11665208451996037,0.6429743864148001,0.4368368376119775
1.5199955516236576,6.370807763680583,0.3516678794303767,5.407426630963954,0.19264108451996037,0.5880343864148001,0.26288583761197754
1.5953755516236576,6.370807763680583,0.08474212056962327,5.482726630963954,0.28694048451996035,0.6155043864148002,0.3159868376119775
1.5953755516236576,6.370807763680583,0.08474212056962327,5.482726630963954,0.28694048451996035,0.6155043864148002,0.3159868376119775
1.5199955516236576,6.331137763680582,0.01332212056962323,5.407426630963954,0.26313678451996037,0.6777643864148002,0.34986183761197753
1.4089155516236576,6.220047763680583,0.28024787943037666,5.443126630963954,0.25215038451996036,0.7052243864148002,0.34345283761197754
1.5557055516236578,6.180377763680582,0.1691678794303768,5.558126630963953,0.23384008451996036,0.6988143864148002,0.34345283761197754
1.7421655516236576,5.9939177636805825,0.04903212056962336,5.593826630963953,0.23384008451996036,0.7052243864148002,0.3764118376119775
1.6310855516236578,6.1446777636805825,0.022377879430376613,5.5185266309639545,0.31074418451996033,0.7473443864148002,0.34986183761197753
1.4842955516236576,6.255757763680583,0.20487787943037672,5.5185266309639545,0.35194291451996035,0.7748043864148002,0.3031698376119775
1.5199955516236576,6.255757763680583,0.05808787943037674,5.5185266309639545,0.4105366845199604,0.8233243864148001,0.2894368376119775
1.5199955516236576,6.255757763680583,0.022377879430376613,5.443126630963954,0.39314168451996034,0.7262843864148001,0.3764118376119775
1.6667855516236576,6.406517763680583,0.12441212056962336,5.407426630963954,0.32264608451996035,0.6988143864148002,0.34986183761197753
1.5557055516236578,6.370807763680583,0.05808787943037674,5.407426630963954,0.19905008451996037,0.7400143864148001,0.3233108376119775
1.7778755516236577,6.521567763680583,0.13346787943037675,5.407426630963954,0.10475008451996037,0.7748043864148002,0.3159868376119775
1.7778755516236577,6.708027763680582,0.27120212056962334,5.367726630963954,0.15785108451996036,0.6704343864148001,0.2958448376119775
1.4089155516236576,6.934167763680582,0.1601121205696232,5.367726630963954,0.16975308451996035,0.6365643864148001,0.34345283761197754
1.2621255516236576,7.045247763680582,0.3159578794303768,5.367726630963954,0.12855408451996037,0.6704343864148001,0.3764118376119775
1.7421655516236576,7.196007763680583,0.3426121205696233,5.558126630963953,0.2576435845199604,0.7262843864148001,0.3031698376119775
1.4089155516236576,7.271387763680583,0.1601121205696232,5.443126630963954,0.21095208451996036,0.7400143864148001,0.34345283761197754
1.3017955516236577,7.235677763680583,0.04903212056962336,5.558126630963953,0.24024808451996038,0.7189543864148,0.30957783761197755
1.3732055516236576,7.271387763680583,0.5251021205696234,5.633526630963953,0.22834708451996036,0.8297343864148001,0.34345283761197754
1.1510395516236578,7.271387763680583,0.23153212056962325,5.669226630963953,0.24024808451996038,0.8233243864148001,0.3159868376119775
1.1510395516236578,7.271387763680583,0.27120212056962334,5.8596266309639535,0.22834708451996036,0.8233243864148001,0.3562698376119775
1.4089155516236576,7.386437763680583,0.4536921205696234,5.784326630963953,0.2750385845199604,0.7610743864148002,0.34986183761197753
1.3017955516236577,7.537187763680582,0.19582212056962334,5.708926630963953,0.26954548451996035,0.8297343864148001,0.2958448376119775
1.4089155516236576,7.497517763680582,0.23153212056962325,5.633526630963953,0.2750385845199604,0.8095943864148001,0.3828208376119775
1.6667855516236576,7.612567763680582,0.23153212056962325,5.633526630963953,0.24024808451996038,0.7812143864148002,0.34345283761197754
1.5199955516236576,7.497517763680582,0.09775787943037662,5.633526630963953,0.22834708451996036,0.8095943864148001,0.3700028376119775
1.6310855516236578,7.422137763680582,0.20487787943037672,5.633526630963953,0.19905008451996037,0.8297343864148001,0.3700028376119775
1.9603655516236578,7.271387763680583,0.1601121205696232,5.5185266309639545,0.21095208451996036,0.7674843864148002,0.34345283761197754
1.8492855516236577,7.422137763680582,0.4536921205696234,5.558126630963953,0.23384008451996036,0.7189543864148,0.3901448376119775
1.3375055516236576,7.461807763680582,0.20487787943037672,5.633526630963953,0.10475008451996037,0.6704343864148001,0.3031698376119775
1.4842955516236576,7.311057763680582,0.13346787943037675,5.593826630963953,0.16334408451996035,0.7052243864148002,0.3562698376119775
1.9603655516236578,7.196007763680583,0.4179921205696233,5.708926630963953,0.22193808451996036,0.7537443864148001,0.3562698376119775
1.7421655516236576,7.386437763680583,0.27120212056962334,5.633526630963953,0.19264108451996037,0.6850843864148002,0.2958448376119775
1.3017955516236577,7.271387763680583,0.04903212056962336,5.708926630963953,0.22193808451996036,0.6777643864148002,0.4029618376119775
1.3732055516236576,7.235677763680583,0.3069021205696232,5.708926630963953,0.24024808451996038,0.8095943864148001,0.3828208376119775
1.5953755516236576,7.160297763680582,0.6361921205696233,5.669226630963953,0.3281391845199604,0.9341043864148002,0.30957783761197755
1.2264155516236577,7.311057763680582,0.27120212056962334,5.633526630963953,0.34004105451996036,0.9478443864148001,0.3764118376119775
1.5557055516236578,7.235677763680583,0.5251021205696234,5.593826630963953,0.35743608451996034,0.7537443864148001,0.3233108376119775
1.5953755516236576,7.235677763680583,0.6718921205696233,5.669226630963953,0.45173508451996036,0.6850843864148002,0.3297198376119775
1.5953755516236576,7.235677763680583,0.6718921205696233,5.669226630963953,0.45173508451996036,0.6850843864148002,0.3297198376119775
1.3375055516236576,7.461807763680582,0.23153212056962325,5.593826630963953,0.37574658451996035,0.7537443864148001,0.26929483761197753
1.4485855516236577,7.422137763680582,0.1601121205696232,5.558126630963953,0.3281391845199604,0.8370643864148002,0.2894368376119775
1.6310855516236578,7.461807763680582,0.4179921205696233,5.443126630963954,0.35743608451996034,0.8233243864148001,0.3965528376119775
1.6667855516236576,7.572897763680582,0.3069021205696232,5.367726630963954,0.31623738451996036,0.7400143864148001,0.27570383761197753
1.5557055516236578,7.612567763680582,0.1601121205696232,5.407426630963954,0.31623738451996036,0.7262843864148001,0.2894368376119775
1.5557055516236578,7.612567763680582,0.1601121205696232,5.367726630963954,0.28694048451996035,0.8022743864148001,0.3764118376119775
1.6667855516236576,7.612567763680582,0.12441212056962336,5.367726630963954,0.23384008451996036,0.8855843864148001,0.3031698376119775
1.9246655516236577,7.648277763680582,0.022377879430376613,5.367726630963954,0.21644508451996036,0.8370643864148002,0.3361288376119775
2.0714455516236576,7.723657763680582,0.3069021205696232,5.407426630963954,0.22834708451996036,0.7473443864148002,0.3297198376119775
1.7024955516236577,7.8744077636805825,0.27120212056962334,5.367726630963954,0.22193808451996036,0.7125543864148001,0.3635938376119775
1.7421655516236576,7.8744077636805825,0.23153212056962325,5.216926630963954,0.34004105451996036,0.8297343864148001,0.34986183761197753
1.7421655516236576,7.8744077636805825,0.23153212056962325,5.216926630963954,0.34004105451996036,0.8297343864148001,0.34986183761197753
1.5199955516236576,7.9497877636805825,0.23153212056962325,5.105926630963953,0.31623738451996036,0.7610743864148002,0.34986183761197753
1.4485855516236577,7.989457763680583,0.3426121205696233,5.141626630963954,0.28694048451996035,0.6850843864148002,0.3361288376119775
1.4842955516236576,7.9497877636805825,0.5608121205696233,5.066226630963953,0.21644508451996036,0.7537443864148001,0.3031698376119775
1.4089155516236576,8.025167763680582,0.7076021205696232,5.105926630963953,0.26313678451996037,0.8855843864148001,0.3031698376119775
1.2621255516236576,8.287007763680583,0.4894021205696233,5.105926630963953,0.31623738451996036,0.7748043864148002,0.3297198376119775
1.4089155516236576,8.100547763680582,0.7076021205696232,5.030526630963953,0.38673298451996035,0.6988143864148002,0.3159868376119775
1.3017955516236577,8.251302763680583,0.6361921205696233,5.216926630963954,0.38673298451996035,0.7473443864148002,0.3159868376119775
1.4842955516236576,8.287007763680583,0.3426121205696233,5.332026630963954,0.31074418451996033,0.9826343864148002,0.30957783761197755
1.5953755516236576,8.251302763680583,0.4536921205696234,5.332026630963954,0.31074418451996033,0.8507943864148002,0.3159868376119775
1.7024955516236577,8.251302763680583,0.4179921205696233,5.367726630963954,0.31623738451996036,0.7812143864148002,0.3700028376119775
1.7421655516236576,8.402059763680583,0.08474212056962327,5.216926630963954,0.39314168451996034,0.9066443864148002,0.30957783761197755
1.8492855516236577,8.477437763680582,0.022377879430376613,5.181226630963954,0.33454788451996037,1.0036843864148002,0.34986183761197753
2.142865551623658,8.437764763680581,0.3783121205696234,5.367726630963954,0.2576435845199604,0.7473443864148002,0.34345283761197754
1.6310855516236578,8.703572763680583,0.1691678794303768,5.407426630963954,0.17524608451996035,0.6988143864148002,0.3233108376119775
1.9960755516236577,8.703572763680583,0.23153212056962325,5.443126630963954,0.23384008451996036,0.8022743864148001,0.3700028376119775
1.9960755516236577,8.854329763680582,0.3783121205696234,5.443126630963954,0.17524608451996035,0.8160043864148001,0.34986183761197753
1.9960755516236577,8.854329763680582,0.3783121205696234,5.443126630963954,0.17524608451996035,0.8160043864148001,0.34986183761197753
1.9960755516236577,8.854329763680582,0.3783121205696234,5.443126630963954,0.17524608451996035,0.8160043864148001,0.34986183761197753
1.9960755516236577,8.854329763680582,0.3783121205696234,5.443126630963954,0.17524608451996035,0.8160043864148001,0.34986183761197753
1.7024955516236577,9.080464963680582,0.4894021205696233,5.669226630963953,0.25215038451996036,0.8645243864148002,0.2958448376119775
1.3375055516236576,9.191548963680582,0.08474212056962327,5.669226630963953,0.21644508451996036,0.7812143864148002,0.3901448376119775
1.5953755516236576,9.155843463680583,0.3426121205696233,5.744626630963953,0.26954548451996035,0.6850843864148002,0.34986183761197753
1.8889555516236576,9.040791763680582,0.7076021205696232,5.669226630963953,0.30433548451996034,0.6777643864148002,0.3700028376119775
1.6667855516236576,9.155843463680583,0.5608121205696233,5.669226630963953,0.2576435845199604,0.7748043864148002,0.3965528376119775
1.4842955516236576,9.306599763680582,0.27120212056962334,5.633526630963953,0.15785108451996036,0.8993143864148001,0.3159868376119775
1.5199955516236576,9.231221863680583,0.4179921205696233,5.669226630963953,0.18073908451996037,0.9478443864148001,0.3700028376119775
1.7421655516236576,9.266927363680582,0.6361921205696233,5.558126630963953,0.21644508451996036,0.7812143864148002,0.34986183761197753
1.5557055516236578,9.532735763680583,0.4179921205696233,5.558126630963953,0.26313678451996037,0.7125543864148001,0.3901448376119775
1.5953755516236576,9.679524763680583,0.4894021205696233,5.482726630963954,0.2933491845199604,0.8507943864148002,0.3233108376119775
1.8135755516236576,9.719197763680583,0.19582212056962334,5.332026630963954,0.26313678451996037,0.8581143864148002,0.34986183761197753
1.9246655516236577,9.719197763680583,0.5251021205696234,5.332026630963954,0.31074418451996033,0.7400143864148001,0.3700028376119775
1.9246655516236577,9.719197763680583,0.5251021205696234,5.332026630963954,0.31074418451996033,0.7400143864148001,0.3700028376119775
1.8492855516236577,9.754903763680582,1.0011801205696234,5.332026630963954,0.34004105451996036,0.7052243864148002,0.3901448376119775
1.1153345516236577,9.830281763680583,0.3783121205696234,5.332026630963954,0.23384008451996036,0.6640243864148001,0.26929483761197753
1.2264155516236577,9.794576763680583,0.3783121205696234,5.292326630963954,0.24024808451996038,0.7812143864148002,0.3700028376119775
1.8135755516236576,9.679524763680583,1.0011801205696234,5.292326630963954,0.2576435845199604,0.8160043864148001,0.34986183761197753
1.7024955516236577,9.719197763680583,0.8940641205696233,5.256626630963954,0.19905008451996037,0.7189543864148,0.30957783761197755
1.2621255516236576,9.679524763680583,0.6361921205696233,5.181226630963954,0.19905008451996037,0.6988143864148002,0.3828208376119775
1.1907125516236576,9.457356763680583,0.7829801205696233,5.367726630963954,0.28694048451996035,0.7885343864148002,0.3700028376119775
1.1907125516236576,9.457356763680583,0.7829801205696233,5.367726630963954,0.28694048451996035,0.7885343864148002,0.3700028376119775
1.3375055516236576,9.381978763680582,1.0368861205696231,5.407426630963954,0.42243848451996036,0.8929043864148001,0.2894368376119775
1.1153345516236577,9.457356763680583,0.6361921205696233,5.5185266309639545,0.28694048451996035,0.8160043864148001,0.2894368376119775
1.3375055516236576,9.342305763680582,1.1479701205696233,5.669226630963953,0.35743608451996034,0.8855843864148001,0.3297198376119775
1.3732055516236576,9.231221863680583,1.3304651205696234,5.669226630963953,0.3986347845199604,0.9267843864148002,0.34986183761197753
1.1153345516236577,9.381978763680582,0.9297691205696232,5.708926630963953,0.35194291451996035,0.9615743864148001,0.3297198376119775
1.0042505516236577,9.381978763680582,0.6718921205696233,5.708926630963953,0.35743608451996034,0.9615743864148001,0.26929483761197753
1.3732055516236576,9.342305763680582,1.2590541205696233,5.558126630963953,0.3812397845199604,0.8370643864148002,0.3901448376119775
1.2621255516236576,9.532735763680583,0.9654751205696233,5.558126630963953,0.31074418451996033,0.8507943864148002,0.3297198376119775
1.4485855516236577,9.608113763680583,0.9297691205696232,5.558126630963953,0.29884228451996037,0.9551643864148001,0.34986183761197753
1.5953755516236576,9.568440763680583,0.8186851205696233,5.482726630963954,0.3281391845199604,0.8645243864148002,0.3297198376119775
1.5557055516236578,9.719197763680583,0.4179921205696233,5.482726630963954,0.4169453845199604,0.7473443864148002,0.34986183761197753
1.6310855516236578,9.905660763680583,0.8543911205696233,5.443126630963954,0.35194291451996035,0.8233243864148001,0.3700028376119775
1.4842955516236576,9.981038763680582,0.4536921205696234,5.443126630963954,0.21095208451996036,0.8993143864148001,0.3297198376119775
1.7421655516236576,10.020711763680582,0.5608121205696233,5.292326630963954,0.22834708451996036,1.0522143864148001,0.3361288376119775
1.5557055516236578,9.981038763680582,0.8186851205696233,5.216926630963954,0.21644508451996036,0.7125543864148001,0.3828208376119775
1.3732055516236576,10.096089763680583,0.7472741205696233,5.181226630963954,0.21095208451996036,0.6850843864148002,0.3828208376119775
1.5953755516236576,10.246847763680583,0.9654751205696233,5.030526630963953,0.2814472845199604,0.8645243864148002,0.3233108376119775
1.4089155516236576,10.322227763680582,0.6361921205696233,4.729026630963954,0.31074418451996033,0.7052243864148002,0.3828208376119775
1.5557055516236578,10.246847763680583,1.0011801205696234,4.879726630963953,0.4462420845199604,0.7189543864148,0.3361288376119775
1.6667855516236576,10.322227763680582,1.0011801205696234,4.879726630963953,0.3986347845199604,0.6988143864148002,0.34986183761197753
1.3732055516236576,10.322227763680582,0.6361921205696233,4.879726630963953,0.34004105451996036,0.8581143864148002,0.34986183761197753
1.3732055516236576,10.322227763680582,0.6361921205696233,4.879726630963953,0.34004105451996036,0.8581143864148002,0.34986183761197753
1.5953755516236576,10.357927763680582,1.0368861205696231,4.955126630963953,0.3281391845199604,0.8718543864148001,0.3700028376119775
1.7024955516236577,10.508687763680582,1.1836761205696233,4.990826630963953,0.2933491845199604,0.8645243864148002,0.34986183761197753
1.4089155516236576,10.699117763680583,0.8940641205696233,5.030526630963953,0.2750385845199604,0.8095943864148001,0.3700028376119775
1.3375055516236576,10.699117763680583,0.8543911205696233,5.292326630963954,0.2750385845199604,0.8645243864148002,0.34345283761197754
1.5199955516236576,10.623737763680582,0.9297691205696232,5.332026630963954,0.2750385845199604,0.8929043864148001,0.34986183761197753
1.6667855516236576,10.774497763680582,0.7076021205696232,5.407426630963954,0.22193808451996036,0.8507943864148002,0.4368368376119775
1.7778755516236577,10.774497763680582,0.6004821205696234,5.443126630963954,0.25215038451996036,0.8297343864148001,0.3828208376119775
2.035745551623658,10.925247763680582,1.0368861205696231,5.482726630963954,0.2933491845199604,0.8855843864148001,0.3031698376119775
1.5557055516236578,11.036337763680582,1.0368861205696231,5.407426630963954,0.2750385845199604,0.8581143864148002,0.4505698376119775
1.2621255516236576,11.111717763680582,0.5251021205696234,5.482726630963954,0.2576435845199604,0.8993143864148001,0.28302783761197753
1.2621255516236576,11.111717763680582,0.5251021205696234,5.482726630963954,0.2576435845199604,0.8993143864148001,0.28302783761197753
1.4842955516236576,11.076007763680582,0.7472741205696233,5.593826630963953,0.37574658451996035,0.9066443864148002,0.3297198376119775
1.4842955516236576,11.076007763680582,0.7472741205696233,5.593826630963953,0.37574658451996035,0.9066443864148002,0.3297198376119775
1.4842955516236576,10.925247763680582,0.7472741205696233,5.593826630963953,0.35743608451996034,0.8581143864148002,0.3901448376119775
1.4842955516236576,10.925247763680582,0.9654751205696233,5.558126630963953,0.39314168451996034,1.0174243864148,0.3700028376119775
1.4842955516236576,10.925247763680582,0.9654751205696233,5.558126630963953,0.39314168451996034,1.0174243864148,0.3700028376119775
1.5953755516236576,10.849877763680583,1.1122641205696233,5.558126630963953,0.4105366845199604,1.0036843864148002,0.26929483761197753
1.4089155516236576,11.000627763680582,1.0368861205696231,5.558126630963953,0.35194291451996035,0.8443843864148002,0.4029618376119775
1.3375055516236576,10.960957763680582,1.0011801205696234,5.669226630963953,0.32264608451996035,0.8233243864148001,0.3361288376119775
1.4842955516236576,10.885577763680583,1.1836761205696233,5.669226630963953,0.3638447845199604,0.8929043864148001,0.3233108376119775
1.4485855516236577,10.925247763680582,1.2233481205696233,5.5185266309639545,0.30433548451996034,0.9826343864148002,0.3764118376119775
1.2621255516236576,10.960957763680582,0.8940641205696233,5.558126630963953,0.2750385845199604,1.0311543864148,0.3031698376119775
1.4089155516236576,10.960957763680582,0.9654751205696233,5.558126630963953,0.32264608451996035,0.9478443864148001,0.3764118376119775
1.6667855516236576,10.925247763680582,1.2233481205696233,5.593826630963953,0.34004105451996036,0.8718543864148001,0.3635938376119775
1.6310855516236578,10.960957763680582,1.1479701205696233,5.367726630963954,0.3812397845199604,0.8443843864148002,0.3159868376119775
1.4485855516236577,11.187097763680583,0.8543911205696233,5.332026630963954,0.35194291451996035,0.8993143864148001,0.3635938376119775
1.4089155516236576,11.147417763680583,0.7076021205696232,5.292326630963954,0.34553422051996036,0.9890343864148001,0.3297198376119775
1.7778755516236577,11.262467763680583,1.0765591205696232,5.216926630963954,0.4169453845199604,0.9066443864148002,0.30957783761197755
1.9246655516236577,11.337847763680582,0.8543911205696233,5.181226630963954,0.3812397845199604,0.7052243864148002,0.3700028376119775
1.8889555516236576,11.413227763680583,0.3783121205696234,5.141626630963954,0.3638447845199604,0.7537443864148001,0.3297198376119775
2.142865551623658,11.337847763680582,0.4179921205696233,5.216926630963954,0.35194291451996035,0.9551643864148001,0.3700028376119775
1.7778755516236577,11.750447763680583,0.5608121205696233,5.256626630963954,0.21095208451996036,0.8929043864148001,0.3031698376119775
1.7024955516236577,11.865497763680583,0.4536921205696234,5.332026630963954,0.14594908451996036,0.8443843864148002,0.4029618376119775
2.035745551623658,11.675067763680582,0.9654751205696233,5.407426630963954,0.20454308451996037,0.8855843864148001,0.3233108376119775
2.0714455516236576,11.750447763680583,1.0765591205696232,5.367726630963954,0.22193808451996036,0.9203743864148002,0.3297198376119775
1.5557055516236578,11.940877763680582,0.6004821205696234,5.367726630963954,0.16975308451996035,0.9551643864148001,0.3635938376119775
1.5953755516236576,11.940877763680582,0.6718921205696233,5.482726630963954,0.21095208451996036,0.9890343864148001,0.3635938376119775
1.8492855516236577,11.865497763680583,1.0765591205696232,5.443126630963954,0.30433548451996034,0.8782643864148001,0.34345283761197754
1.7421655516236576,11.865497763680583,1.1479701205696233,5.332026630963954,0.32264608451996035,0.7537443864148001,0.3901448376119775
1.4089155516236576,12.051957763680582,0.8543911205696233,5.332026630963954,0.31623738451996036,0.7748043864148002,0.3297198376119775
1.3732055516236576,12.016257763680581,0.7829801205696233,5.407426630963954,0.35194291451996035,0.8718543864148001,0.3901448376119775
1.7778755516236577,11.865497763680583,1.1836761205696233,5.367726630963954,0.4105366845199604,0.8993143864148001,0.3361288376119775
1.4842955516236576,11.901207763680581,0.9297691205696232,5.141626630963954,0.2814472845199604,0.7885343864148002,0.3901448376119775
1.5199955516236576,11.865497763680583,1.0765591205696232,5.105926630963953,0.2933491845199604,0.8297343864148001,0.3031698376119775
1.7778755516236577,11.940877763680582,1.2590541205696233,4.879726630963953,0.28694048451996035,0.8718543864148001,0.3828208376119775
1.5953755516236576,12.202717763680582,1.1836761205696233,4.689326630963954,0.2814472845199604,0.8443843864148002,0.4102858376119775
1.5557055516236578,12.202717763680582,0.9654751205696233,4.653626630963954,0.29884228451996037,0.8022743864148001,0.3031698376119775
1.6310855516236578,12.202717763680582,0.9654751205696233,4.653626630963954,0.2814472845199604,0.7958643864148001,0.4102858376119775
1.8492855516236577,12.242387763680583,1.1122641205696233,4.578226630963954,0.31623738451996036,0.7610743864148002,0.34345283761197754
1.8889555516236576,12.353477763680582,0.8940641205696233,4.4671266309639535,0.35743608451996034,0.7958643864148001,0.3361288376119775
1.7421655516236576,12.393147763680583,0.6361921205696233,4.542526630963954,0.39314168451996034,0.8993143864148001,0.3828208376119775
1.9603655516236578,12.393147763680583,0.8186851205696233,4.502826630963954,0.46913008451996036,0.8993143864148001,0.34986183761197753
2.142865551623658,12.468527763680582,1.4415491205696234,4.689326630963954,0.42243848451996036,0.7473443864148002,0.3828208376119775
2.142865551623658,12.468527763680582,1.4415491205696234,4.689326630963954,0.42243848451996036,0.7473443864148002,0.3828208376119775
1.6310855516236578,12.543907763680583,1.1122641205696233,4.729026630963954,0.28694048451996035,0.6988143864148002,0.3764118376119775
1.1907125516236576,12.504227763680582,0.7829801205696233,4.915426630963953,0.20454308451996037,0.7958643864148001,0.3562698376119775
1.4842955516236576,12.317767763680582,1.1836761205696233,4.955126630963953,0.2750385845199604,0.9826343864148002,0.3965528376119775
1.6310855516236578,12.278097763680583,1.6597499205696233,4.990826630963953,0.2750385845199604,0.9753043864148001,0.34345283761197754
1.2264155516236577,12.317767763680582,1.4415491205696234,4.955126630963953,0.26313678451996037,0.8929043864148001,0.3635938376119775
1.1907125516236576,12.353477763680582,1.7351283205696233,5.181226630963954,0.31623738451996036,0.8929043864148001,0.3297198376119775
1.1510395516236578,12.393147763680583,1.8065395205696233,5.256626630963954,0.3281391845199604,0.9203743864148002,0.3965528376119775
0.8971335516236578,12.278097763680583,1.5883391205696233,5.181226630963954,0.33454788451996037,0.9414343864148,0.3635938376119775
0.8971335516236578,12.278097763680583,1.5883391205696233,5.181226630963954,0.33454788451996037,0.9414343864148,0.3635938376119775
0.9328395516236576,12.202717763680582,1.6994228205696233,5.216926630963954,0.39314168451996034,0.8929043864148001,0.3635938376119775
1.2264155516236577,12.242387763680583,1.8065395205696233,5.105926630963953,0.45814408451996036,0.8370643864148002,0.4029618376119775
1.1510395516236578,12.202717763680582,1.8819181205696234,5.066226630963953,0.4874410845199604,0.8581143864148002,0.3635938376119775
0.8574605516236578,12.242387763680583,1.4772551205696234,4.955126630963953,0.49934308451996035,0.9341043864148002,0.3361288376119775
1.0439235516236578,12.167017763680583,1.5129601205696233,4.915426630963953,0.5222310845199604,0.9826343864148002,0.3828208376119775
1.3732055516236576,12.127337763680583,1.6597499205696233,4.915426630963953,0.47553908451996035,0.9267843864148002,0.34986183761197753
1.4842955516236576,12.202717763680582,1.5883391205696233,4.8043266309639545,0.3986347845199604,0.8095943864148001,0.34345283761197754
1.2621255516236576,12.242387763680583,1.4058441205696233,4.8043266309639545,0.35194291451996035,0.7812143864148002,0.4166948376119775
1.1907125516236576,12.278097763680583,1.3304651205696234,4.689326630963954,0.35743608451996034,0.8297343864148001,0.3233108376119775
1.4842955516236576,12.353477763680582,1.4415491205696234,4.617926630963954,0.3812397845199604,0.8233243864148001,0.3297198376119775
1.5199955516236576,12.579607763680581,1.3701381205696233,4.502826630963954,0.38673298451996035,0.7748043864148002,0.3965528376119775
1.5199955516236576,12.579607763680581,1.3701381205696233,4.502826630963954,0.38673298451996035,0.7748043864148002,0.3965528376119775
1.4485855516236577,12.654987763680582,1.1122641205696233,4.617926630963954,0.34553422051996036,0.7748043864148002,0.3635938376119775
1.4485855516236577,12.654987763680582,1.1122641205696233,4.617926630963954,0.34553422051996036,0.7748043864148002,0.3635938376119775
1.4485855516236577,12.654987763680582,1.1122641205696233,4.617926630963954,0.34553422051996036,0.7748043864148002,0.3635938376119775
1.4089155516236576,13.031877763680583,1.1479701205696233,5.030526630963953,0.21644508451996036,0.9341043864148002,0.4166948376119775
1.8492855516236577,12.992207763680582,1.6240443205696233,4.990826630963953,0.24574178451996037,0.9478443864148001,0.3031698376119775
1.5557055516236578,13.258017763680582,1.3701381205696233,5.105926630963953,0.23384008451996036,0.9341043864148002,0.34986183761197753
1.3375055516236576,13.258017763680582,1.0765591205696232,5.181226630963954,0.19264108451996037,0.8581143864148002,0.3562698376119775
1.5953755516236576,13.182637763680582,1.3304651205696234,5.256626630963954,0.21644508451996036,0.8645243864148002,0.34345283761197754
1.8135755516236576,13.218347763680583,1.5526331205696233,5.332026630963954,0.26313678451996037,0.8645243864148002,0.3700028376119775
1.5557055516236578,13.333397763680583,1.1836761205696233,5.181226630963954,0.25215038451996036,0.8929043864148001,0.3828208376119775
1.5557055516236578,13.369097763680582,1.1479701205696233,5.256626630963954,0.24574178451996037,0.9615743864148001,0.34986183761197753
1.7421655516236576,13.369097763680582,1.2590541205696233,5.181226630963954,0.33454788451996037,0.9551643864148001,0.3764118376119775
1.8889555516236576,13.408777763680582,1.2590541205696233,4.915426630963953,0.38673298451996035,0.8855843864148001,0.2894368376119775
1.7024955516236577,13.484147763680582,1.2233481205696233,4.8043266309639545,0.39314168451996034,0.9551643864148001,0.3297198376119775
1.5953755516236576,13.484147763680582,0.9654751205696233,4.729026630963954,0.42243848451996036,0.9753043864148001,0.3828208376119775
1.8889555516236576,13.369097763680582,1.2233481205696233,4.542526630963954,0.32264608451996035,0.8581143864148002,0.34986183761197753
1.9246655516236577,13.519857763680582,1.1836761205696233,4.427526630963953,0.25215038451996036,0.7674843864148002,0.3700028376119775
1.7778755516236577,13.519857763680582,1.1122641205696233,4.502826630963954,0.2750385845199604,0.7958643864148001,0.30957783761197755
1.7421655516236576,13.519857763680582,1.1479701205696233,4.502826630963954,0.30433548451996034,0.8443843864148002,0.3901448376119775
1.7024955516236577,13.595237763680583,1.1479701205696233,4.4671266309639535,0.35743608451996034,0.8233243864148001,0.3562698376119775
1.8492855516236577,13.710287763680583,1.3304651205696234,4.689326630963954,0.33454788451996037,0.8233243864148001,0.3297198376119775
1.9246655516236577,13.670617763680582,1.2590541205696233,4.8043266309639545,0.32264608451996035,0.8645243864148002,0.3635938376119775
1.9246655516236577,13.670617763680582,1.2590541205696233,4.8043266309639545,0.32264608451996035,0.8645243864148002,0.3635938376119775
1.8135755516236576,13.670617763680582,0.8940641205696233,4.915426630963953,0.31074418451996033,0.9688943864148001,0.3700028376119775
1.9246655516236577,13.710287763680583,0.9654751205696233,4.879726630963953,0.34004105451996036,1.1208743864148,0.3764118376119775
2.107155551623658,13.710287763680583,1.4772551205696234,5.066226630963953,0.3986347845199604,1.0860843864148002,0.3700028376119775
1.8135755516236576,13.861047763680581,1.4058441205696233,5.141626630963954,0.3281391845199604,0.9688943864148001,0.3361288376119775
1.3017955516236577,14.011797763680583,1.1122641205696233,5.216926630963954,0.30433548451996034,0.9341043864148002,0.3361288376119775
1.5199955516236576,13.972127763680582,1.4058441205696233,5.216926630963954,0.3281391845199604,0.9963643864148002,0.3297198376119775
1.6667855516236576,13.896747763680583,1.7708339205696233,5.216926630963954,0.35743608451996034,1.0796743864148002,0.34345283761197754
1.4485855516236577,13.936417763680582,1.5883391205696233,5.332026630963954,0.2750385845199604,1.0375643864148,0.3562698376119775
1.2621255516236576,13.861047763680581,1.3701381205696233,5.407426630963954,0.22834708451996036,0.9615743864148001,0.3700028376119775
1.3375055516236576,13.785667763680582,1.6240443205696233,5.407426630963954,0.22193808451996036,0.9066443864148002,0.3233108376119775
1.4485855516236577,13.745987763680581,1.8819181205696234,5.256626630963954,0.29884228451996037,0.9551643864148001,0.3764118376119775
1.1153345516236577,13.821367763680582,1.6240443205696233,5.292326630963954,0.30433548451996034,1.0174243864148,0.34986183761197753
1.0439235516236578,14.011797763680583,1.5883391205696233,5.141626630963954,0.31074418451996033,1.0659443864148002,0.3297198376119775
1.3017955516236577,13.896747763680583,1.9533291205696233,4.990826630963953,0.34553422051996036,0.9963643864148002,0.3764118376119775
1.4089155516236576,13.896747763680583,1.9176231205696233,4.729026630963954,0.3638447845199604,0.9267843864148002,0.3361288376119775
1.1153345516236577,13.896747763680583,1.6994228205696233,4.764726630963954,0.35194291451996035,0.9414343864148,0.3361288376119775
1.1510395516236578,13.896747763680583,1.4415491205696234,4.689326630963954,0.29884228451996037,0.9478443864148001,0.3562698376119775
1.5199955516236576,13.896747763680583,1.6597499205696233,4.578226630963954,0.33454788451996037,0.9341043864148002,0.3361288376119775
1.6667855516236576,13.896747763680583,1.7351283205696233,4.427526630963953,0.31623738451996036,0.8581143864148002,0.3562698376119775
1.6667855516236576,13.896747763680583,1.7351283205696233,4.427526630963953,0.31623738451996036,0.8581143864148002,0.3562698376119775
1.5199955516236576,14.083207763680583,1.3304651205696234,4.578226630963954,0.33454788451996037,0.8718543864148001,0.3233108376119775
1.5199955516236576,14.083207763680583,1.5129601205696233,4.764726630963954,0.38673298451996035,0.8718543864148001,0.34345283761197754
1.5953755516236576,14.158587763680583,1.4058441205696233,4.764726630963954,0.39314168451996034,0.8443843864148002,0.4029618376119775
1.5953755516236576,14.158587763680583,1.4058441205696233,4.764726630963954,0.39314168451996034,0.8443843864148002,0.4029618376119775
1.6667855516236576,14.349017763680582,1.4058441205696233,4.840026630963953,0.35194291451996035,0.8929043864148001,0.34345283761197754
1.5953755516236576,14.273637763680583,1.2590541205696233,4.990826630963953,0.32264608451996035,0.9130543864148002,0.4029618376119775
1.5557055516236578,14.309347763680583,1.1836761205696233,5.030526630963953,0.26313678451996037,0.9414343864148,0.34345283761197754
1.8135755516236576,14.499777763680584,1.5526331205696233,5.066226630963953,0.19905008451996037,0.9341043864148002,0.3901448376119775
1.6667855516236576,14.650537763680582,1.5129601205696233,5.030526630963953,0.18714808451996037,0.9890343864148001,0.3764118376119775
1.3732055516236576,14.686237763680582,1.4772551205696234,4.8043266309639545,0.18073908451996037,0.9130543864148002,0.4102858376119775
1.3017955516236577,14.575157763680583,1.5526331205696233,4.653626630963954,0.18073908451996037,0.8782643864148001,0.3764118376119775
1.3017955516236577,14.575157763680583,1.5526331205696233,4.653626630963954,0.18073908451996037,0.8782643864148001,0.3764118376119775
1.5557055516236578,14.610857763680581,1.6994228205696233,4.542526630963954,0.23384008451996036,0.8443843864148002,0.34986183761197753
1.4485855516236577,14.686237763680582,1.4772551205696234,4.391726630963953,0.29884228451996037,0.7885343864148002,0.3901448376119775
1.3375055516236576,14.686237763680582,1.4772551205696234,4.201326630963953,0.31623738451996036,0.8160043864148001,0.30957783761197755
1.5199955516236576,14.499777763680584,1.7708339205696233,3.975226630963954,0.42793168451996033,0.8443843864148002,0.3562698376119775
1.5557055516236578,14.575157763680583,1.7708339205696233,3.899826630963954,0.47553908451996035,0.8022743864148001,0.3901448376119775
1.3017955516236577,14.650537763680582,1.5526331205696233,3.939526630963954,0.42243848451996036,0.7812143864148002,0.3562698376119775
1.3017955516236577,14.686237763680582,1.5883391205696233,4.090226630963954,0.42793168451996033,0.7812143864148002,0.3700028376119775
1.4089155516236576,14.650537763680582,1.8819181205696234,4.1656266309639545,0.40504348451996036,0.8443843864148002,0.3700028376119775
1.2621255516236576,14.650537763680582,1.8819181205696234,4.125926630963953,0.35743608451996034,0.8782643864148001,0.34986183761197753
1.1510395516236578,14.725907763680581,1.6994228205696233,4.276726630963953,0.31623738451996036,0.8993143864148001,0.4029618376119775
1.2621255516236576,14.725907763680581,1.7708339205696233,4.427526630963953,0.2933491845199604,0.9826343864148002,0.3297198376119775
1.3732055516236576,14.725907763680581,1.9176231205696233,4.391726630963953,0.22834708451996036,0.9688943864148001,0.3297198376119775
1.3017955516236577,14.876667763680583,1.8819181205696234,4.4671266309639535,0.22193808451996036,0.9615743864148001,0.4029618376119775
1.2264155516236577,14.912377763680581,1.8819181205696234,4.542526630963954,0.26313678451996037,1.0659443864148002,0.3361288376119775
1.3375055516236576,15.027427763680581,1.8462121205696234,4.617926630963954,0.31623738451996036,1.0311543864148,0.3700028376119775
1.4089155516236576,15.138507763680582,1.9176231205696233,4.542526630963954,0.2933491845199604,0.8929043864148001,0.4102858376119775
1.3017955516236577,15.138507763680582,1.8462121205696234,4.542526630963954,0.21644508451996036,0.8443843864148002,0.34986183761197753
1.3017955516236577,15.178177763680583,1.6597499205696233,4.502826630963954,0.26954548451996035,0.9130543864148002,0.3635938376119775
1.4842955516236576,15.063127763680583,1.7351283205696233,4.391726630963953,0.32264608451996035,0.9890343864148001,0.34986183761197753
1.5199955516236576,15.138507763680582,1.6597499205696233,4.241026630963953,0.32264608451996035,1.0375643864148,0.3361288376119775
1.5557055516236578,15.253557763680583,1.3304651205696234,4.050626630963954,0.30433548451996034,0.9826343864148002,0.4166948376119775
1.7778755516236577,15.213887763680582,1.3701381205696233,3.899826630963954,0.3638447845199604,0.9203743864148002,0.3562698376119775
1.9246655516236577,15.138507763680582,1.5883391205696233,3.899826630963954,0.4169453845199604,0.8929043864148001,0.3233108376119775
1.5557055516236578,15.364647763680583,1.5129601205696233,3.8641266309639537,0.26954548451996035,0.9551643864148001,0.34345283761197754
1.3732055516236576,15.328937763680582,1.6240443205696233,3.975226630963954,0.2576435845199604,1.0036843864148002,0.3159868376119775
1.5199955516236576,15.253557763680583,1.9533291205696233,3.939526630963954,0.2750385845199604,0.8929043864148001,0.4029618376119775
1.3732055516236576,15.289267763680582,1.8462121205696234,4.050626630963954,0.2576435845199604,0.8507943864148002,0.34986183761197753
1.2621255516236576,15.253557763680583,1.7351283205696233,4.125926630963953,0.2814472845199604,0.9203743864148002,0.34345283761197754
1.1153345516236577,15.289267763680582,1.8819181205696234,4.1656266309639545,0.34553422051996036,1.0723543864148002,0.3700028376119775
1.2621255516236576,15.590777763680581,1.9176231205696233,4.316426630963953,0.31074418451996033,0.9551643864148001,0.3361288376119775
1.1153345516236577,15.701867763680582,1.8065395205696233,4.427526630963953,0.3281391845199604,0.8160043864148001,0.3562698376119775
1.1153345516236577,15.701867763680582,1.8065395205696233,4.427526630963953,0.3281391845199604,0.8160043864148001,0.3562698376119775
1.2264155516236577,15.741537763680583,2.0287071205696234,4.502826630963954,0.42243848451996036,0.8297343864148001,0.34986183761197753
1.2264155516236577,15.816917763680582,2.2112021205696233,4.201326630963953,0.4462420845199604,0.9130543864148002,0.3700028376119775
1.0042505516236577,15.816917763680582,1.9533291205696233,4.125926630963953,0.45173508451996036,1.0659443864148002,0.3562698376119775
1.1153345516236577,15.852617763680582,1.9176231205696233,3.7490266309639537,0.39314168451996034,1.0860843864148002,0.3562698376119775
1.3375055516236576,15.701867763680582,2.0287071205696234,3.598326630963953,0.40504348451996036,0.9826343864148002,0.3901448376119775
1.3017955516236577,15.626487763680583,1.9890341205696234,3.522926630963953,0.2750385845199604,0.8581143864148002,0.34345283761197754
1.1510395516236578,15.741537763680583,1.9533291205696233,3.447526630963953,0.24574178451996037,0.8160043864148001,0.3635938376119775
1.2264155516236577,15.852617763680582,1.9890341205696234,3.522926630963953,0.26954548451996035,0.8160043864148001,0.3965528376119775
1.3375055516236576,15.927997763680583,1.8819181205696234,3.562626630963953,0.26313678451996037,0.7812143864148002,0.3159868376119775
1.4089155516236576,15.967667763680582,1.9533291205696233,3.522926630963953,0.25215038451996036,0.6914943864148002,0.3562698376119775
1.3375055516236576,16.003377763680582,1.8462121205696234,3.638026630963953,0.24024808451996038,0.8022743864148001,0.3764118376119775
1.3375055516236576,15.967667763680582,1.7351283205696233,3.7887266309639536,0.2814472845199604,1.0448843864148,0.3297198376119775
1.4842955516236576,15.892297763680581,1.8065395205696233,3.8641266309639537,0.26954548451996035,1.1208743864148,0.34345283761197754
1.6310855516236578,16.043047763680583,1.4772551205696234,4.276726630963953,0.2576435845199604,0.9753043864148001,0.3361288376119775
1.6310855516236578,16.07875776368058,1.3304651205696234,4.427526630963953,0.29884228451996037,0.9203743864148002,0.3764118376119775
1.9960755516236577,16.19380776368058,1.6994228205696233,4.542526630963954,0.31074418451996033,0.9615743864148001,0.3828208376119775
1.8135755516236576,16.419937763680583,1.6240443205696233,4.542526630963954,0.33454788451996037,0.9551643864148001,0.30957783761197755
1.8135755516236576,16.419937763680583,1.6240443205696233,4.542526630963954,0.33454788451996037,0.9551643864148001,0.30957783761197755
1.5953755516236576,16.495317763680582,1.5129601205696233,4.653626630963954,0.28694048451996035,0.9267843864148002,0.4102858376119775
1.5199955516236576,16.419937763680583,1.6240443205696233,4.617926630963954,0.2814472845199604,0.9753043864148001,0.34986183761197753
1.4842955516236576,16.304887763680583,1.7708339205696233,4.4671266309639535,0.22834708451996036,0.9615743864148001,0.3297198376119775
1.3017955516236577,16.229517763680583,1.6994228205696233,4.276726630963953,0.19264108451996037,1.0100943864148002,0.4166948376119775
1.2264155516236577,16.269187763680584,1.9176231205696233,4.241026630963953,0.13954008451996036,1.0586143864148,0.3764118376119775
1.2621255516236576,16.229517763680583,2.1001181205696233,4.090226630963954,0.15785108451996036,1.0100943864148002,0.34345283761197754
1.2264155516236577,16.304887763680583,2.2112021205696233,3.975226630963954,0.14594908451996036,0.9615743864148001,0.3828208376119775
1.0796285516236577,16.344567763680583,2.135824120569623,3.824426630963954,0.16334408451996035,0.9130543864148002,0.3297198376119775
0.9685445516236577,16.269187763680584,2.135824120569623,3.8641266309639537,0.26954548451996035,0.8095943864148001,0.3233108376119775
1.0796285516236577,16.15413776368058,2.135824120569623,3.824426630963954,0.35743608451996034,0.8370643864148002,0.3635938376119775
1.2264155516236577,16.19380776368058,2.175497120569623,3.899826630963954,0.42793168451996033,0.9066443864148002,0.34345283761197754
0.9685445516236577,16.118427763680582,1.9890341205696234,4.050626630963954,0.42793168451996033,1.0934043864148002,0.34986183761197753
1.1510395516236578,16.043047763680583,2.1001181205696233,4.050626630963954,0.42243848451996036,1.0934043864148002,0.34986183761197753
1.2621255516236576,16.15413776368058,2.2112021205696233,4.201326630963953,0.3812397845199604,1.0238243864148002,0.3764118376119775
1.1907125516236576,16.304887763680583,2.1001181205696233,4.427526630963953,0.3638447845199604,1.0174243864148,0.34345283761197754
1.0796285516236577,16.495317763680582,2.135824120569623,4.542526630963954,0.33454788451996037,0.9414343864148,0.34345283761197754
1.0796285516236577,16.495317763680582,2.2826141205696233,4.4671266309639535,0.28694048451996035,0.9267843864148002,0.3828208376119775
1.0796285516236577,16.606407763680583,2.175497120569623,4.201326630963953,0.21095208451996036,1.0174243864148,0.3361288376119775
1.0439235516236578,16.681787763680582,2.175497120569623,4.050626630963954,0.2576435845199604,1.0375643864148,0.3297198376119775
1.1153345516236577,16.681787763680582,2.2826141205696233,3.7490266309639537,0.23384008451996036,1.0174243864148,0.3828208376119775
1.1153345516236577,16.681787763680582,2.2826141205696233,3.7490266309639537,0.23384008451996036,1.0174243864148,0.3828208376119775
1.0796285516236577,16.75715776368058,2.246908120569623,3.562626630963953,0.24024808451996038,0.9826343864148002,0.3031698376119775
1.1907125516236576,16.75715776368058,2.135824120569623,3.3722266309639544,0.18073908451996037,0.9414343864148,0.3635938376119775
1.2621255516236576,16.796837763680582,1.9890341205696234,3.3364266309639543,0.16975308451996035,0.9267843864148002,0.3828208376119775
1.3732055516236576,16.907917763680583,1.9533291205696233,3.2968266309639542,0.14594908451996036,0.8581143864148002,0.3700028376119775
1.5199955516236576,16.87221776368058,1.8065395205696233,3.3722266309639544,0.19264108451996037,0.7674843864148002,0.34345283761197754
1.7421655516236576,16.87221776368058,1.9890341205696234,3.4118266309639544,0.23384008451996036,0.7674843864148002,0.3635938376119775
1.6667855516236576,16.832537763680584,1.9176231205696233,3.447526630963953,0.32264608451996035,0.8993143864148001,0.34986183761197753
1.4485855516236577,16.87221776368058,1.6240443205696233,3.487226630963953,0.35743608451996034,0.9963643864148002,0.3764118376119775
1.4089155516236576,16.907917763680583,1.8065395205696233,3.598326630963953,0.36933788451996036,1.0659443864148002,0.3700028376119775
1.5557055516236578,16.796837763680582,2.0644131205696232,3.7490266309639537,0.2933491845199604,1.0036843864148002,0.3233108376119775
1.2621255516236576,16.94758776368058,1.9176231205696233,3.7887266309639536,0.28694048451996035,0.9753043864148001,0.4029618376119775
1.1153345516236577,16.94758776368058,1.8819181205696234,3.939526630963954,0.26954548451996035,1.0311543864148,0.3562698376119775
1.2621255516236576,16.907917763680583,2.175497120569623,4.014926630963954,0.2933491845199604,1.0174243864148,0.34345283761197754
1.1153345516236577,17.05867776368058,2.3222861205696232,3.975226630963954,0.2750385845199604,0.8855843864148001,0.3828208376119775
0.9685445516236577,17.169757763680582,2.246908120569623,3.7490266309639537,0.25215038451996036,0.8370643864148002,0.3361288376119775
0.7503445516236578,17.20942776368058,2.246908120569623,3.638026630963953,0.30433548451996034,0.8718543864148001,0.34345283761197754
1.0439235516236578,17.094377763680583,2.357992120569623,3.4118266309639544,0.3986347845199604,0.8993143864148001,0.34345283761197754
1.0796285516236577,17.20942776368058,2.357992120569623,3.0746266309639534,0.4105366845199604,0.8855843864148001,0.3361288376119775
1.0042505516236577,17.20942776368058,2.2112021205696233,2.9992266309639533,0.39314168451996034,0.8297343864148001,0.3965528376119775
0.9685445516236577,17.169757763680582,2.2112021205696233,2.959626630963953,0.4105366845199604,0.8718543864148001,0.3901448376119775
0.8971335516236578,17.13405776368058,2.3936981205696233,2.9992266309639533,0.4105366845199604,0.8507943864148002,0.3297198376119775
1.0439235516236578,17.094377763680583,2.246908120569623,2.959626630963953,0.32264608451996035,0.8160043864148001,0.3764118376119775
1.1153345516236577,17.094377763680583,2.4294031205696234,3.1103266309639537,0.2933491845199604,0.9130543864148002,0.3635938376119775
1.0439235516236578,17.094377763680583,2.246908120569623,3.261126630963954,0.29884228451996037,0.9267843864148002,0.34345283761197754
1.0439235516236578,17.094377763680583,2.175497120569623,3.3722266309639544,0.2814472845199604,0.8993143864148001,0.3965528376119775
1.0439235516236578,17.13405776368058,2.175497120569623,3.487226630963953,0.29884228451996037,0.8645243864148002,0.3297198376119775
1.0796285516236577,17.20942776368058,2.246908120569623,3.638026630963953,0.26954548451996035,0.9066443864148002,0.3297198376119775
1.0042505516236577,17.284807763680583,2.135824120569623,3.8641266309639537,0.21644508451996036,0.9753043864148001,0.3764118376119775
1.1153345516236577,17.320517763680584,2.246908120569623,3.824426630963954,0.22834708451996036,1.0174243864148,0.34345283761197754
1.2621255516236576,17.43556776368058,2.246908120569623,3.638026630963953,0.24024808451996038,1.0238243864148002,0.3361288376119775
1.1510395516236578,17.510947763680583,2.1001181205696233,3.522926630963953,0.29884228451996037,1.0375643864148,0.3764118376119775
1.0796285516236577,17.661697763680582,1.8819181205696234,3.185726630963954,0.40504348451996036,1.0375643864148,0.3562698376119775
1.2264155516236577,17.661697763680582,1.9890341205696234,3.0349266309639535,0.42793168451996033,1.0100943864148002,0.3233108376119775
1.5557055516236578,17.772787763680583,2.0287071205696234,2.8485266309639528,0.3812397845199604,0.9414343864148,0.3700028376119775
1.5557055516236578,17.848167763680582,1.6994228205696233,2.7731266309639544,0.2750385845199604,0.8993143864148001,0.34345283761197754
1.6310855516236578,17.772787763680583,1.6240443205696233,2.808826630963953,0.17524608451996035,0.8782643864148001,0.34345283761197754
1.7421655516236576,17.73707776368058,1.7708339205696233,2.923826630963953,0.13404708451996036,0.8297343864148001,0.3828208376119775
1.5199955516236576,17.73707776368058,1.6597499205696233,2.9992266309639533,0.03974808451996037,0.7537443864148001,0.3562698376119775
1.2264155516236577,17.661697763680582,2.135824120569623,3.2968266309639542,0.10475008451996037,1.0174243864148,0.34345283761197754
1.0796285516236577,17.69740776368058,2.135824120569623,3.447526630963953,0.13404708451996036,1.1208743864148,0.34986183761197753
1.0439235516236578,17.772787763680583,2.2112021205696233,3.562626630963953,0.20454308451996037,1.1556643864148002,0.4029618376119775
1.0439235516236578,17.69740776368058,2.2826141205696233,3.7133266309639534,0.2933491845199604,1.0934043864148002,0.3700028376119775
1.0439235516236578,17.73707776368058,2.465109120569623,3.8641266309639537,0.4343403845199604,0.9826343864148002,0.3297198376119775
0.9328395516236576,17.73707776368058,2.2826141205696233,4.014926630963954,0.45814408451996036,0.9066443864148002,0.3828208376119775
0.9685445516236577,17.812457763680584,2.246908120569623,3.975226630963954,0.4874410845199604,0.8855843864148001,0.3361288376119775
0.9685445516236577,17.661697763680582,2.3936981205696233,3.8641266309639537,0.49293408451996035,0.9688943864148001,0.3361288376119775
0.9685445516236577,17.73707776368058,2.4294031205696234,3.6737266309639534,0.4462420845199604,0.9890343864148001,0.3828208376119775
0.9685445516236577,17.73707776368058,2.4294031205696234,3.6737266309639534,0.4462420845199604,0.9890343864148001,0.3828208376119775
0.7106715516236577,17.812457763680584,2.3936981205696233,3.4118266309639544,0.36933788451996036,0.9688943864148001,0.34345283761197754
0.7503445516236578,17.812457763680584,2.5047821205696232,3.2968266309639542,0.2814472845199604,0.9478443864148001,0.3965528376119775
0.6392605516236578,17.812457763680584,2.6515711205696233,3.1103266309639537,0.16334408451996035,0.9066443864148002,0.3700028376119775
0.5638815516236577,17.963217763680582,2.576193120569623,3.2254266309639537,0.06355208451996036,0.8718543864148001,0.3700028376119775
0.6749655516236577,18.038597763680585,2.357992120569623,3.2254266309639537,0.01884591548003961,0.8443843864148002,0.3901448376119775
1.0042505516236577,18.074297763680583,2.465109120569623,3.3722266309639544,0.0014509154800396162,0.8160043864148001,0.4029618376119775
1.1907125516236576,18.18934776368058,2.465109120569623,3.487226630963953,0.11665208451996037,0.8782643864148001,0.34345283761197754
0.9328395516236576,18.300437763680584,2.175497120569623,3.522926630963953,0.24024808451996038,0.9414343864148,0.34345283761197754
1.0042505516236577,18.300437763680584,2.175497120569623,3.522926630963953,0.3986347845199604,1.0311543864148,0.3700028376119775
1.0042505516236577,18.300437763680584,2.175497120569623,3.522926630963953,0.3986347845199604,1.0311543864148,0.3700028376119775
1.0042505516236577,18.300437763680584,2.175497120569623,3.522926630963953,0.3986347845199604,1.0311543864148,0.3700028376119775
1.0042505516236577,18.300437763680584,2.175497120569623,3.522926630963953,0.3986347845199604,1.0311543864148,0.3700028376119775
1.0042505516236577,18.300437763680584,2.175497120569623,3.522926630963953,0.3986347845199604,1.0311543864148,0.3700028376119775
1.3732055516236576,18.562277763680584,2.2112021205696233,3.522926630963953,0.28694048451996035,1.0375643864148,0.3828208376119775
1.1907125516236576,18.601947763680585,2.0287071205696234,3.2968266309639542,0.16975308451996035,0.9341043864148002,0.4231038376119775
1.1907125516236576,18.601947763680585,2.0287071205696234,3.2968266309639542,0.16975308451996035,0.9341043864148002,0.4231038376119775
1.2621255516236576,18.526567763680582,1.9176231205696233,2.9992266309639533,0.12214508451996037,0.8507943864148002,0.34986183761197753
1.3375055516236576,18.601947763680585,2.0287071205696234,2.7731266309639544,0.13404708451996036,0.8297343864148001,0.4166948376119775
1.3017955516236577,18.601947763680585,1.9533291205696233,2.622326630963954,0.09284908451996038,0.8095943864148001,0.3700028376119775
1.3375055516236576,18.752707763680583,1.8065395205696233,2.5470266309639538,0.10475008451996037,0.8782643864148001,0.3635938376119775
1.3732055516236576,18.90345776368058,1.9533291205696233,2.622326630963954,0.18073908451996037,0.9203743864148002,0.4029618376119775
1.4485855516236577,18.863787763680584,2.2112021205696233,2.7334266309639528,0.18073908451996037,0.8782643864148001,0.3764118376119775
1.2621255516236576,19.014547763680582,2.1001181205696233,2.8485266309639528,0.21644508451996036,0.8929043864148001,0.34345283761197754
1.1510395516236578,18.97883776368058,2.1001181205696233,2.923826630963953,0.35194291451996035,0.9890343864148001,0.3901448376119775
1.1510395516236578,18.939167763680583,2.465109120569623,2.959626630963953,0.3812397845199604,1.0448843864148,0.3828208376119775
0.8971335516236578,18.90345776368058,2.4294031205696234,3.0746266309639534,0.3281391845199604,1.0522143864148001,0.3901448376119775
0.6749655516236577,18.90345776368058,2.2112021205696233,3.0746266309639534,0.31074418451996033,1.0448843864148,0.3562698376119775
0.7106715516236577,18.78840776368058,2.4294031205696234,3.2254266309639537,0.25215038451996036,1.0375643864148,0.3764118376119775
0.8574605516236578,18.828087763680582,2.6872771205696235,3.0746266309639534,0.23384008451996036,0.9688943864148001,0.34986183761197753
0.45676555162365773,18.97883776368058,2.5404871205696233,2.884226630963953,0.11024408451996037,0.8645243864148002,0.3700028376119775
0.5638815516236577,18.97883776368058,2.722982120569623,2.6580266309639544,0.16975308451996035,0.8993143864148001,0.3828208376119775
0.7106715516236577,19.089927763680585,2.834062120569623,2.3962266309639535,0.20454308451996037,0.8993143864148001,0.4102858376119775
0.7106715516236577,19.129597763680582,2.6872771205696235,2.2454266309639532,0.2814472845199604,0.8718543864148001,0.3700028376119775
0.7106715516236577,19.129597763680582,2.6872771205696235,2.2454266309639532,0.2814472845199604,0.8718543864148001,0.3700028376119775
0.6035545516236578,19.16530776368058,2.6118981205696232,2.2454266309639532,0.3638447845199604,0.9341043864148002,0.3828208376119775
0.8217555516236577,19.240707763680582,2.798362120569623,2.507326630963954,0.43983358451996035,0.9890343864148001,0.34986183761197753
0.5281765516236577,19.240707763680582,2.6118981205696232,2.5470266309639538,0.40504348451996036,1.0174243864148,0.4304278376119775
0.5638815516236577,19.205007763680584,2.5404871205696233,2.7334266309639528,0.35194291451996035,1.0796743864148002,0.3562698376119775
0.7503445516236578,19.205007763680584,2.6515711205696233,2.8485266309639528,0.34004105451996036,1.0375643864148,0.34345283761197754
0.9328395516236576,19.316107763680584,2.722982120569623,3.1500266309639535,0.26954548451996035,0.9414343864148,0.4166948376119775
0.7106715516236577,19.431107763680583,2.465109120569623,3.2254266309639537,0.15785108451996036,0.8581143864148002,0.3361288376119775
0.6749655516236577,19.50650776368058,2.246908120569623,3.185726630963954,0.12214508451996037,0.9130543864148002,0.3828208376119775
0.8574605516236578,19.581907763680583,2.465109120569623,2.9992266309639533,0.24024808451996038,1.0100943864148002,0.4029618376119775
0.8574605516236578,19.732607763680583,2.6515711205696233,2.808826630963953,0.2933491845199604,1.0522143864148001,0.34986183761197753
0.6035545516236578,19.843707763680584,2.576193120569623,2.2811266309639535,0.2814472845199604,0.9890343864148001,0.34986183761197753
0.7503445516236578,19.732607763680583,2.798362120569623,2.170126630963953,0.2814472845199604,1.0311543864148,0.34986183761197753
0.6392605516236578,19.768307763680582,2.7586921205696235,2.205826630963953,0.26313678451996037,0.9826343864148002,0.4029618376119775
0.6749655516236577,19.808007763680582,2.6118981205696232,2.3208266309639534,0.20454308451996037,0.8370643864148002,0.34986183761197753
0.6749655516236577,19.808007763680582,2.6118981205696232,2.3208266309639534,0.20454308451996037,0.8370643864148002,0.34986183761197753
0.7860495516236576,19.808007763680582,2.576193120569623,2.431926630963954,0.19264108451996037,0.7674843864148002,0.3297198376119775
0.7503445516236578,19.69290776368058,2.6515711205696233,2.582726630963954,0.22193808451996036,0.7812143864148002,0.4368368376119775
0.5638815516236577,19.732607763680583,2.5047821205696232,2.6580266309639544,0.24024808451996038,0.8855843864148001,0.3901448376119775
0.5281765516236577,19.69290776368058,2.3936981205696233,2.8485266309639528,0.19264108451996037,1.0238243864148002,0.3700028376119775
0.7503445516236578,19.542207763680583,2.4294031205696234,2.9992266309639533,0.14594908451996036,1.0659443864148002,0.3965528376119775
0.8971335516236578,19.69290776368058,2.6515711205696233,3.0349266309639535,0.12214508451996037,1.0659443864148002,0.3828208376119775
0.6749655516236577,19.843707763680584,2.576193120569623,3.261126630963954,0.09834208451996035,1.0860843864148002,0.3361288376119775
0.6035545516236578,19.958807763680582,2.4294031205696234,3.2254266309639537,0.11665208451996037,1.0036843864148002,0.3828208376119775
0.7106715516236577,20.069807763680583,2.6515711205696233,3.0349266309639535,0.26954548451996035,0.9066443864148002,0.3159868376119775
0.8574605516236578,20.180907763680583,2.9054821205696233,2.923826630963953,0.38673298451996035,0.8718543864148001,0.3297198376119775
0.4924705516236577,20.25630776368058,2.6872771205696235,2.6580266309639544,0.34553422051996036,0.9203743864148002,0.3764118376119775
0.30997555162365775,20.069807763680583,2.5404871205696233,2.3565266309639537,0.36933788451996036,0.9753043864148001,0.3297198376119775
0.6392605516236578,20.030207763680583,2.798362120569623,2.205826630963953,0.36933788451996036,1.0100943864148002,0.3233108376119775
0.6749655516236577,19.99450776368058,2.834062120569623,2.2454266309639532,0.2933491845199604,0.9066443864148002,0.3901448376119775
0.4170925516236577,20.105507763680585,2.465109120569623,2.431926630963954,0.13954008451996036,0.7336043864148001,0.3361288376119775
0.45676555162365773,20.14520776368058,2.6118981205696232,2.622326630963954,0.11024408451996037,0.7336043864148001,0.3562698376119775
0.8217555516236577,20.030207763680583,2.834062120569623,2.8485266309639528,0.13404708451996036,0.8507943864148002,0.3764118376119775
0.7503445516236578,20.14520776368058,2.576193120569623,2.7334266309639528,0.16975308451996035,0.9341043864148002,0.34345283761197754
0.5638815516236577,20.180907763680583,2.357992120569623,2.923826630963953,0.23384008451996036,1.0311543864148,0.3297198376119775
0.5638815516236577,20.069807763680583,2.465109120569623,3.2254266309639537,0.35743608451996034,1.0860843864148002,0.3635938376119775
0.6749655516236577,20.069807763680583,2.576193120569623,3.185726630963954,0.45814408451996036,1.0448843864148,0.3159868376119775
0.6749655516236577,20.069807763680583,2.576193120569623,3.185726630963954,0.45814408451996036,1.0448843864148,0.3159868376119775
0.5638815516236577,20.069807763680583,2.6515711205696233,2.923826630963953,0.3812397845199604,1.0448843864148,0.34986183761197753
0.4170925516236577,20.25630776368058,2.6515711205696233,2.7731266309639544,0.3638447845199604,1.1208743864148,0.3828208376119775
0.4924705516236577,20.331707763680583,2.6515711205696233,2.582726630963954,0.28694048451996035,1.0238243864148002,0.3159868376119775
0.4924705516236577,20.482407763680584,2.7586921205696235,2.4716266309639536,0.25215038451996036,0.8095943864148001,0.3562698376119775
0.4924705516236577,20.482407763680584,2.7586921205696235,2.4716266309639536,0.25215038451996036,0.8095943864148001,0.3562698376119775
0.4924705516236577,20.482407763680584,2.7586921205696235,2.4716266309639536,0.25215038451996036,0.8095943864148001,0.3562698376119775
0.45676555162365773,20.557807763680582,2.6515711205696233,1.9439266309639542,0.19905008451996037,0.7748043864148002,0.4102858376119775
0.3456815516236577,20.557807763680582,2.6118981205696232,1.9796266309639527,0.12214508451996037,0.9203743864148002,0.3361288376119775
0.45676555162365773,20.482407763680584,2.6872771205696235,1.9043266309639542,0.12855408451996037,1.0375643864148,0.3700028376119775
0.45676555162365773,20.446707763680582,2.8697721205696234,2.0947266309639545,0.16334408451996035,1.0934043864148002,0.3635938376119775
0.3456815516236577,20.482407763680584,2.722982120569623,2.2811266309639535,0.24024808451996038,1.1281943864148,0.3361288376119775
0.27030265162365774,20.482407763680584,2.834062120569623,2.3962266309639535,0.2750385845199604,1.1007343864148,0.3764118376119775
0.3456815516236577,20.40710776368058,2.8697721205696234,2.5470266309639538,0.2933491845199604,0.9963643864148002,0.3901448376119775
0.45676555162365773,20.482407763680584,2.9808521205696232,2.582726630963954,0.2750385845199604,0.9130543864148002,0.3297198376119775
0.38138655162365775,20.597507763680582,2.834062120569623,2.507326630963954,0.2933491845199604,0.8993143864148001,0.4102858376119775
0.3456815516236577,20.52210776368058,2.834062120569623,2.2811266309639535,0.3281391845199604,0.8645243864148002,0.34986183761197753
0.3456815516236577,20.52210776368058,2.7586921205696235,2.0947266309639545,0.33454788451996037,0.8718543864148001,0.3233108376119775
0.38138655162365775,20.597507763680582,2.834062120569623,1.7932266309639537,0.3281391845199604,0.8782643864148001,0.34986183761197753
0.27030265162365774,20.748207763680583,2.7586921205696235,1.491726630963953,0.31623738451996036,0.9130543864148002,0.3828208376119775
0.3456815516236577,20.859307763680583,2.722982120569623,1.4163266309639528,0.22193808451996036,0.9341043864148002,0.3562698376119775
0.5638815516236577,20.899007763680583,2.722982120569623,1.4560266309639545,0.15785108451996036,0.9341043864148002,0.3764118376119775
0.6749655516236577,20.899007763680583,2.6118981205696232,1.6424266309639535,0.12855408451996037,0.9414343864148,0.3635938376119775
0.6035545516236578,20.93470776368058,2.6118981205696232,1.7178266309639536,0.13954008451996036,0.9066443864148002,0.3562698376119775
0.45676555162365773,20.859307763680583,2.576193120569623,1.8686266309639539,0.22193808451996036,0.9203743864148002,0.3828208376119775
0.30997555162365775,20.78390776368058,2.722982120569623,2.055026630963953,0.2814472845199604,0.9826343864148002,0.34345283761197754
0.19889152162365772,20.97440776368058,3.0879721205696233,2.2454266309639532,0.20454308451996037,0.9826343864148002,0.3901448376119775
0.0946874483763423,20.899007763680583,3.274432120569623,2.3208266309639534,0.12214508451996037,1.0174243864148,0.3635938376119775
0.35256144837634223,20.97440776368058,3.199052120569623,2.3208266309639534,0.05165008451996034,0.9963643864148002,0.34345283761197754
0.3882664483763422,20.823607763680585,3.3101421205696235,2.130426630963953,0.09284908451996038,0.9130543864148002,0.4231038376119775
0.3882664483763422,20.823607763680585,3.3101421205696235,2.130426630963953,0.09284908451996038,0.9130543864148002,0.4231038376119775
0.17006644837634227,20.823607763680585,3.4569321205696233,1.9043266309639542,0.19264108451996037,0.8581143864148002,0.34986183761197753
0.27718244837634226,20.899007763680583,3.3815521205696233,1.6067266309639532,0.32264608451996035,0.8022743864148001,0.3764118376119775
0.5350564483763423,21.049807763680583,3.3458421205696234,1.491726630963953,0.4343403845199604,0.7885343864148002,0.4029618376119775
0.35256144837634223,20.93470776368058,3.4569321205696233,1.3409266309639545,0.5048360845199604,0.8855843864148001,0.3297198376119775
0.13039344837634226,20.899007763680583,3.528342120569623,1.491726630963953,0.49293408451996035,0.9414343864148,0.34345283761197754
0.27718244837634226,21.01010776368058,3.3815521205696233,1.5670266309639533,0.3281391845199604,0.8993143864148001,0.3901448376119775
0.42397244837634224,20.899007763680583,3.274432120569623,1.7932266309639537,0.24024808451996038,0.8782643864148001,0.3361288376119775
0.42397244837634224,20.748207763680583,3.417262120569623,1.9796266309639527,0.24574178451996037,0.9267843864148002,0.3828208376119775
0.42397244837634224,20.748207763680583,3.417262120569623,1.9796266309639527,0.24574178451996037,0.9267843864148002,0.3828208376119775
0.27718244837634226,20.708607763680583,3.528342120569623,2.170126630963953,0.20454308451996037,0.9688943864148001,0.34986183761197753
0.31685544837634233,20.899007763680583,3.2347621205696235,2.3208266309639534,0.24574178451996037,0.9615743864148001,0.3700028376119775
0.24147744837634227,20.97440776368058,3.3458421205696234,2.3962266309639535,0.37574658451996035,0.9341043864148002,0.3635938376119775
0.27718244837634226,21.049807763680583,3.274432120569623,2.2454266309639532,0.4169453845199604,0.8581143864148002,0.34345283761197754
0.27718244837634226,21.16080776368058,3.2347621205696235,2.2811266309639535,0.5222310845199604,0.8507943864148002,0.3635938376119775
0.27718244837634226,21.16080776368058,3.2347621205696235,2.2811266309639535,0.5222310845199604,0.8507943864148002,0.3635938376119775
0.20577144837634226,21.12510776368058,3.1633521205696233,2.0193266309639544,0.40504348451996036,0.8645243864148002,0.3233108376119775
0.05210155162365773,21.12510776368058,3.1633521205696233,1.7932266309639537,0.34004105451996036,0.9267843864148002,0.3635938376119775
0.19889152162365772,21.12510776368058,3.0522621205696234,1.7178266309639536,0.19264108451996037,0.9688943864148001,0.3700028376119775
0.023276448376342268,21.200507763680584,2.9054821205696233,1.7178266309639536,0.17524608451996035,0.9551643864148001,0.3361288376119775
0.016396551623657718,21.236207763680582,2.722982120569623,1.7575266309639535,0.06904508451996039,0.8782643864148001,0.3764118376119775
0.08780755162365772,21.275907763680582,2.941182120569623,1.7932266309639537,0.07545408451996038,0.8233243864148001,0.3764118376119775
0.08780755162365772,21.35130776368058,3.016562120569623,2.0193266309639544,0.05165008451996034,0.8507943864148002,0.3233108376119775
0.0946874483763423,21.275907763680582,2.941182120569623,2.055026630963953,0.05714308451996036,0.9551643864148001,0.3901448376119775
0.023276448376342268,21.12510776368058,2.941182120569623,2.3208266309639534,0.09284908451996038,1.0375643864148,0.3635938376119775
0.023276448376342268,21.049807763680583,2.9808521205696232,2.4716266309639536,0.15144208451996036,0.9753043864148001,0.3297198376119775
0.08780755162365772,20.97440776368058,3.0522621205696234,2.582726630963954,0.21644508451996036,0.8929043864148001,0.3965528376119775
0.08780755162365772,21.08550776368058,2.9808521205696232,2.4716266309639536,0.30433548451996034,0.8782643864148001,0.3297198376119775
0.12351305162365772,21.12510776368058,2.8697721205696234,2.3208266309639534,0.38673298451996035,0.8782643864148001,0.3233108376119775
0.0946874483763423,21.311607763680584,2.9808521205696232,1.7575266309639535,0.3812397845199604,0.9551643864148001,0.3361288376119775
0.016396551623657718,21.311607763680584,2.9808521205696232,1.4560266309639545,0.26313678451996037,0.9414343864148,0.3361288376119775
0.08780755162365772,21.426607763680583,2.9808521205696232,1.4163266309639528,0.13954008451996036,0.9267843864148002,0.3965528376119775
0.08780755162365772,21.426607763680583,2.9808521205696232,1.4163266309639528,0.13954008451996036,0.9267843864148002,0.3965528376119775
0.0946874483763423,21.46240776368058,2.8697721205696234,1.5670266309639533,0.01884591548003961,0.8297343864148001,0.34345283761197754
0.0946874483763423,21.46240776368058,2.8697721205696234,1.5670266309639533,0.01884591548003961,0.8297343864148001,0.34345283761197754
0.08780755162365772,21.537707763680583,2.834062120569623,1.6821266309639533,0.030747915480039634,0.7674843864148002,0.3635938376119775
0.27030265162365774,21.57340776368058,2.7586921205696235,1.8686266309639539,0.16334408451996035,0.9203743864148002,0.34345283761197754
0.19889152162365772,21.57340776368058,2.6872771205696235,1.8686266309639539,0.26313678451996037,1.0238243864148002,0.3828208376119775
0.12351305162365772,21.537707763680583,2.6515711205696233,1.8328266309639538,0.34553422051996036,0.9963643864148002,0.3361288376119775
0.12351305162365772,21.537707763680583,2.6515711205696233,1.8328266309639538,0.34553422051996036,0.9963643864148002,0.3361288376119775
0.12351305162365772,21.537707763680583,2.6515711205696233,1.8328266309639538,0.34553422051996036,0.9963643864148002,0.3361288376119775
0.27030265162365774,21.839207763680584,2.9054821205696233,1.5670266309639533,0.20454308451996037,1.0036843864148002,0.3297198376119775
0.12351305162365772,21.76390776368058,2.941182120569623,1.229826630963954,0.06904508451996039,0.9130543864148002,0.4102858376119775
0.0946874483763423,21.688507763680583,2.834062120569623,0.9640266309639536,0.01335291548003964,0.8581143864148002,0.3965528376119775
0.023276448376342268,21.799607763680584,2.941182120569623,0.8529266309639532,0.12214508451996037,0.6988143864148002,0.3764118376119775
0.20577144837634226,21.799607763680584,2.9808521205696232,1.0394266309639537,0.19264108451996037,0.6292343864148002,0.3361288376119775
0.35256144837634223,21.688507763680583,3.0879721205696233,1.1148266309639538,0.20454308451996037,0.7537443864148001,0.3361288376119775
0.35256144837634223,21.64880776368058,3.2347621205696235,1.229826630963954,0.21644508451996036,0.9688943864148001,0.4029618376119775
0.35256144837634223,21.64880776368058,3.2347621205696235,1.229826630963954,0.21644508451996036,0.9688943864148001,0.4029618376119775
0.42397244837634224,21.64880776368058,3.2347621205696235,1.3409266309639545,0.21095208451996036,1.0522143864148001,0.30957783761197755
0.6461404483763422,21.537707763680583,3.1633521205696233,1.7932266309639537,0.26313678451996037,0.9688943864148001,0.3635938376119775
0.3882664483763422,21.537707763680583,3.4569321205696233,1.9796266309639527,0.26313678451996037,0.8782643864148001,0.3764118376119775
0.4636454483763423,21.498107763680583,3.4569321205696233,1.9796266309639527,0.3638447845199604,0.9066443864148002,0.3159868376119775
0.6818454483763423,21.64880776368058,3.3101421205696235,1.4560266309639545,0.49293408451996035,1.1007343864148,0.3828208376119775
0.3882664483763422,21.57340776368058,3.492632120569623,1.1148266309639538,0.4810320845199604,0.9753043864148001,0.34345283761197754
0.4636454483763423,21.688507763680583,3.3458421205696234,0.9283266309639533,0.39314168451996034,0.7336043864148001,0.34345283761197754
0.7175514483763423,21.688507763680583,3.3815521205696233,0.8133266309639531,0.26954548451996035,0.6365643864148001,0.34345283761197754
0.8643444483763423,21.688507763680583,3.417262120569623,0.9640266309639536,0.17524608451996035,0.7262843864148001,0.3297198376119775
0.4636454483763423,21.76390776368058,3.4569321205696233,1.154426630963954,0.025253915480039635,0.7336043864148001,0.34986183761197753
0.4993504483763423,21.76390776368058,3.3458421205696234,1.2655266309639543,0.05714308451996036,0.8160043864148001,0.34986183761197753
0.6461404483763422,21.799607763680584,3.1633521205696233,1.491726630963953,0.26313678451996037,1.0311543864148,0.3764118376119775
0.4636454483763423,21.76390776368058,3.1633521205696233,1.6424266309639535,0.3812397845199604,1.0796743864148002,0.3297198376119775
0.3882664483763422,21.839207763680584,3.2347621205696235,1.5670266309639533,0.3986347845199604,0.9688943864148001,0.34345283761197754
0.3882664483763422,21.839207763680584,3.2347621205696235,1.5670266309639533,0.3986347845199604,0.9688943864148001,0.34345283761197754
0.24147744837634227,21.76390776368058,3.0879721205696233,1.6821266309639533,0.3638447845199604,0.9267843864148002,0.3562698376119775
0.17006644837634227,21.72420776368058,2.9808521205696232,1.6424266309639535,0.2933491845199604,0.9963643864148002,0.3700028376119775
0.13039344837634226,21.76390776368058,2.9808521205696232,1.5670266309639533,0.21095208451996036,0.9890343864148001,0.3828208376119775
0.13039344837634226,21.688507763680583,2.941182120569623,1.3052266309639542,0.17524608451996035,0.7958643864148001,0.3635938376119775
0.27718244837634226,21.72420776368058,2.8697721205696234,1.1148266309639538,0.17524608451996035,0.6567043864148001,0.34345283761197754
0.24147744837634227,21.799607763680584,2.8697721205696234,1.0394266309639537,0.14594908451996036,0.6502943864148001,0.3635938376119775
0.27718244837634226,21.950307763680584,2.9808521205696232,0.9283266309639533,0.12855408451996037,0.7052243864148002,0.3764118376119775
0.35256144837634223,21.99000776368058,3.0522621205696234,0.8886266309639534,0.015944084519960378,0.7748043864148002,0.34986183761197753
0.3882664483763422,21.99000776368058,3.0522621205696234,1.0394266309639537,0.025253915480039635,0.8718543864148001,0.3828208376119775
0.3882664483763422,21.914607763680582,3.1633521205696233,1.3806266309639543,0.010451084519960352,0.8929043864148001,0.3764118376119775
0.35256144837634223,21.839207763680584,3.0879721205696233,1.8686266309639539,0.18714808451996037,0.7610743864148002,0.4102858376119775
0.5350564483763423,21.950307763680584,3.0879721205696233,2.0193266309639544,0.2814472845199604,0.8443843864148002,0.3361288376119775
0.6461404483763422,22.025707763680582,3.0522621205696234,1.8686266309639539,0.32264608451996035,0.9203743864148002,0.3297198376119775
0.5350564483763423,21.99000776368058,3.1633521205696233,1.6424266309639535,0.34004105451996036,0.9615743864148001,0.4029618376119775
0.35256144837634223,22.065407763680582,3.3815521205696233,1.3806266309639543,0.35743608451996034,0.9890343864148001,0.3297198376119775
0.4993504483763423,22.10110776368058,3.199052120569623,1.154426630963954,0.22834708451996036,0.9341043864148002,0.3361288376119775
0.6818454483763423,22.140807763680584,3.0879721205696233,0.8886266309639534,0.04615708451996037,0.8443843864148002,0.4166948376119775
0.5707614483763424,22.176507763680583,3.1633521205696233,0.737926630963953,0.09574991548003964,0.7473443864148002,0.3764118376119775
0.5707614483763424,22.176507763680583,3.1633521205696233,0.737926630963953,0.09574991548003964,0.7473443864148002,0.3764118376119775
0.31685544837634233,22.366907763680583,3.3101421205696235,0.777526630963953,0.11314491548003963,0.7125543864148001,0.34345283761197754
0.24147744837634227,22.668407763680584,3.0879721205696233,0.8886266309639534,0.04814291548003963,0.6640243864148001,0.3828208376119775
0.31685544837634233,22.743807763680582,2.798362120569623,0.8886266309639534,0.05165008451996034,0.6704343864148001,0.3700028376119775
0.3882664483763422,22.62870776368058,2.834062120569623,0.9283266309639533,0.17524608451996035,0.7748043864148002,0.34986183761197753
0.42397244837634224,22.47800776368058,2.9808521205696232,1.0037266309639534,0.2933491845199604,0.9414343864148,0.3764118376119775
0.5350564483763423,22.593007763680582,2.834062120569623,1.154426630963954,0.34004105451996036,1.0860843864148002,0.3361288376119775
0.0946874483763423,22.62870776368058,3.1633521205696233,1.1148266309639538,0.18714808451996037,1.0659443864148002,0.3764118376119775
0.42397244837634224,22.553407763680582,3.1276421205696234,1.0037266309639534,0.12855408451996037,0.9753043864148001,0.3233108376119775
0.8643444483763423,22.593007763680582,3.0522621205696234,0.737926630963953,0.13954008451996036,0.8929043864148001,0.3828208376119775
0.8286344483763424,22.593007763680582,3.199052120569623,0.47602663096395403,0.16975308451996035,0.7473443864148002,0.3901448376119775
0.7175514483763423,22.62870776368058,3.492632120569623,0.13882663096395476,0.19264108451996037,0.5733943864148001,0.3297198376119775
1.0111344483763423,22.553407763680582,3.417262120569623,0.011873369036045744,0.15785108451996036,0.5669843864148001,0.3828208376119775
1.0508044483763423,22.291507763680585,3.6751321205696232,0.17452663096395327,0.13404708451996036,0.7958643864148001,0.3700028376119775
1.0508044483763423,22.291507763680585,3.6751321205696232,0.17452663096395327,0.13404708451996036,0.7958643864148001,0.3700028376119775
1.1579244483763422,22.291507763680585,3.7505121205696232,0.4007266309639519,0.06904508451996039,0.7674843864148002,0.3828208376119775
1.3443844483763423,22.47800776368058,3.7108321205696235,0.5871266309639545,0.14594908451996036,0.7262843864148001,0.3562698376119775
1.3800844483763424,22.517707763680583,3.8576221205696237,0.777526630963953,0.22193808451996036,0.7400143864148001,0.3828208376119775
1.4911744483763423,22.47800776368058,3.9330021205696237,1.0791266309639536,0.28694048451996035,0.8855843864148001,0.4102858376119775
1.6736644483763423,22.44230776368058,3.8933321205696236,1.154426630963954,0.2750385845199604,0.9551643864148001,0.3233108376119775
1.5625844483763422,22.366907763680583,3.8576221205696237,1.154426630963954,0.33454788451996037,1.0036843864148002,0.3700028376119775
1.5625844483763422,22.366907763680583,3.8576221205696237,1.154426630963954,0.33454788451996037,1.0036843864148002,0.3700028376119775
1.3800844483763424,22.176507763680583,4.186912120569623,0.9283266309639533,0.32264608451996035,1.0311543864148,0.3700028376119775
1.3800844483763424,22.176507763680583,4.186912120569623,0.9283266309639533,0.32264608451996035,1.0311543864148,0.3700028376119775
1.3800844483763424,22.176507763680583,4.186912120569623,0.9283266309639533,0.32264608451996035,1.0311543864148,0.3700028376119775
1.3800844483763424,22.176507763680583,4.186912120569623,0.9283266309639533,0.32264608451996035,1.0311543864148,0.3700028376119775
1.3086744483763424,22.40260776368058,4.040122120569623,0.289626630963955,0.21644508451996036,0.5047253864148002,0.3361288376119775
1.3443844483763423,22.668407763680584,3.6394221205696233,0.4007266309639519,0.034255084519960344,0.6640243864148001,0.34986183761197753
1.3443844483763423,22.62870776368058,3.5640421205696233,0.5117266309639525,0.015944084519960378,0.7958643864148001,0.34345283761197754
1.2332944483763424,22.62870776368058,3.7505121205696232,0.6625266309639528,0.15144208451996036,0.9551643864148001,0.3901448376119775
1.2690044483763423,22.668407763680584,3.603722120569623,0.777526630963953,0.15144208451996036,1.0448843864148,0.3635938376119775
1.2690044483763423,22.779507763680584,3.417262120569623,0.8133266309639531,0.21095208451996036,1.0659443864148002,0.3635938376119775
1.2690044483763423,22.779507763680584,3.417262120569623,0.8133266309639531,0.21095208451996036,1.0659443864148002,0.3635938376119775
1.0865044483763424,22.81920776368058,3.492632120569623,0.8529266309639532,0.23384008451996036,1.0311543864148,0.3764118376119775
0.9040144483763424,22.854907763680583,3.492632120569623,0.9283266309639533,0.19905008451996037,0.9130543864148002,0.34986183761197753
1.0111344483763423,22.854907763680583,3.3458421205696234,0.8529266309639532,0.21095208451996036,0.7537443864148001,0.3361288376119775
1.1975944483763423,22.966007763680583,3.1633521205696233,0.6625266309639528,0.13954008451996036,0.6429743864148001,0.3828208376119775
1.0508044483763423,22.894507763680583,3.3101421205696235,0.4007266309639519,0.08094708451996036,0.5807143864148001,0.3361288376119775
0.9397144483763424,22.854907763680583,3.5640421205696233,0.13882663096395476,0.004958084519960382,0.5596543864148,0.34345283761197754
1.0865044483763424,22.966007763680583,3.528342120569623,0.06342663096395285,0.10124291548003966,0.6704343864148001,0.3700028376119775
1.3443844483763423,23.005607763680583,3.3101421205696235,0.2142266309639531,0.14244191548003965,0.8160043864148001,0.3562698376119775
1.2690044483763423,23.08100776368058,3.4569321205696233,0.4007266309639519,0.025253915480039635,0.8370643864148002,0.3700028376119775
0.9397144483763424,22.930207763680585,3.5640421205696233,0.5514266309639524,0.05714308451996036,0.7674843864148002,0.3635938376119775
1.0865044483763424,22.854907763680583,3.3815521205696233,0.8133266309639531,0.06355208451996036,0.7262843864148001,0.3361288376119775
1.3800844483763424,22.854907763680583,3.199052120569623,1.0791266309639536,0.14594908451996036,0.8370643864148002,0.34345283761197754
1.3086744483763424,22.81920776368058,3.417262120569623,1.4163266309639528,0.25215038451996036,0.9551643864148001,0.3635938376119775
1.1579244483763422,22.62870776368058,3.7505121205696232,1.3806266309639543,0.24574178451996037,0.8718543864148001,0.3031698376119775
1.3800844483763424,22.47800776368058,3.6394221205696233,1.154426630963954,0.21644508451996036,0.7812143864148002,0.3635938376119775
1.5268744483763423,22.47800776368058,3.4569321205696233,0.9640266309639536,0.26313678451996037,0.8718543864148001,0.3700028376119775
1.4911744483763423,22.40260776368058,3.603722120569623,0.737926630963953,0.3638447845199604,0.9203743864148002,0.3031698376119775
1.3443844483763423,22.40260776368058,3.7108321205696235,0.44032663096395197,0.32264608451996035,0.7674843864148002,0.3764118376119775
1.3443844483763423,22.40260776368058,3.5640421205696233,0.09912663096395491,0.20454308451996037,0.5880343864148001,0.3297198376119775
1.3443844483763423,22.44230776368058,3.417262120569623,0.289626630963955,0.11024408451996037,0.5944443864148001,0.3159868376119775
1.3086744483763424,22.366907763680583,3.417262120569623,0.5117266309639525,0.010451084519960352,0.6914943864148002,0.3965528376119775
1.1975944483763423,22.44230776368058,3.417262120569623,0.5117266309639525,0.030747915480039634,0.7610743864148002,0.3233108376119775
1.1975944483763423,22.366907763680583,3.274432120569623,0.47602663096395403,0.030747915480039634,0.7262843864148001,0.3031698376119775
1.1975944483763423,22.366907763680583,3.274432120569623,0.47602663096395403,0.030747915480039634,0.7262843864148001,0.3031698376119775
1.1975944483763423,22.366907763680583,3.274432120569623,0.47602663096395403,0.030747915480039634,0.7262843864148001,0.3031698376119775
1.0865044483763424,22.40260776368058,3.1633521205696233,0.777526630963953,0.19905008451996037,0.8993143864148001,0.3361288376119775
1.1975944483763423,22.517707763680583,3.1276421205696234,0.6268266309639543,0.2576435845199604,0.8581143864148002,0.3764118376119775
1.1975944483763423,22.553407763680582,3.199052120569623,0.3650266309639534,0.17524608451996035,0.7674843864148002,0.2958448376119775
1.1975944483763423,22.517707763680583,3.274432120569623,0.24992663096395518,0.21095208451996036,0.6914943864148002,0.3828208376119775
1.3443844483763423,22.62870776368058,3.3815521205696233,0.05157336903604559,0.09284908451996038,0.5944443864148001,0.3562698376119775
1.4554644483763424,22.668407763680584,3.3815521205696233,0.35307336903604636,0.010451084519960352,0.6155043864148002,0.3159868376119775
1.2690044483763423,22.743807763680582,3.603722120569623,0.5038733690360466,0.01335291548003964,0.6988143864148002,0.34986183761197753
1.2690044483763423,22.779507763680584,3.492632120569623,0.4641733690360468,0.05455091548003965,0.6914943864148002,0.3764118376119775
1.4911744483763423,22.966007763680583,3.417262120569623,0.23807336903604792,0.04814291548003963,0.6567043864148001,0.3297198376119775
1.5268744483763423,23.04130776368058,3.4569321205696233,0.08727336903604765,0.01884591548003961,0.5596543864148,0.34345283761197754
1.5268744483763423,23.04130776368058,3.4569321205696233,0.08727336903604765,0.01884591548003961,0.5596543864148,0.34345283761197754
1.7490444483763423,22.930207763680585,3.528342120569623,0.09912663096395491,0.07545408451996038,0.8233243864148001,0.30957783761197755
1.7490444483763423,22.930207763680585,3.528342120569623,0.09912663096395491,0.07545408451996038,0.8233243864148001,0.30957783761197755
1.6379644483763423,23.04130776368058,3.528342120569623,0.44032663096395197,0.19905008451996037,0.9890343864148001,0.3700028376119775
1.6022544483763423,23.04130776368058,3.7505121205696232,0.5871266309639545,0.16975308451996035,0.9130543864148002,0.3635938376119775
1.7847544483763422,22.894507763680583,3.7862121205696235,0.47602663096395403,0.20454308451996037,0.7748043864148002,0.2958448376119775
1.8958344483763425,22.930207763680585,3.7505121205696232,0.24992663096395518,0.25215038451996036,0.7537443864148001,0.3562698376119775
1.8958344483763425,23.04130776368058,3.7505121205696232,0.06342663096395285,0.21644508451996036,0.7748043864148002,0.28302783761197753
1.7847544483763422,23.005607763680583,3.8219221205696234,0.08727336903604765,0.21644508451996036,0.6704343864148001,0.2894368376119775
1.7093744483763422,23.08100776368058,3.8933321205696236,0.4284733690360447,0.015944084519960378,0.4909923864148002,0.3635938376119775
1.8204544483763425,23.11670776368058,3.6751321205696232,0.4284733690360447,0.025253915480039635,0.5184583864148002,0.3297198376119775
1.8958344483763425,23.156407763680583,3.6751321205696232,0.3134733690360463,0.004958084519960382,0.6219143864148002,0.2894368376119775
1.9315444483763424,23.11670776368058,3.6751321205696232,0.1269733690360475,0.08735508451996038,0.6914943864148002,0.3297198376119775
1.9315444483763424,23.11670776368058,3.6751321205696232,0.1269733690360475,0.08735508451996038,0.6914943864148002,0.3297198376119775
1.6379644483763423,23.04130776368058,3.7505121205696232,0.09912663096395491,0.06355208451996036,0.7885343864148002,0.2894368376119775
1.7847544483763422,23.08100776368058,3.6394221205696233,0.3650266309639534,0.21644508451996036,0.8929043864148001,0.2958448376119775
1.7847544483763422,23.08100776368058,3.6394221205696233,0.3650266309639534,0.21644508451996036,0.8929043864148001,0.2958448376119775
1.8561644483763424,23.11670776368058,3.5640421205696233,0.44032663096395197,0.24574178451996037,0.9203743864148002,0.25556183761197754
1.7847544483763422,23.11670776368058,3.492632120569623,0.3650266309639534,0.24574178451996037,0.7885343864148002,0.2894368376119775
1.6022544483763423,23.11670776368058,3.603722120569623,0.289626630963955,0.17524608451996035,0.7052243864148002,0.2491538376119775
1.8561644483763424,23.156407763680583,3.5640421205696233,0.09912663096395491,0.15785108451996036,0.6914943864148002,0.24274483761197752
2.1140344483763425,23.156407763680583,3.6394221205696233,0.162673369036046,0.15144208451996036,0.6914943864148002,0.28302783761197753
1.9315444483763424,23.08100776368058,3.7862121205696235,0.4284733690360447,0.07545408451996038,0.6777643864148002,0.26929483761197753
1.8204544483763425,23.08100776368058,3.7108321205696235,0.4284733690360447,0.01335291548003964,0.6502943864148001,0.22260283761197752
1.8958344483763425,23.23180776368058,3.7505121205696232,0.4641733690360468,0.10765191548003966,0.6081843864148002,0.28302783761197753
1.9672444483763423,23.11670776368058,3.6394221205696233,0.20237336903604586,0.03624091548003966,0.6155043864148002,0.26288583761197754
1.7847544483763422,22.966007763680583,3.6751321205696232,0.08727336903604765,0.030747915480039634,0.5532443864148002,0.21527883761197752
2.002954448376342,23.04130776368058,3.4569321205696233,0.17452663096395327,0.06355208451996036,0.5944443864148001,0.27570383761197753
2.002954448376342,23.156407763680583,3.417262120569623,0.44032663096395197,0.12214508451996037,0.7473443864148002,0.22260283761197752
1.7490444483763423,23.08100776368058,3.7108321205696235,0.5514266309639524,0.18714808451996037,0.8929043864148001,0.1887288376119775
1.8958344483763425,23.11670776368058,3.8576221205696237,0.737926630963953,0.21644508451996036,0.9130543864148002,0.27570383761197753
2.296534448376342,22.966007763680583,3.7505121205696232,0.5117266309639525,0.21644508451996036,0.8443843864148002,0.20886983761197753
2.1140344483763425,22.930207763680585,3.9687121205696236,0.32532663096395353,0.18714808451996037,0.7812143864148002,0.21527883761197752
2.1140344483763425,22.930207763680585,3.9687121205696236,0.32532663096395353,0.18714808451996037,0.7812143864148002,0.21527883761197752
1.8561644483763424,22.966007763680583,3.8219221205696234,0.23807336903604792,0.030747915480039634,0.5321903864148001,0.1887288376119775
1.8561644483763424,22.966007763680583,3.8219221205696234,0.23807336903604792,0.030747915480039634,0.5321903864148001,0.1887288376119775
2.002954448376342,22.930207763680585,3.6751321205696232,0.35307336903604636,0.01335291548003964,0.4836683864148002,0.20886983761197753
2.002954448376342,22.930207763680585,3.6751321205696232,0.35307336903604636,0.01335291548003964,0.4836683864148002,0.20886983761197753
2.002954448376342,22.930207763680585,3.6751321205696232,0.35307336903604636,0.01335291548003964,0.4836683864148002,0.20886983761197753
2.002954448376342,22.930207763680585,3.6751321205696232,0.35307336903604636,0.01335291548003964,0.4836683864148002,0.20886983761197753
1.7847544483763422,22.854907763680583,3.4569321205696233,0.2142266309639531,0.08735508451996038,0.9341043864148002,0.1749958376119775
1.8561644483763424,22.930207763680585,3.492632120569623,0.17452663096395327,0.06904508451996039,0.9130543864148002,0.1685868376119775
2.0426244483763423,22.930207763680585,3.3815521205696233,0.06342663096395285,0.11024408451996037,0.7610743864148002,0.11457083761197752
2.1497444483763424,22.894507763680583,3.5640421205696233,0.1269733690360475,0.06355208451996036,0.6567043864148001,0.14203663761197752
2.296534448376342,23.192107763680582,3.7862121205696235,0.5038733690360466,0.06004391548003962,0.6914943864148002,0.11457083761197752
2.296534448376342,23.23180776368058,3.9330021205696237,0.8053733690360474,0.07743891548003962,0.6219143864148002,0.13471243761197751
2.296534448376342,23.267507763680584,3.9330021205696237,0.9521733690360463,0.08384791548003961,0.4699353864148002,0.10175343761197753
2.4433244483763423,23.267507763680584,3.8576221205696237,0.9521733690360463,0.07194591548003965,0.35915638641480024,0.12189503761197752
2.4076144483763424,23.23180776368058,3.7862121205696235,0.7299733690360455,0.05455091548003965,0.40035538641480023,0.10816213761197752
2.296534448376342,23.23180776368058,3.8576221205696237,0.6902733690360456,0.030747915480039634,0.5321903864148001,0.10175343761197753
2.4433244483763423,23.342807763680582,3.7505121205696232,0.579273369036045,0.022353084519960376,0.6704343864148001,0.06787893761197752
2.5901144483763425,23.342807763680582,3.7505121205696232,0.3134733690360463,0.05714308451996036,0.7262843864148001,0.08161183761197752
2.4076144483763424,23.342807763680582,3.9687121205696236,0.08727336903604765,0.12214508451996037,0.6850843864148002,0.09442923761197752
2.4076144483763424,23.342807763680582,3.9687121205696236,0.08727336903604765,0.12214508451996037,0.6850843864148002,0.09442923761197752
2.4433244483763423,23.382507763680582,4.004412120569623,0.17452663096395327,0.19905008451996037,0.6365643864148001,0.04773733761197752
2.5901144483763425,23.307107763680584,3.8933321205696236,0.011873369036045744,0.16975308451996035,0.7262843864148001,0.05414603761197752
2.5901144483763425,23.156407763680583,3.8933321205696236,0.277673369036048,0.28694048451996035,0.8855843864148001,0.10175343761197753
2.4829944483763424,23.08100776368058,4.079792120569623,0.5038733690360466,0.21644508451996036,0.8581143864148002,0.01477833761197752
2.4829944483763424,23.04130776368058,3.9687121205696236,0.7299733690360455,0.19264108451996037,0.6640243864148001,0.041328637611977526
2.5901144483763425,23.267507763680584,3.8576221205696237,0.9918733690360462,0.09834208451996035,0.35915638641480024,0.041328637611977526
2.554404448376342,23.267507763680584,3.8219221205696234,0.8410733690360459,0.04615708451996037,0.39394638641480023,0.01477833761197752
2.3719044483763425,23.156407763680583,3.7862121205696235,0.7299733690360455,0.04615708451996037,0.4351453864148002,0.03400443761197752
2.260824448376342,23.23180776368058,3.7505121205696232,0.6902733690360456,0.03624091548003966,0.5459243864148002,0.0010454376119775205
2.2251244483763424,23.156407763680583,3.7108321205696235,0.38877336903604487,0.01335291548003964,0.7262843864148001,0.0010454376119775205
2.260824448376342,23.11670776368058,3.6394221205696233,0.20237336903604586,0.15144208451996036,0.8370643864148002,0.04773733761197752
2.629784448376342,23.192107763680582,3.528342120569623,0.08727336903604765,0.12855408451996037,0.7537443864148001,0.02550486238802248
2.629784448376342,23.192107763680582,3.528342120569623,0.08727336903604765,0.12855408451996037,0.7537443864148001,0.02550486238802248
2.4829944483763424,23.23180776368058,3.5640421205696233,0.08727336903604765,0.13954008451996036,0.6081843864148002,0.041328637611977526
2.1894144483763425,23.267507763680584,3.7505121205696232,0.20237336903604586,0.05714308451996036,0.5880343864148001,0.01477833761197752
2.3362044483763422,23.342807763680582,3.6751321205696232,0.3134733690360463,0.0014509154800396162,0.6777643864148002,0.04564616238802248
2.6654844483763425,23.342807763680582,3.7505121205696232,0.5395733690360451,0.13053991548003963,0.6914943864148002,0.007454137611977524
2.7011944483763424,23.11670776368058,3.8219221205696234,0.8410733690360459,0.08934091548003964,0.5807143864148001,0.012687462388022472
2.5186944483763423,23.08100776368058,3.9687121205696236,0.8807733690360458,0.030747915480039634,0.4562023864148002,0.059379162388022474
2.5186944483763423,23.08100776368058,3.9687121205696236,0.8807733690360458,0.030747915480039634,0.4562023864148002,0.059379162388022474
2.6654844483763425,23.11670776368058,3.8576221205696237,0.8410733690360459,0.006943915480039642,0.39394638641480023,0.005363262388022483
2.7011944483763424,23.11670776368058,3.7862121205696235,0.6902733690360456,0.05165008451996034,0.4287363864148002,0.02550486238802248
2.6654844483763425,23.08100776368058,3.8576221205696237,0.5395733690360451,0.034255084519960344,0.4909923864148002,0.10607116238802249
2.812274448376342,23.005607763680583,3.7505121205696232,0.20237336903604586,0.08094708451996036,0.5807143864148001,0.04564616238802248
2.812274448376342,23.005607763680583,3.7505121205696232,0.20237336903604586,0.08094708451996036,0.5807143864148001,0.04564616238802248
2.812274448376342,23.005607763680583,3.7505121205696232,0.20237336903604586,0.08094708451996036,0.5807143864148001,0.04564616238802248
2.812274448376342,22.553407763680582,4.040122120569623,0.32532663096395353,0.004958084519960382,0.7189543864148,0.07952116238802247
2.812274448376342,22.553407763680582,4.040122120569623,0.32532663096395353,0.004958084519960382,0.7189543864148,0.07952116238802247
2.812274448376342,22.553407763680582,4.040122120569623,0.32532663096395353,0.004958084519960382,0.7189543864148,0.07952116238802247
2.812274448376342,22.553407763680582,4.040122120569623,0.32532663096395353,0.004958084519960382,0.7189543864148,0.07952116238802247
2.9590644483763424,22.47800776368058,4.004412120569623,0.289626630963955,0.03624091548003966,0.7610743864148002,0.04564616238802248
2.629784448376342,22.553407763680582,3.9330021205696237,0.5395733690360451,0.13954008451996036,0.24105338641480017,0.1664961623880225
2.7765744483763424,22.553407763680582,3.603722120569623,0.6902733690360456,0.18073908451996037,0.28957638641480016,0.06578816238802247
2.7011944483763424,22.47800776368058,3.6394221205696233,0.614973369036047,0.06904508451996039,0.4488773864148002,0.1262131623880225
2.4433244483763423,22.366907763680583,3.5640421205696233,0.5038733690360466,0.01884591548003961,0.5596543864148,0.1399461623880225
2.296534448376342,22.47800776368058,3.5640421205696233,0.277673369036048,0.15983691548003964,0.5111333864148002,0.09966216238802249
2.2251244483763424,22.62870776368058,3.528342120569623,0.1269733690360475,0.09574991548003964,0.5459243864148002,0.1335371623880225
2.3362044483763422,22.854907763680583,3.4569321205696233,0.05157336903604559,0.04264891548003963,0.6292343864148002,0.1335371623880225
2.554404448376342,22.966007763680583,3.3458421205696234,0.1269733690360475,0.07545408451996038,0.6365643864148001,0.09325416238802249
2.5901144483763425,23.11670776368058,3.3815521205696233,0.277673369036048,0.025253915480039635,0.6081843864148002,0.1939621623880225
2.4829944483763424,23.08100776368058,3.5640421205696233,0.4284733690360447,0.01884591548003961,0.6292343864148002,0.1262131623880225
2.923364448376342,22.966007763680583,3.7862121205696235,0.9164733690360478,0.06645291548003962,0.6081843864148002,0.14635416238802246
3.030474448376342,23.005607763680583,3.7862121205696235,1.217973369036045,0.10765191548003966,0.4699353864148002,0.15367916238802248
2.8836844483763424,23.04130776368058,3.9687121205696236,1.3290733690360454,0.07743891548003962,0.30330938641480015,0.14635416238802246
2.9590644483763424,23.23180776368058,3.9687121205696236,1.3687733690360453,0.06004391548003962,0.25478638641480017,0.14635416238802246
2.9590644483763424,23.23180776368058,3.9687121205696236,1.3687733690360453,0.06004391548003962,0.25478638641480017,0.14635416238802246
3.1415644483763425,23.156407763680583,3.8933321205696236,1.3687733690360453,0.03624091548003966,0.32436638641480015,0.1335371623880225
3.1772644483763424,23.04130776368058,3.9330021205696237,1.1782733690360452,0.04615708451996037,0.4626103864148002,0.16008716238802245
3.2169444483763425,22.743807763680582,3.8933321205696236,1.0275733690360447,0.034255084519960344,0.5807143864148001,0.1939621623880225
3.3637344483763423,22.704107763680582,3.8933321205696236,0.6902733690360456,0.022353084519960376,0.6704343864148001,0.1335371623880225
3.2883544483763423,22.668407763680584,4.040122120569623,0.6545733690360471,0.025253915480039635,0.6914943864148002,0.1664961623880225
3.2883544483763423,22.62870776368058,4.151202120569623,0.20237336903604586,0.01335291548003964,0.6567043864148001,0.20037016238802247
3.399434448376342,22.704107763680582,4.262292120569623,0.08727336903604765,0.04264891548003963,0.5459243864148002,0.1664961623880225
3.5105244483763425,22.779507763680584,4.186912120569623,0.20237336903604586,0.034255084519960344,0.4488773864148002,0.1939621623880225
3.4708444483763423,22.81920776368058,4.262292120569623,0.5038733690360466,0.10475008451996037,0.4214123864148002,0.21410316238802252
3.399434448376342,22.779507763680584,4.297992120569623,0.7656733690360475,0.19905008451996037,0.35915638641480024,0.1664961623880225
3.4351444483763425,23.08100776368058,4.040122120569623,1.217973369036045,0.04615708451996037,0.38021338641480024,0.1664961623880225
3.4351444483763425,23.08100776368058,4.079792120569623,1.0671733690360448,0.030747915480039634,0.4488773864148002,0.18663716238802247
3.2526444483763424,23.156407763680583,4.004412120569623,0.9164733690360478,0.2074439154800396,0.4836683864148002,0.20677916238802252
2.9947744483763423,23.192107763680582,3.8576221205696237,0.6545733690360471,0.33104091548003967,0.4909923864148002,0.1335371623880225
2.9947744483763423,23.192107763680582,3.8576221205696237,0.6545733690360471,0.33104091548003967,0.4909923864148002,0.1335371623880225
3.105854448376342,23.08100776368058,3.6394221205696233,0.4641733690360468,0.4070289154800396,0.4836683864148002,0.18663716238802247
2.8836844483763424,23.04130776368058,3.603722120569623,0.38877336903604487,0.33104091548003967,0.5395143864148002,0.16008716238802245
2.7011944483763424,22.966007763680583,3.528342120569623,0.38877336903604487,0.25413591548003966,0.6081843864148002,0.15367916238802248
2.7765744483763424,23.005607763680583,3.3101421205696235,0.4641733690360468,0.07194591548003965,0.6017743864148002,0.21410316238802252
2.7369044483763423,22.930207763680585,3.274432120569623,0.614973369036047,0.015944084519960378,0.5532443864148002,0.1738201623880225
2.7765744483763424,22.743807763680582,3.3815521205696233,0.8053733690360474,0.08094708451996036,0.5321903864148001,0.14635416238802246
2.7369044483763423,22.593007763680582,3.3815521205696233,0.9918733690360462,0.034255084519960344,0.5257823864148001,0.20677916238802252
2.9590644483763424,22.47800776368058,3.3815521205696233,1.1782733690360452,0.015944084519960378,0.5459243864148002,0.1802291623880225
2.8836844483763424,22.553407763680582,3.528342120569623,1.1425733690360467,0.07743891548003962,0.4424693864148002,0.2342451623880225
2.8836844483763424,22.593007763680582,3.6394221205696233,1.0671733690360448,0.04814291548003963,0.31795738641480015,0.18663716238802247
2.9590644483763424,22.593007763680582,3.603722120569623,1.0671733690360448,0.11314491548003963,0.22732038641480018,0.1738201623880225
3.105854448376342,22.668407763680584,3.492632120569623,0.9164733690360478,0.01884591548003961,0.31063338641480015,0.1939621623880225
3.105854448376342,22.593007763680582,3.492632120569623,0.7299733690360455,0.05455091548003965,0.4287363864148002,0.16008716238802245
3.0701544483763423,22.47800776368058,3.528342120569623,0.4284733690360447,0.01335291548003964,0.5459243864148002,0.16008716238802245
3.1415644483763425,22.40260776368058,3.6394221205696233,0.35307336903604636,0.11863791548003966,0.5807143864148001,0.21410316238802252
3.1772644483763424,22.40260776368058,3.7108321205696235,0.05157336903604559,0.05455091548003965,0.6365643864148001,0.15367916238802248
3.324054448376342,22.593007763680582,3.8576221205696237,0.17452663096395327,0.08934091548003964,0.6219143864148002,0.2269211623880225
3.324054448376342,22.593007763680582,3.9330021205696237,0.06342663096395285,0.01335291548003964,0.5459243864148002,0.1802291623880225
3.324054448376342,22.593007763680582,3.9330021205696237,0.06342663096395285,0.01335291548003964,0.5459243864148002,0.1802291623880225
3.324054448376342,22.743807763680582,3.9687121205696236,0.20237336903604586,0.027846084519960346,0.4772593864148002,0.20037016238802247
3.324054448376342,22.854907763680583,4.004412120569623,0.5038733690360466,0.06904508451996039,0.4626103864148002,0.2342451623880225
3.4351444483763425,22.966007763680583,3.9687121205696236,0.8410733690360459,0.12855408451996037,0.4351453864148002,0.20037016238802247
3.2169444483763425,22.930207763680585,3.8576221205696237,0.9521733690360463,0.04615708451996037,0.34542338641480014,0.1939621623880225
3.2169444483763425,22.81920776368058,3.6751321205696232,1.1425733690360467,0.10765191548003966,0.29690038641480015,0.20677916238802252
3.2883544483763423,22.779507763680584,3.528342120569623,1.0275733690360447,0.2834329154800397,0.32436638641480015,0.1939621623880225
3.2169444483763425,22.779507763680584,3.528342120569623,0.8807733690360458,0.40153591548003964,0.31795738641480015,0.20037016238802247
3.0701544483763423,22.81920776368058,3.6394221205696233,0.7299733690360455,0.43083291548003966,0.29690038641480015,0.1939621623880225
3.0701544483763423,22.930207763680585,3.492632120569623,0.6902733690360456,0.2779399154800396,0.33809938641480014,0.1802291623880225
3.1415644483763425,22.704107763680582,3.417262120569623,0.8410733690360459,0.07545408451996038,0.5944443864148001,0.22051216238802251
3.2526444483763424,22.553407763680582,3.3101421205696235,1.0275733690360447,0.17524608451996035,0.6155043864148002,0.21410316238802252
3.2526444483763424,22.40260776368058,3.4569321205696233,1.217973369036045,0.06355208451996036,0.49740038641480017,0.21410316238802252
3.2883544483763423,22.44230776368058,3.603722120569623,1.3687733690360453,0.04814291548003963,0.3655643864148002,0.16008716238802245
3.4708444483763423,22.62870776368058,3.6394221205696233,1.5551733690360479,0.23674091548003962,0.22091138641480018,0.1939621623880225
3.6573144483763422,22.779507763680584,3.7505121205696232,1.6305733690360462,0.36033691548003965,0.12386538641480022,0.20037016238802247
3.6573144483763422,22.779507763680584,3.7505121205696232,1.6305733690360462,0.36033691548003965,0.12386538641480022,0.20037016238802247
3.6216044483763423,22.779507763680584,3.8933321205696236,1.5948733690360477,0.4253399154800397,0.11013238641480022,0.20037016238802247
3.7287244483763424,22.854907763680583,3.8576221205696237,1.4440733690360474,0.3484359154800396,0.1650643864148002,0.22051216238802251
3.7683944483763425,22.81920776368058,4.004412120569623,1.3290733690360454,0.26054491548003966,0.28316738641480016,0.1738201623880225
3.875514448376342,22.668407763680584,3.9687121205696236,1.217973369036045,0.14244191548003965,0.4424693864148002,0.16008716238802245
3.9865944483763425,22.553407763680582,4.004412120569623,0.8410733690360459,0.004958084519960382,0.5321903864148001,0.1664961623880225
4.022304448376342,22.553407763680582,4.115502120569623,0.5038733690360466,0.04814291548003963,0.4626103864148002,0.1802291623880225
3.9508844483763426,22.366907763680583,4.151202120569623,0.4641733690360468,0.006943915480039642,0.4287363864148002,0.21410316238802252
3.9865944483763425,21.72420776368058,4.115502120569623,0.9918733690360462,0.07545408451996038,0.4562023864148002,0.1939621623880225
3.8398044483763423,21.498107763680583,4.004412120569623,1.253673369036047,0.13954008451996036,0.39394638641480023,0.21410316238802252
3.5819344483763422,21.46240776368058,3.8576221205696237,1.5551733690360479,0.034255084519960344,0.05428538641480024,0.2269211623880225
3.5462244483763423,21.498107763680583,3.8576221205696237,1.4044733690360474,0.03624091548003966,0.08907538641480023,0.1738201623880225
3.6573144483763422,21.537707763680583,3.6394221205696233,1.1425733690360467,0.19554291548003966,0.13027438641480021,0.20677916238802252
3.5105244483763425,21.537707763680583,3.6394221205696233,0.8807733690360458,0.24864291548003958,0.1787973864148002,0.18663716238802247
3.2526444483763424,21.537707763680583,3.5640421205696233,0.7299733690360455,0.25413591548003966,0.25478638641480017,0.16008716238802245
3.2526444483763424,21.537707763680583,3.5640421205696233,0.7299733690360455,0.25413591548003966,0.25478638641480017,0.16008716238802245
3.2883544483763423,21.839207763680584,3.528342120569623,0.614973369036047,0.15983691548003964,0.38662238641480023,0.21410316238802252
3.4351444483763425,22.025707763680582,3.417262120569623,0.5038733690360466,0.004958084519960382,0.49740038641480017,0.1939621623880225
3.3637344483763423,22.140807763680584,3.4569321205696233,0.579273369036045,0.034255084519960344,0.5257823864148001,0.1939621623880225
3.1772644483763424,22.366907763680583,3.3815521205696233,0.7299733690360455,0.034255084519960344,0.4626103864148002,0.20037016238802247
3.1415644483763425,22.704107763680582,3.3101421205696235,0.9521733690360463,0.15434391548003967,0.4140873864148002,0.1664961623880225
3.2526444483763424,22.779507763680584,3.3101421205696235,0.9521733690360463,0.26603791548003963,0.4351453864148002,0.15367916238802248
3.4351444483763425,22.668407763680584,3.4569321205696233,1.1425733690360467,0.4427349154800396,0.30330938641480015,0.21410316238802252
3.3637344483763423,22.593007763680582,3.417262120569623,1.3290733690360454,0.5013289154800397,0.24105338641480017,0.11980416238802248
3.3637344483763423,22.25180776368058,3.4569321205696233,1.4044733690360474,0.3722389154800396,0.25478638641480017,0.20677916238802252
3.4708444483763423,22.291507763680585,3.417262120569623,1.293373369036047,0.22483891548003965,0.29690038641480015,0.15367916238802248
3.4708444483763423,22.065407763680582,3.528342120569623,1.1782733690360452,0.19554291548003966,0.25478638641480017,0.2269211623880225
3.5462244483763423,21.914607763680582,3.492632120569623,0.9918733690360462,0.09574991548003964,0.22732038641480018,0.1664961623880225
3.6216044483763423,21.61310776368058,3.492632120569623,0.3134733690360463,0.20103591548003963,0.34542338641480014,0.20037016238802247
3.6573144483763422,21.537707763680583,3.6394221205696233,0.05157336903604559,0.26054491548003966,0.37288938641480024,0.18663716238802247
3.6573144483763422,21.537707763680583,3.6394221205696233,0.05157336903604559,0.26054491548003966,0.37288938641480024,0.18663716238802247
3.7287244483763424,21.64880776368058,3.7108321205696235,0.20237336903604586,0.2779399154800396,0.39394638641480023,0.1802291623880225
3.7683944483763425,21.914607763680582,3.8576221205696237,0.3134733690360463,0.14885091548003965,0.4214123864148002,0.20677916238802252
3.8040944483763424,21.99000776368058,3.9330021205696237,0.5395733690360451,0.05455091548003965,0.39394638641480023,0.1738201623880225
3.8040944483763424,22.025707763680582,3.8933321205696236,0.7656733690360475,0.0014509154800396162,0.26943438641480016,0.1939621623880225
3.8398044483763423,22.025707763680582,3.8576221205696237,0.9918733690360462,0.10765191548003966,0.1723883864148002,0.20677916238802252
3.875514448376342,21.99000776368058,3.8219221205696234,1.0671733690360448,0.15434391548003967,0.1861213864148002,0.20677916238802252
3.6930144483763425,22.065407763680582,3.8219221205696234,0.9164733690360478,0.3191389154800396,0.2062633864148002,0.20037016238802247
3.5462244483763423,22.140807763680584,3.7108321205696235,0.6545733690360471,0.4189309154800397,0.1787973864148002,0.18663716238802247
3.6930144483763425,22.140807763680584,3.603722120569623,0.6545733690360471,0.4839339154800396,0.1375983864148002,0.16008716238802245
3.6573144483763422,21.99000776368058,3.6394221205696233,0.6545733690360471,0.33104091548003967,0.24837738641480017,0.1664961623880225
3.6573144483763422,21.426607763680583,3.4569321205696233,0.6902733690360456,0.11314491548003963,0.5047253864148002,0.1664961623880225
3.5105244483763425,20.97440776368058,3.492632120569623,0.9164733690360478,0.022353084519960376,0.37288938641480024,0.20037016238802247
3.5462244483763423,21.01010776368058,3.528342120569623,0.9521733690360463,0.07743891548003962,0.1586553864148002,0.18663716238802247
3.6573144483763422,21.12510776368058,3.3815521205696233,1.1782733690360452,0.11863791548003966,0.026819386414800195,0.1939621623880225
3.6216044483763423,20.97440776368058,3.4569321205696233,1.4440733690360474,0.20103591548003963,0.019495386414800198,0.20037016238802247
3.7683944483763425,20.97440776368058,3.5640421205696233,1.6305733690360462,0.14885091548003965,0.06801838641480024,0.16008716238802245
3.875514448376342,20.97440776368058,3.603722120569623,1.7455733690360447,0.2074439154800396,0.13027438641480021,0.2269211623880225
3.875514448376342,20.97440776368058,3.603722120569623,1.7455733690360447,0.2074439154800396,0.13027438641480021,0.2269211623880225
3.9865944483763425,21.16080776368058,3.6751321205696232,1.670273369036046,0.19554291548003966,0.1925303864148002,0.16008716238802245
4.169084448376342,21.311607763680584,3.8576221205696237,1.5948733690360477,0.26603791548003963,0.22091138641480018,0.22051216238802251
4.208764448376343,21.57340776368058,4.040122120569623,1.253673369036047,0.24864291548003958,0.24105338641480017,0.21410316238802252
4.391254448376342,21.839207763680584,4.004412120569623,1.1028733690360468,0.36583091548003965,0.22091138641480018,0.16008716238802245
4.391254448376342,21.99000776368058,4.040122120569623,0.8053733690360474,0.36583091548003965,0.2062633864148002,0.1738201623880225
4.391254448376342,21.914607763680582,4.262292120569623,0.7299733690360455,0.33104091548003967,0.1998543864148002,0.20037016238802247
4.502344448376342,21.914607763680582,4.262292120569623,0.614973369036047,0.24223391548003959,0.24837738641480017,0.1664961623880225
4.649134448376342,21.688507763680583,4.262292120569623,0.579273369036045,0.13694891548003962,0.32436638641480015,0.20677916238802252
4.649134448376342,21.688507763680583,4.262292120569623,0.579273369036045,0.13694891548003962,0.32436638641480015,0.20677916238802252
4.649134448376342,21.688507763680583,4.262292120569623,0.579273369036045,0.13694891548003962,0.32436638641480015,0.20677916238802252
4.426964448376342,21.236207763680582,4.040122120569623,1.3687733690360453,0.21934591548003968,0.12386538641480022,0.18663716238802247
4.355554448376342,21.275907763680582,4.004412120569623,1.3687733690360453,0.3777319154800396,0.007970613585199793,0.1802291623880225
4.315874448376342,21.08550776368058,3.9330021205696237,1.4044733690360474,0.4894269154800397,0.11874861358519984,0.21410316238802252
4.0619744483763425,21.200507763680584,3.8219221205696234,1.253673369036047,0.4482279154800396,0.042760613585199836,0.18663716238802247
3.9508844483763426,21.200507763680584,3.7862121205696235,1.1782733690360452,0.3548439154800397,0.08175138641480023,0.18663716238802247
3.9865944483763425,21.236207763680582,3.7108321205696235,1.0275733690360447,0.19554291548003966,0.1513313864148002,0.2342451623880225
3.9865944483763425,21.236207763680582,3.7108321205696235,1.0275733690360447,0.19554291548003966,0.1513313864148002,0.2342451623880225
4.0619744483763425,21.426607763680583,3.7108321205696235,0.7299733690360455,0.04264891548003963,0.1586553864148002,0.1939621623880225
3.9865944483763425,21.537707763680583,3.6394221205696233,0.7299733690360455,0.11863791548003966,0.2062633864148002,0.20677916238802252
3.9865944483763425,21.537707763680583,3.6394221205696233,0.7299733690360455,0.11863791548003966,0.2062633864148002,0.20677916238802252
3.8398044483763423,21.64880776368058,3.7505121205696232,0.8053733690360474,0.20103591548003963,0.26211038641480017,0.1802291623880225
3.9508844483763426,21.57340776368058,3.5640421205696233,0.9521733690360463,0.36583091548003965,0.11013238641480022,0.22051216238802251
3.875514448376342,21.498107763680583,3.4569321205696233,1.1782733690360452,0.4601299154800397,0.026819386414800195,0.15367916238802248
3.6573144483763422,21.16080776368058,3.3815521205696233,1.253673369036047,0.4134379154800396,0.05428538641480024,0.18663716238802247
3.9865944483763425,20.63320776368058,3.3815521205696233,1.3687733690360453,0.4134379154800396,0.040552386414800135,0.18663716238802247
3.9865944483763425,20.597507763680582,3.4569321205696233,1.293373369036047,0.3841409154800396,0.042760613585199836,0.21410316238802252
3.9151844483763423,20.40710776368058,3.603722120569623,0.9164733690360478,0.3429419154800396,0.11234061358519981,0.16008716238802245
4.022304448376342,20.331707763680583,3.6394221205696233,0.7656733690360475,0.2779399154800396,0.09769161358519979,0.1664961623880225
4.133384448376343,20.220607763680583,3.6751321205696232,0.614973369036047,0.15434391548003967,0.05649361358519983,0.20677916238802252
4.391254448376342,20.14520776368058,3.7505121205696232,0.38877336903604487,0.11314491548003963,0.026819386414800195,0.20677916238802252
4.391254448376342,20.180907763680583,3.8576221205696237,0.23807336903604792,0.06004391548003962,0.08175138641480023,0.15367916238802248
4.315874448376342,20.296007763680585,3.9687121205696236,0.20237336903604586,0.16624591548003964,0.06801838641480024,0.24706216238802248
4.426964448376342,20.52210776368058,3.9330021205696237,0.1269733690360475,0.21934591548003968,0.08175138641480023,0.1802291623880225
4.5380444483763425,20.63320776368058,4.004412120569623,0.23807336903604792,0.36033691548003965,0.07534238641480023,0.1399461623880225
4.391254448376342,20.63320776368058,4.079792120569623,0.4641733690360468,0.3484359154800396,0.040552386414800135,0.20037016238802247
4.4626644483763425,20.859307763680583,4.115502120569623,0.579273369036045,0.38963391548003967,0.03543661358519978,0.16008716238802245
4.426964448376342,21.01010776368058,4.040122120569623,0.8053733690360474,0.36583091548003965,0.14621461358519983,0.18663716238802247
4.426964448376342,20.78390776368058,4.040122120569623,1.0671733690360448,0.36583091548003965,0.1398066135851998,0.15367916238802248
4.4626644483763425,20.708607763680583,3.7862121205696235,0.9164733690360478,0.39604291548003967,0.07022661358519983,0.1738201623880225
4.0619744483763425,20.446707763680582,3.6751321205696232,0.579273369036045,0.4839339154800396,0.10501661358519981,0.14635416238802246
4.169084448376342,20.331707763680583,3.5640421205696233,0.579273369036045,0.4839339154800396,0.09769161358519979,0.18663716238802247
4.208764448376343,20.40710776368058,3.492632120569623,0.5395733690360451,0.5196389154800396,0.029027613585199785,0.20677916238802252
4.022304448376342,20.446707763680582,3.417262120569623,0.6902733690360456,0.3191389154800396,0.019495386414800198,0.15367916238802248
3.9508844483763426,20.37140776368058,3.528342120569623,0.9164733690360478,0.26603791548003963,0.049168613585199805,0.20677916238802252
3.8398044483763423,20.25630776368058,3.4569321205696233,1.0275733690360447,0.1836409154800397,0.11874861358519984,0.1399461623880225
3.9508844483763426,20.296007763680585,3.3815521205696233,1.293373369036047,0.23674091548003962,0.13248161358519983,0.1738201623880225
4.097674448376343,20.180907763680583,3.3101421205696235,1.4440733690360474,0.30174391548003965,0.14621461358519983,0.20037016238802247
4.097674448376343,20.180907763680583,3.3101421205696235,1.4440733690360474,0.30174391548003965,0.14621461358519983,0.20037016238802247
4.097674448376343,20.40710776368058,3.2347621205696235,1.5948733690360477,0.4070289154800396,0.2295276135851998,0.1664961623880225
3.9865944483763425,20.557807763680582,3.3101421205696235,1.670273369036046,0.5425269154800396,0.2917836135851998,0.1399461623880225
3.9865944483763425,20.52210776368058,3.274432120569623,1.7455733690360447,0.5608379154800396,0.24326061358519982,0.16008716238802245
4.133384448376343,20.482407763680584,3.3458421205696234,1.6305733690360462,0.4839339154800396,0.1608636135851998,0.1399461623880225
4.244464448376342,20.180907763680583,3.417262120569623,1.479773369036046,0.4894269154800397,0.07755061358519982,0.1738201623880225
4.426964448376342,19.99450776368058,3.4569321205696233,1.217973369036045,0.43724191548003966,0.049168613585199805,0.14635416238802246
4.5380444483763425,19.69290776368058,3.7108321205696235,0.8053733690360474,0.2779399154800396,0.11234061358519981,0.14635416238802246
4.684834448376343,19.581907763680583,3.8933321205696236,0.7299733690360455,0.24223391548003959,0.16727161358519982,0.1802291623880225
4.831624448376342,19.542207763680583,3.9330021205696237,0.5395733690360451,0.19554291548003966,0.23685261358519982,0.15367916238802248
4.756244448376342,19.280307763680582,3.9687121205696236,0.35307336903604636,0.20103591548003963,0.2231196135851998,0.1939621623880225
4.756244448376342,19.316107763680584,3.8933321205696236,0.4641733690360468,0.1781479154800396,0.1745966135851998,0.1939621623880225
4.720544448376343,19.280307763680582,3.9687121205696236,0.6902733690360456,0.13694891548003962,0.10501661358519981,0.16008716238802245
4.867334448376343,19.542207763680583,3.9687121205696236,0.8807733690360458,0.23124791548003965,0.09128361358519982,0.1802291623880225
4.978414448376342,19.808007763680582,3.8933321205696236,0.9164733690360478,0.2834329154800397,0.16727161358519982,0.21410316238802252
4.978414448376342,19.919107763680582,3.9687121205696236,0.9918733690360462,0.47844091548003964,0.2780506135851998,0.15367916238802248
4.831624448376342,20.030207763680583,3.8576221205696237,1.0671733690360448,0.5306259154800397,0.3128406135851998,0.20037016238802247
4.720544448376343,20.14520776368058,3.7862121205696235,0.9521733690360463,0.4839339154800396,0.2716426135851998,0.1399461623880225
4.609454448376343,20.14520776368058,3.7505121205696232,0.9521733690360463,0.43083291548003966,0.2569936135851998,0.15367916238802248
4.720544448376343,20.180907763680583,3.6394221205696233,0.7656733690360475,0.3072369154800396,0.2853746135851998,0.18663716238802247
4.720544448376343,20.180907763680583,3.6394221205696233,0.7656733690360475,0.3072369154800396,0.2853746135851998,0.18663716238802247
4.649134448376342,20.030207763680583,3.603722120569623,0.6545733690360471,0.29533491548003965,0.2917836135851998,0.20037016238802247
4.502344448376342,19.88340776368058,3.492632120569623,0.579273369036045,0.3191389154800396,0.11234061358519981,0.20677916238802252
4.502344448376342,19.88340776368058,3.492632120569623,0.579273369036045,0.3191389154800396,0.11234061358519981,0.20677916238802252
4.502344448376342,19.732607763680583,3.417262120569623,0.6902733690360456,0.4601299154800397,0.08395861358519979,0.18663716238802247
4.097674448376343,19.732607763680583,3.0522621205696234,0.9521733690360463,0.5608379154800396,0.3265736135851998,0.1399461623880225
3.9508844483763426,19.843707763680584,3.016562120569623,1.217973369036045,0.4665389154800397,0.3265736135851998,0.20037016238802247
4.022304448376342,19.61760776368058,2.9054821205696233,1.293373369036047,0.3722389154800396,0.3128406135851998,0.1939621623880225
4.0619744483763425,19.542207763680583,2.7586921205696235,1.3290733690360454,0.38963391548003967,0.30551661358519977,0.1802291623880225
3.9865944483763425,19.50650776368058,2.722982120569623,1.3290733690360454,0.4665389154800397,0.3128406135851998,0.1802291623880225
3.9151844483763423,19.542207763680583,2.6872771205696235,1.1028733690360468,0.4958359154800397,0.30551661358519977,0.1738201623880225
3.9865944483763425,19.542207763680583,2.8697721205696234,0.9164733690360478,0.6130229154800396,0.2853746135851998,0.16008716238802245
4.097674448376343,19.240707763680582,2.9054821205696233,0.6902733690360456,0.6075299154800397,0.2780506135851998,0.1939621623880225
4.315874448376342,19.054217763680583,2.9808521205696232,0.5395733690360451,0.4601299154800397,0.2716426135851998,0.20037016238802247
4.208764448376343,18.90345776368058,3.199052120569623,0.38877336903604487,0.43724191548003966,0.2716426135851998,0.1939621623880225
4.208764448376343,18.828087763680582,3.1633521205696233,0.277673369036048,0.3072369154800396,0.20938661358519983,0.15367916238802248
4.280174448376342,18.601947763680585,3.199052120569623,0.05157336903604559,0.36033691548003965,0.2157946135851998,0.20677916238802252
4.502344448376342,18.34010776368058,3.1276421205696234,0.06342663096395285,0.3072369154800396,0.24326061358519982,0.20037016238802247
4.4626644483763425,18.300437763680584,3.274432120569623,0.06342663096395285,0.39604291548003967,0.3128406135851998,0.2269211623880225
4.315874448376342,18.562277763680584,3.1276421205696234,0.23807336903604792,0.3548439154800397,0.3338976135851998,0.2269211623880225
4.502344448376342,18.752707763680583,3.1633521205696233,0.4284733690360447,0.36583091548003965,0.3540396135851998,0.2342451623880225
4.573754448376342,18.828087763680582,3.1633521205696233,0.5395733690360451,0.33653391548003964,0.3750968135851998,0.1939621623880225
4.426964448376342,18.90345776368058,3.3101421205696235,0.7299733690360455,0.4253399154800397,0.3961539135851998,0.22051216238802251
4.391254448376342,18.828087763680582,3.2347621205696235,0.8053733690360474,0.4839339154800396,0.3338976135851998,0.16008716238802245
4.4626644483763425,18.752707763680583,3.0879721205696233,0.614973369036047,0.6542219154800396,0.30551661358519977,0.15367916238802248
4.5380444483763425,18.78840776368058,3.0879721205696233,0.38877336903604487,0.7192209154800396,0.3824210135851998,0.20037016238802247
4.426964448376342,18.752707763680583,3.016562120569623,0.4284733690360447,0.6130229154800396,0.4858756135851998,0.15367916238802248
4.244464448376342,18.67732776368058,3.016562120569623,0.38877336903604487,0.5544289154800396,0.4858756135851998,0.2269211623880225
3.9865944483763425,18.713037763680582,2.834062120569623,0.38877336903604487,0.36033691548003965,0.4098868135851998,0.20677916238802252
3.9508844483763426,18.526567763680582,2.6872771205696235,0.4641733690360468,0.33104091548003967,0.3403066135851998,0.18663716238802247
4.097674448376343,18.34010776368058,2.5404871205696233,0.6545733690360471,0.3841409154800396,0.3540396135851998,0.21410316238802252
4.097674448376343,18.34010776368058,2.5404871205696233,0.6545733690360471,0.3841409154800396,0.3540396135851998,0.21410316238802252
3.8398044483763423,18.300437763680584,2.3936981205696233,0.9521733690360463,0.6542219154800396,0.3686881135851998,0.20677916238802252
3.8398044483763423,18.300437763680584,2.3936981205696233,0.9521733690360463,0.6542219154800396,0.3686881135851998,0.20677916238802252
3.6216044483763423,18.22505776368058,2.3936981205696233,1.217973369036045,0.8428209154800396,0.5069327135851998,0.15367916238802248
3.9151844483763423,18.264727763680582,2.2112021205696233,1.3290733690360454,0.7549309154800395,0.5133414135851998,0.1939621623880225
3.9508844483763426,18.451187763680583,2.3222861205696232,1.3687733690360453,0.6020369154800397,0.5554556135851998,0.16008716238802245
3.9151844483763423,18.41548776368058,2.465109120569623,1.217973369036045,0.6075299154800397,0.5133414135851998,0.21410316238802252
4.022304448376342,18.149677763680582,2.576193120569623,1.0671733690360448,0.6606309154800397,0.3824210135851998,0.1738201623880225
4.280174448376342,17.812457763680584,2.4294031205696234,0.8053733690360474,0.6606309154800397,0.2780506135851998,0.1664961623880225
4.169084448376342,17.812457763680584,2.5047821205696232,0.614973369036047,0.6899309154800396,0.2853746135851998,0.18663716238802247
4.244464448376342,17.812457763680584,2.5404871205696233,0.38877336903604487,0.5663309154800397,0.4510855135851998,0.1802291623880225
4.208764448376343,17.69740776368058,2.834062120569623,0.3134733690360463,0.4070289154800396,0.6177116135851998,0.20037016238802247
4.355554448376342,17.73707776368058,2.941182120569623,0.20237336903604586,0.36583091548003965,0.6039786135851998,0.2269211623880225
4.5380444483763425,17.471267763680583,2.8697721205696234,0.05157336903604559,0.3072369154800396,0.4172110135851998,0.1802291623880225
4.649134448376342,17.36018776368058,2.8697721205696234,0.05157336903604559,0.4070289154800396,0.3403066135851998,0.18663716238802247
4.649134448376342,17.20942776368058,2.9054821205696233,0.162673369036046,0.43083291548003966,0.4025626135851998,0.20677916238802252
4.649134448376342,17.39589776368058,3.0522621205696234,0.277673369036048,0.47844091548003964,0.5417227135851999,0.1738201623880225
4.720544448376343,17.471267763680583,3.0879721205696233,0.4641733690360468,0.4839339154800396,0.5829216135851998,0.1738201623880225
4.831624448376342,17.586327763680583,2.8697721205696234,0.6902733690360456,0.43724191548003966,0.5554556135851998,0.20037016238802247
4.867334448376343,17.69740776368058,2.9054821205696233,0.7299733690360455,0.5196389154800396,0.5481314135851998,0.1802291623880225
4.720544448376343,17.69740776368058,3.016562120569623,0.6545733690360471,0.5425269154800396,0.5691886135851998,0.21410316238802252
4.649134448376342,17.661697763680582,2.834062120569623,0.35307336903604636,0.5251319154800397,0.5069327135851998,0.14635416238802246
4.649134448376342,17.661697763680582,2.7586921205696235,0.23807336903604792,0.6194319154800396,0.4584097535851998,0.20677916238802252
4.573754448376342,17.510947763680583,2.722982120569623,0.1269733690360475,0.5901349154800396,0.3888297135851998,0.1802291623880225
4.426964448376342,17.622027763680585,2.6118981205696232,0.05157336903604559,0.47844091548003964,0.4309439135851998,0.14635416238802246
4.391254448376342,17.546647763680582,2.576193120569623,0.06342663096395285,0.4546369154800396,0.5133414135851998,0.24706216238802248
4.315874448376342,17.510947763680583,2.465109120569623,0.08727336903604765,0.3777319154800396,0.5343985135851999,0.16008716238802245
4.315874448376342,17.471267763680583,2.357992120569623,0.23807336903604792,0.47203191548003964,0.4648184475851998,0.20037016238802247
4.280174448376342,17.320517763680584,2.2826141205696233,0.38877336903604487,0.5425269154800396,0.43735261358519983,0.1738201623880225
4.022304448376342,17.24513776368058,2.246908120569623,0.5395733690360451,0.7256309154800397,0.4721426635851998,0.14635416238802246
4.022304448376342,17.20942776368058,2.0287071205696234,0.579273369036045,0.8373309154800396,0.5343985135851999,0.20037016238802247
3.9865944483763425,17.24513776368058,1.9533291205696233,0.614973369036047,0.8547209154800396,0.5902456135851998,0.1802291623880225
3.9151844483763423,17.169757763680582,1.9533291205696233,0.614973369036047,0.8666209154800396,0.6177116135851998,0.1399461623880225
3.7287244483763424,17.094377763680583,1.8819181205696234,0.6902733690360456,0.6368269154800397,0.5417227135851999,0.1802291623880225
3.8040944483763424,16.832537763680584,1.7708339205696233,0.5395733690360451,0.5425269154800396,0.5279898135851998,0.1335371623880225
3.9508844483763426,16.45564776368058,1.8462121205696234,0.011873369036045744,0.6780209154800397,0.5966546135851998,0.1939621623880225
3.7683944483763425,16.45564776368058,1.8462121205696234,0.2142266309639531,0.6661209154800397,0.5279898135851998,0.20037016238802247
3.8040944483763424,16.45564776368058,1.9533291205696233,0.24992663096395518,0.6844309154800395,0.4721426635851998,0.2269211623880225
3.875514448376342,16.495317763680582,1.8462121205696234,0.44032663096395197,0.5013289154800397,0.4931998135851998,0.1335371623880225
4.022304448376342,16.45564776368058,1.9890341205696234,0.44032663096395197,0.6020369154800397,0.6177116135851998,0.20037016238802247
4.097674448376343,16.45564776368058,1.9890341205696234,0.6625266309639528,0.5251319154800397,0.6314446135851999,0.24706216238802248
4.022304448376342,16.57069776368058,1.9890341205696234,0.5117266309639525,0.5718239154800396,0.5417227135851999,0.14635416238802246
3.9508844483763426,16.606407763680583,1.9176231205696233,0.47602663096395403,0.6194319154800396,0.3750968135851998,0.1738201623880225
3.9151844483763423,16.380267763680582,1.9533291205696233,0.289626630963955,0.5837259154800396,0.3824210135851998,0.1939621623880225
4.0619744483763425,16.304887763680583,1.9890341205696234,0.06342663096395285,0.6954209154800396,0.5069327135851998,0.1939621623880225
4.208764448376343,16.419937763680583,1.8462121205696234,0.05157336903604559,0.6130229154800396,0.5902456135851998,0.16008716238802245
4.0619744483763425,16.380267763680582,1.9176231205696233,0.1269733690360475,0.5901349154800396,0.6314446135851999,0.20677916238802252
4.133384448376343,16.269187763680584,1.8065395205696233,0.23807336903604792,0.5196389154800396,0.6103876135851998,0.18663716238802247
4.097674448376343,16.15413776368058,1.9176231205696233,0.3134733690360463,0.5251319154800397,0.6387686135851998,0.20037016238802247
4.244464448376342,16.043047763680583,1.8462121205696234,0.2142266309639531,0.7018309154800396,0.6177116135851998,0.1664961623880225
4.133384448376343,15.927997763680583,1.8819181205696234,0.3650266309639534,0.8135209154800397,0.6314446135851999,0.20677916238802252
4.097674448376343,15.741537763680583,1.9533291205696233,0.289626630963955,0.6844309154800395,0.6314446135851999,0.1399461623880225
4.244464448376342,15.777237763680581,1.8819181205696234,0.289626630963955,0.6194319154800396,0.6250356135851998,0.2342451623880225
4.133384448376343,15.777237763680581,1.8462121205696234,0.09912663096395491,0.4894269154800397,0.5765126135851998,0.20037016238802247
4.0619744483763425,15.777237763680581,1.7708339205696233,0.011873369036045744,0.5306259154800397,0.6103876135851998,0.1738201623880225
3.8398044483763423,15.777237763680581,1.6597499205696233,0.08727336903604765,0.6194319154800396,0.6799676135851997,0.22051216238802251
3.875514448376342,15.777237763680581,1.5526331205696233,0.277673369036048,0.7311309154800397,0.6525016135851998,0.1939621623880225
3.875514448376342,15.626487763680583,1.4058441205696233,0.5038733690360466,0.9316309154800396,0.5902456135851998,0.1664961623880225
3.7287244483763424,15.440027763680582,1.3304651205696234,0.579273369036045,0.9902209154800395,0.5343985135851999,0.1802291623880225
3.6216044483763423,15.626487763680583,1.2233481205696233,0.6902733690360456,1.0552209154800396,0.6250356135851998,0.1664961623880225
3.4708444483763423,15.555077763680583,1.1122641205696233,0.7656733690360475,0.9490209154800396,0.7422236135851998,0.1664961623880225
3.4708444483763423,15.555077763680583,1.1122641205696233,0.7656733690360475,0.9490209154800396,0.7422236135851998,0.1664961623880225
3.5462244483763423,15.479697763680583,1.0011801205696234,0.8807733690360458,0.8904309154800397,0.8465936135851998,0.20037016238802247
3.5105244483763425,15.440027763680582,0.9654751205696233,0.6902733690360456,0.8190209154800397,0.8530016135851999,0.20677916238802252
3.2883544483763423,15.440027763680582,0.8940641205696233,0.579273369036045,0.7961309154800397,0.8044786135851998,0.20677916238802252
3.1772644483763424,15.440027763680582,0.7829801205696233,0.1269733690360475,0.8904309154800397,0.5829216135851998,0.1399461623880225
3.3637344483763423,15.364647763680583,0.9654751205696233,0.06342663096395285,0.8785209154800396,0.5279898135851998,0.2269211623880225
3.5462244483763423,15.479697763680583,1.0011801205696234,0.24992663096395518,0.7366209154800397,0.4996085135851998,0.20037016238802247
3.6573144483763422,15.328937763680582,1.0011801205696234,0.289626630963955,0.6844309154800395,0.5133414135851998,0.14635416238802246
3.6216044483763423,15.364647763680583,1.0765591205696232,0.44032663096395197,0.6075299154800397,0.5206656135851998,0.2269211623880225
3.6216044483763423,15.213887763680582,1.2233481205696233,0.5871266309639545,0.5782329154800396,0.5829216135851998,0.18663716238802247
3.875514448376342,15.027427763680581,1.1479701205696233,0.6625266309639528,0.7018309154800396,0.6662346135851998,0.18663716238802247
3.9151844483763423,14.876667763680583,1.1836761205696233,0.6268266309639543,0.6432349154800396,0.7010246135851999,0.20677916238802252
3.875514448376342,14.725907763680581,1.4772551205696234,0.5514266309639524,0.6844309154800395,0.6662346135851998,0.2269211623880225
4.022304448376342,14.725907763680581,1.4058441205696233,0.32532663096395353,0.6249249154800396,0.6177116135851998,0.1939621623880225
4.315874448376342,14.535477763680582,1.4058441205696233,0.09912663096395491,0.6606309154800397,0.6250356135851998,0.1939621623880225
4.426964448376342,14.384727763680583,1.4772551205696234,0.011873369036045744,0.5956279154800397,0.6872916135851999,0.20037016238802247
4.315874448376342,14.499777763680584,1.6597499205696233,0.06342663096395285,0.5544289154800396,0.7559566135851998,0.21410316238802252
4.315874448376342,14.424397763680583,1.6597499205696233,0.09912663096395491,0.6487289154800396,0.7843376135851998,0.2269211623880225
4.426964448376342,14.424397763680583,1.4415491205696234,0.289626630963955,0.6954209154800396,0.7358146135851997,0.16008716238802245
4.426964448376342,14.424397763680583,1.5526331205696233,0.5514266309639524,0.7430309154800397,0.7632806135851998,0.21410316238802252
4.502344448376342,14.309347763680583,1.4058441205696233,0.737926630963953,0.6780209154800397,0.7907466135851998,0.1939621623880225
4.208764448376343,14.309347763680583,1.5129601205696233,0.8529266309639532,0.5425269154800396,0.6250356135851998,0.20037016238802247
4.0619744483763425,14.233967763680582,1.6240443205696233,0.8529266309639532,0.5901349154800396,0.4858756135851998,0.24706216238802248
4.208764448376343,14.233967763680582,1.3701381205696233,0.777526630963953,0.6725309154800397,0.5279898135851998,0.1738201623880225
4.280174448376342,14.198267763680583,1.2233481205696233,0.6625266309639528,0.7897209154800396,0.6589106135851999,0.18663716238802247
4.022304448376342,14.233967763680582,1.2590541205696233,0.7022266309639544,0.8666209154800396,0.6937006135851997,0.18663716238802247
3.875514448376342,14.158587763680583,1.0765591205696232,0.44032663096395197,0.8959209154800397,0.6937006135851997,0.11339516238802248
3.6930144483763425,14.198267763680583,0.9654751205696233,0.17452663096395327,0.9838109154800397,0.7284906135851998,0.20677916238802252
3.5819344483763422,14.349017763680582,0.9297691205696232,0.08727336903604765,0.8135209154800397,0.7907466135851998,0.20037016238802247
3.5819344483763422,14.349017763680582,0.9297691205696232,0.1269733690360475,0.7961309154800397,0.8255366135851998,0.24706216238802248
3.6930144483763425,14.309347763680583,0.6361921205696233,0.1269733690360475,0.7778209154800396,0.7980706135851998,0.1939621623880225
3.5462244483763423,14.309347763680583,0.4536921205696234,0.162673369036046,0.8666209154800396,0.7147576135851998,0.1939621623880225
3.2169444483763425,14.309347763680583,0.5608121205696233,0.05157336903604559,0.9664209154800397,0.6250356135851998,0.20677916238802252
3.2526444483763424,14.384727763680583,0.4894021205696233,0.17452663096395327,0.9426109154800396,0.5481314135851998,0.1802291623880225
3.399434448376342,14.349017763680582,0.3426121205696233,0.289626630963955,0.9838109154800397,0.5618643135851998,0.20677916238802252
2.9590644483763424,14.047507763680581,0.23153212056962325,0.7022266309639544,0.7842309154800396,0.7843376135851998,0.18663716238802247
3.030474448376342,14.011797763680583,0.022377879430376613,0.8886266309639534,0.7137309154800396,0.7696886135851998,0.1664961623880225
3.0701544483763423,13.861047763680581,0.12441212056962336,1.1148266309639538,0.7430309154800397,0.6872916135851999,0.21410316238802252
3.030474448376342,13.634907763680582,0.23153212056962325,1.3052266309639542,0.7256309154800397,0.5765126135851998,0.2269211623880225
3.1772644483763424,13.444477763680581,0.27120212056962334,1.3806266309639543,0.7604209154800395,0.6250356135851998,0.20037016238802247
3.324054448376342,13.369097763680582,0.27120212056962334,1.491726630963953,0.8428209154800396,0.6525016135851998,0.22051216238802251
3.5105244483763425,13.258017763680582,0.4179921205696233,1.531326630963953,0.7897209154800396,0.5691886135851998,0.21410316238802252
3.5462244483763423,13.293717763680583,0.4894021205696233,1.3806266309639543,0.6780209154800397,0.6314446135851999,0.22051216238802251
3.4708444483763423,13.182637763680582,0.6361921205696233,1.1148266309639538,0.6899309154800396,0.7559566135851998,0.20677916238802252
3.4708444483763423,13.107257763680582,0.6361921205696233,1.0394266309639537,0.6899309154800396,0.8044786135851998,0.20037016238802247
3.7683944483763425,12.956497763680582,0.4536921205696234,0.8886266309639534,0.7897209154800396,0.8118036135851998,0.20677916238802252
3.8040944483763424,12.805747763680582,0.4536921205696234,0.8133266309639531,0.8492309154800396,0.7907466135851998,0.1738201623880225
3.7287244483763424,12.730367763680583,0.5608121205696233,0.8529266309639532,0.8602109154800396,0.7907466135851998,0.14635416238802246
3.5462244483763423,12.805747763680582,0.5608121205696233,0.737926630963953,0.8602109154800396,0.8118036135851998,0.20037016238802247
3.5462244483763423,12.805747763680582,0.5608121205696233,0.737926630963953,0.8602109154800396,0.8118036135851998,0.20037016238802247
3.5462244483763423,12.841447763680582,0.3069021205696232,0.9283266309639533,0.8904309154800397,0.8118036135851998,0.2269211623880225
3.7683944483763425,12.841447763680582,0.23153212056962325,1.0394266309639537,0.9783209154800397,0.8804676135851999,0.18663716238802247
3.3637344483763423,12.730367763680583,0.23153212056962325,1.1148266309639538,1.0900109154800397,0.6451776135851999,0.20037016238802247
3.2169444483763425,12.881127763680581,0.3783121205696234,0.9283266309639533,1.0314209154800396,0.6103876135851998,0.20037016238802247
3.2526444483763424,12.841447763680582,0.4536921205696234,0.8529266309639532,0.9316309154800396,0.6387686135851998,0.1399461623880225
3.5819344483763422,12.841447763680582,0.3426121205696233,0.737926630963953,0.8080309154800397,0.7632806135851998,0.21410316238802252
3.875514448376342,12.766077763680583,0.1601121205696232,0.5871266309639545,0.8016209154800397,0.8877916135851998,0.2406541623880225
3.5819344483763422,12.579607763680581,0.08474212056962327,0.5117266309639525,0.7842309154800396,0.8951166135851998,0.1802291623880225
3.2883544483763423,12.468527763680582,0.08474212056962327,0.3650266309639534,0.8785209154800396,0.8118036135851998,0.1939621623880225
3.2526444483763424,12.353477763680582,0.04903212056962336,0.06342663096395285,0.9490209154800396,0.8118036135851998,0.1939621623880225
3.3637344483763423,12.167017763680583,0.08474212056962327,0.05157336903604559,0.9490209154800396,0.8255366135851998,0.20037016238802247
3.4351444483763425,12.127337763680583,0.09775787943037662,0.09912663096395491,0.8904309154800397,0.8255366135851998,0.1939621623880225
3.5462244483763423,12.127337763680583,0.28024787943037666,0.09912663096395491,0.8080309154800397,0.8530016135851999,0.1939621623880225
3.324054448376342,12.016257763680581,0.1691678794303768,0.09912663096395491,0.8190209154800397,0.8804676135851999,0.1738201623880225
3.105854448376342,12.091637763680582,0.09775787943037662,0.24992663096395518,0.7485209154800397,0.7770136135851998,0.1802291623880225
3.1772644483763424,12.051957763680582,0.09775787943037662,0.4007266309639519,0.7961309154800397,0.7422236135851998,0.1664961623880225
3.2526444483763424,11.790117763680582,0.3516678794303767,1.0037266309639534,0.9197209154800395,0.9436396135851999,0.21410316238802252
3.1772644483763424,11.714737763680581,0.46274787943037654,1.2655266309639543,1.0076109154800394,0.9015246135851998,0.1664961623880225
2.9590644483763424,11.675067763680582,0.28024787943037666,1.5670266309639533,0.8959209154800397,0.6103876135851998,0.2406541623880225
2.923364448376342,11.865497763680583,0.28024787943037666,1.6821266309639533,0.8373309154800396,0.6177116135851998,0.1664961623880225
3.0701544483763423,11.675067763680582,0.28024787943037666,1.7178266309639536,0.8373309154800396,0.7422236135851998,0.1939621623880225
3.2169444483763425,11.524307763680582,0.4984578794303769,1.8328266309639538,0.8904309154800397,0.7696886135851998,0.20677916238802252
3.2169444483763425,11.563987763680583,0.42703787943037663,1.9043266309639542,0.9133109154800397,0.7696886135851998,0.20677916238802252
3.0701544483763423,11.524307763680582,0.28024787943037666,1.7178266309639536,0.8840209154800397,0.7422236135851998,0.20037016238802247
3.030474448376342,11.373557763680582,0.3159578794303768,1.531326630963953,0.8785209154800396,0.7422236135851998,0.18663716238802247
3.030474448376342,11.373557763680582,0.3159578794303768,1.531326630963953,0.8785209154800396,0.7422236135851998,0.18663716238802247
3.105854448376342,11.262467763680583,0.3913378794303768,1.4560266309639545,0.8666209154800396,0.8392696135851998,0.15367916238802248
3.2526444483763424,11.298177763680583,0.4984578794303769,1.3806266309639543,0.8904309154800397,0.9225816135851999,0.1939621623880225
3.3637344483763423,11.563987763680583,0.5738278794303768,1.1901266309639542,0.9902209154800395,0.9152576135851997,0.20677916238802252
3.399434448376342,11.413227763680583,0.4984578794303769,1.0791266309639536,1.0781109154800395,0.7980706135851998,0.1802291623880225
3.2526444483763424,11.262467763680583,0.5341578794303767,1.0394266309639537,1.2081109154800398,0.6872916135851999,0.1939621623880225
3.2526444483763424,11.187097763680583,0.5738278794303768,1.1148266309639538,1.1605109154800397,0.6799676135851997,0.1738201623880225
3.2526444483763424,11.076007763680582,0.6095378794303767,1.229826630963954,1.1138209154800398,0.8319446135851998,0.15367916238802248
3.2526444483763424,11.076007763680582,0.6809478794303765,1.2655266309639543,0.9252209154800396,0.9573726135851999,0.22051216238802251
3.2883544483763423,10.849877763680583,0.6809478794303765,1.3806266309639543,0.8254209154800397,0.9711046135851997,0.24706216238802248
3.324054448376342,10.699117763680583,0.7920278794303768,1.531326630963953,0.7668309154800396,0.8740596135851998,0.1738201623880225
3.2169444483763425,10.584067763680583,0.8277378794303767,1.6821266309639533,0.7723209154800396,0.7559566135851998,0.2342451623880225
3.2169444483763425,10.508687763680582,0.7206178794303766,1.7932266309639537,0.9014109154800397,0.7147576135851998,0.20677916238802252
3.1415644483763425,10.548357763680583,0.7206178794303766,1.8328266309639538,0.8666209154800396,0.7010246135851999,0.1738201623880225
3.4351444483763425,10.699117763680583,0.8277378794303767,1.7178266309639536,0.9078209154800397,0.7770136135851998,0.2406541623880225
3.2526444483763424,10.659447763680582,0.9031178794303767,1.5670266309639533,0.7604209154800395,0.7559566135851998,0.1802291623880225
3.0701544483763423,10.548357763680583,0.8674078794303768,1.4163266309639528,0.8309209154800395,0.7358146135851997,0.2269211623880225
3.0701544483763423,10.397607763680583,0.9388178794303765,1.3052266309639542,0.8428209154800396,0.7422236135851998,0.24706216238802248
3.0701544483763423,10.397607763680583,0.9388178794303765,1.3052266309639542,0.8428209154800396,0.7422236135851998,0.24706216238802248
3.030474448376342,10.397607763680583,1.0856078794303767,1.0791266309639536,0.9197209154800395,0.9363146135851999,0.1939621623880225
3.030474448376342,10.397607763680583,1.0856078794303767,1.0791266309639536,0.9197209154800395,0.9363146135851999,0.1939621623880225
3.0701544483763423,10.246847763680583,1.2681078794303768,0.9640266309639536,0.9838109154800397,0.9289906135851997,0.2269211623880225
2.847984448376342,10.322227763680582,1.3038078794303767,0.737926630963953,1.0781109154800395,0.8530016135851999,0.20037016238802247
2.7765744483763424,10.357927763680582,1.232397879430377,0.737926630963953,1.0076109154800394,0.7559566135851998,0.21410316238802252
2.8836844483763424,10.472977763680582,1.0856078794303767,0.8133266309639531,1.0488109154800398,0.7907466135851998,0.2342451623880225
2.923364448376342,10.548357763680583,1.157017879430377,0.9283266309639533,0.9957109154800395,0.9088496135851998,0.1939621623880225
2.923364448376342,10.508687763680582,1.3434878794303768,1.0037266309639534,1.0250109154800398,1.0058946135851998,0.2342451623880225
2.6654844483763425,10.397607763680583,1.3434878794303768,1.154426630963954,1.0964209154800395,0.9921626135851997,0.2406541623880225
2.554404448376342,10.623737763680582,1.4505978794303769,1.3806266309639543,1.0964209154800395,0.9363146135851999,0.18663716238802247
2.4433244483763423,10.357927763680582,1.4148978794303766,1.4163266309639528,1.1312109154800396,0.8804676135851999,0.24706216238802248
2.4829944483763424,10.246847763680583,1.4505978794303769,1.6821266309639533,1.1019109154800395,0.8319446135851998,0.18663716238802247
2.5901144483763425,9.905660763680583,1.6727678794303766,1.9043266309639542,1.0607109154800396,0.7696886135851998,0.1664961623880225
2.629784448376342,9.830281763680583,1.6727678794303766,2.130426630963953,1.0140209154800397,0.7559566135851998,0.22051216238802251
2.5901144483763425,9.794576763680583,1.5973878794303766,2.2454266309639532,1.0076109154800394,0.8182116135851998,0.2269211623880225
2.4433244483763423,9.532735763680583,1.6330978794303765,2.3208266309639534,1.0021209154800395,0.8044786135851998,0.21410316238802252
2.3719044483763425,9.306599763680582,1.5616878794303768,2.3962266309639535,1.0900109154800397,0.7696886135851998,0.18663716238802247
2.4829944483763424,9.231221863680583,1.7084778794303765,2.3962266309639535,1.0488109154800398,0.8465936135851998,0.2406541623880225
2.4829944483763424,9.231221863680583,1.7084778794303765,2.3962266309639535,1.0488109154800398,0.8465936135851998,0.2406541623880225
2.554404448376342,8.929707763680582,1.5973878794303766,2.5470266309639538,1.0195209154800398,0.9289906135851997,0.1939621623880225
2.554404448376342,8.929707763680582,1.6727678794303766,2.431926630963954,0.9957109154800395,0.8255366135851998,0.20677916238802252
2.5186944483763423,8.778951763680583,1.5259778794303769,2.3208266309639534,1.0076109154800394,0.6937006135851997,0.2269211623880225
2.554404448376342,8.929707763680582,1.6727678794303766,2.130426630963953,0.9664209154800397,0.7632806135851998,0.20037016238802247
2.5901144483763425,8.854329763680582,1.6330978794303765,2.055026630963953,1.0964209154800395,0.8603266135851998,0.1939621623880225
2.7011944483763424,8.965413763680582,1.7084778794303765,1.9439266309639542,1.0314209154800396,0.9363146135851999,0.20037016238802247
2.629784448376342,8.929707763680582,1.6727678794303766,1.8328266309639538,0.9838109154800397,0.9637806135851998,0.2342451623880225
2.5901144483763425,8.890035763680583,1.6330978794303765,1.6424266309639535,0.9197209154800395,0.8182116135851998,0.21410316238802252
2.5186944483763423,8.814656763680583,1.7798878794303767,1.6424266309639535,1.0314209154800396,0.7907466135851998,0.2543871623880225
2.5186944483763423,8.814656763680583,1.7798878794303767,1.6424266309639535,1.0314209154800396,0.7907466135851998,0.2543871623880225
2.5186944483763423,8.739278763680582,2.0020578794303763,1.7575266309639535,1.0314209154800396,0.8804676135851999,0.1738201623880225
2.4829944483763424,8.778951763680583,1.8552678794303767,2.0193266309639544,1.0964209154800395,1.0058946135851998,0.21410316238802252
2.5186944483763423,8.588521763680582,1.9623778794303768,2.055026630963953,1.0845209154800397,0.9921626135851997,0.18663716238802247
2.3719044483763425,8.552815763680583,1.9623778794303768,2.130426630963953,1.0552209154800396,0.8740596135851998,0.20677916238802252
2.3719044483763425,8.814656763680583,1.9266778794303765,2.2454266309639532,1.0552209154800396,0.7980706135851998,0.21410316238802252
2.5186944483763423,8.628194763680582,2.0020578794303763,2.2811266309639535,1.0021209154800395,0.8255366135851998,0.16008716238802245
2.6654844483763425,8.211629763680582,2.0020578794303763,2.2811266309639535,0.9838109154800397,0.8951166135851998,0.2543871623880225
2.5901144483763425,8.100547763680582,2.0020578794303763,2.2811266309639535,0.9078209154800397,0.8877916135851998,0.2342451623880225
2.5901144483763425,8.100547763680582,2.0020578794303763,2.2811266309639535,0.9078209154800397,0.8877916135851998,0.2342451623880225
2.4076144483763424,7.723657763680582,2.0377578794303766,2.055026630963953,0.9078209154800397,0.7632806135851998,0.2543871623880225
2.4076144483763424,7.612567763680582,2.0377578794303766,2.055026630963953,0.9197209154800395,0.8877916135851998,0.2342451623880225
2.4076144483763424,7.612567763680582,2.0377578794303766,2.055026630963953,0.9197209154800395,0.8877916135851998,0.2342451623880225
2.4433244483763423,7.497517763680582,2.2956378794303767,1.9796266309639527,0.9426109154800396,0.9711046135851997,0.15367916238802248
2.5186944483763423,7.572897763680582,2.402747879430377,1.9439266309639542,0.9252209154800396,1.0123036135851997,0.2406541623880225
2.4829944483763424,7.572897763680582,2.367047879430377,1.7932266309639537,0.9783209154800397,0.9848376135851997,0.1939621623880225
2.1497444483763424,7.572897763680582,2.2956378794303767,1.7178266309639536,1.1193109154800398,0.9088496135851998,0.22051216238802251
2.2251244483763424,7.648277763680582,2.2956378794303767,1.6821266309639533,1.1843109154800397,0.8182116135851998,0.20037016238802247
2.4076144483763424,7.7990277636805825,2.2202578794303767,1.6821266309639533,1.3372009154800395,0.8044786135851998,0.1939621623880225
2.4829944483763424,7.914087763680582,2.331337879430377,1.9439266309639542,1.3958009154800397,0.9500476135851998,0.15367916238802248
2.5186944483763423,7.8744077636805825,2.438457879430377,1.9043266309639542,1.3665009154800396,1.0818836135852,0.2269211623880225
2.3719044483763425,7.989457763680583,2.513837879430377,2.0193266309639544,1.3079109154800395,1.0608266135851998,0.1738201623880225
2.078334448376342,8.025167763680582,2.513837879430377,1.9439266309639542,1.1074109154800396,0.9573726135851999,0.21410316238802252
2.002954448376342,7.9497877636805825,2.5852478794303773,1.9796266309639527,1.0845209154800397,0.8877916135851998,0.2607951623880225
1.9315444483763424,7.8744077636805825,2.7717078794303767,2.130426630963953,1.0964209154800395,0.9637806135851998,0.16008716238802245
1.9315444483763424,7.8744077636805825,2.843117879430377,2.431926630963954,1.1550109154800396,0.9015246135851998,0.1802291623880225
1.8958344483763425,7.723657763680582,2.954197879430377,2.5470266309639538,1.2136109154800399,0.7980706135851998,0.21410316238802252
1.9672444483763423,7.537187763680582,3.025617879430377,2.6580266309639544,1.1962109154800395,0.7358146135851997,0.1738201623880225
1.7490444483763423,7.311057763680582,2.954197879430377,2.6977266309639543,1.1550109154800396,0.7422236135851998,0.21410316238802252
1.7490444483763423,7.311057763680582,2.954197879430377,2.6977266309639543,1.1550109154800396,0.7422236135851998,0.21410316238802252
1.6379644483763423,7.422137763680582,2.954197879430377,2.8485266309639528,1.0433209154800398,0.7632806135851998,0.20677916238802252
1.7490444483763423,7.271387763680583,3.0613178794303773,2.8485266309639528,0.9838109154800397,0.9775136135851998,0.2342451623880225
1.8204544483763425,6.783407763680582,3.2081078794303766,2.923826630963953,1.0021209154800395,0.8667346135851999,0.15367916238802248
1.8204544483763425,6.632647763680582,3.172407879430377,2.959626630963953,1.0140209154800397,0.7980706135851998,0.21410316238802252
1.7490444483763423,6.446187763680582,3.1009878794303773,2.9992266309639533,0.9728209154800397,0.7907466135851998,0.22051216238802251
1.7093744483763422,6.331137763680582,3.1009878794303773,3.0746266309639534,1.0250109154800398,0.8465936135851998,0.1802291623880225
1.9315444483763424,6.220047763680583,3.172407879430377,3.0349266309639535,0.9371209154800396,0.8804676135851999,0.1939621623880225
1.8561644483763424,6.295427763680582,3.319187879430377,3.0746266309639534,0.8959209154800397,0.8804676135851999,0.24706216238802248
1.8958344483763425,6.180377763680582,3.172407879430377,2.959626630963953,0.8602109154800396,0.8603266135851998,0.18663716238802247
1.9672444483763423,6.220047763680583,3.2477778794303767,2.8485266309639528,0.8721209154800397,0.8740596135851998,0.22051216238802251
1.8958344483763425,6.1446777636805825,3.2834878794303766,2.7731266309639544,1.0195209154800398,0.8392696135851998,0.21410316238802252
1.9672444483763423,6.0692977636805825,3.2834878794303766,2.6580266309639544,1.1898009154800397,0.8465936135851998,0.20677916238802252
2.1140344483763425,6.0692977636805825,3.319187879430377,2.622326630963954,1.2841009154800398,0.9088496135851998,0.15367916238802248
2.0426244483763423,6.1446777636805825,3.2834878794303766,2.6580266309639544,1.2667109154800396,0.9088496135851998,0.1664961623880225
2.1894144483763425,6.295427763680582,3.3548978794303768,2.7334266309639528,1.3253009154800397,0.8951166135851998,0.11339516238802248
2.0426244483763423,6.180377763680582,3.2477778794303767,2.7334266309639528,1.3665009154800396,0.8667346135851999,0.1802291623880225
1.8561644483763424,6.104997763680583,3.501687879430377,2.8485266309639528,1.3253009154800397,0.8044786135851998,0.1335371623880225
1.7847544483763422,5.8431577636805825,3.501687879430377,2.8485266309639528,1.2374109154800395,0.7907466135851998,0.1939621623880225
1.8204544483763425,5.617027763680582,3.648477879430377,2.884226630963953,1.1312109154800396,0.8118036135851998,0.22051216238802251
1.8561644483763424,5.501977763680582,3.6127678794303772,2.808826630963953,1.1312109154800396,0.9088496135851998,0.18663716238802247
1.8561644483763424,5.803487763680582,3.684187879430377,2.808826630963953,1.0845209154800397,0.9573726135851999,0.18663716238802247
1.8561644483763424,5.9185377636805825,3.577067879430377,2.6977266309639543,1.1724109154800395,1.0058946135851998,0.1738201623880225
1.8958344483763425,5.426597763680583,3.648477879430377,2.507326630963954,1.1486109154800395,0.9921626135851997,0.20677916238802252
1.8204544483763425,5.200457763680582,3.648477879430377,2.4716266309639536,1.1257209154800396,0.8877916135851998,0.21410316238802252
1.7490444483763423,5.053667763680583,3.8666778794303767,2.3565266309639537,1.0964209154800395,0.8667346135851999,0.16008716238802245
1.7490444483763423,4.978287763680583,3.8666778794303767,2.3208266309639534,1.0433209154800398,0.9775136135851998,0.20037016238802247
1.6379644483763423,4.752157763680582,3.977757879430377,2.3962266309639535,1.0726209154800395,1.0818836135852,0.2342451623880225
1.7490444483763423,4.676777763680582,4.160257879430377,2.431926630963954,1.0433209154800398,1.0882926135851998,0.16008716238802245
1.5268744483763423,4.712487763680582,4.235637879430377,2.5470266309639538,1.0845209154800397,1.0260366135851997,0.2269211623880225
1.5268744483763423,4.712487763680582,4.195957879430377,2.507326630963954,1.1486109154800395,1.0123036135851997,0.1664961623880225
1.5268744483763423,4.827537763680582,4.195957879430377,2.622326630963954,1.1376209154800399,0.9289906135851997,0.20677916238802252
1.5268744483763423,4.938617763680583,4.271337879430377,2.884226630963953,1.1669209154800395,0.8392696135851998,0.20037016238802247
1.5268744483763423,4.978287763680583,4.271337879430377,2.8485266309639528,1.2493109154800397,0.8182116135851998,0.2342451623880225
1.4157944483763423,5.013997763680583,4.271337879430377,2.923826630963953,1.2429009154800394,0.8044786135851998,0.1802291623880225
1.3800844483763424,5.089377763680583,4.307047879430377,3.1103266309639537,1.2905109154800396,0.7980706135851998,0.1802291623880225
1.4157944483763423,4.978287763680583,4.453837879430377,3.0746266309639534,1.2612209154800396,0.8667346135851999,0.1802291623880225
1.2332944483763424,4.938617763680583,4.453837879430377,3.2254266309639537,1.2667109154800396,0.8804676135851999,0.1802291623880225
1.0865044483763424,4.712487763680582,4.529217879430377,3.185726630963954,1.2722009154800396,0.8118036135851998,0.2342451623880225
1.0508044483763423,4.561727763680582,4.600627879430377,3.185726630963954,1.2200209154800397,0.7074336135851998,0.20677916238802252
1.0111344483763423,4.450647763680582,4.636327879430377,3.3722266309639544,1.3134009154800395,0.7211656135851998,0.1738201623880225
1.0111344483763423,4.450647763680582,4.636327879430377,3.3722266309639544,1.3134009154800395,0.7211656135851998,0.1738201623880225
0.8643444483763423,4.375267763680582,4.747417879430377,3.522926630963953,1.3317109154800395,0.8118036135851998,0.2269211623880225
0.7929294483763423,4.450647763680582,4.747417879430377,3.7133266309639534,1.4553109154800397,0.9225816135851999,0.1738201623880225
0.7572244483763422,4.902917763680582,4.783117879430377,3.7133266309639534,1.4608009154800397,0.9921626135851997,0.1738201623880225
0.7175514483763423,4.561727763680582,4.783117879430377,3.7133266309639534,1.4315009154800395,0.9573726135851999,0.20037016238802247
0.7572244483763422,3.6968577636805824,4.858497879430377,3.7133266309639534,1.2081109154800398,0.8740596135851998,0.1738201623880225
0.7929294483763423,3.319967763680582,4.894207879430377,3.7133266309639534,1.1193109154800398,0.8740596135851998,0.20677916238802252
0.9040144483763424,3.169207763680582,4.965617879430377,3.824426630963954,1.0607109154800396,0.8804676135851999,0.22051216238802251
0.9397144483763424,3.0581277636805826,5.005287879430377,3.899826630963954,1.0662109154800397,0.8044786135851998,0.2269211623880225
0.9397144483763424,3.0581277636805826,5.005287879430377,3.899826630963954,1.0662109154800397,0.8044786135851998,0.2269211623880225
1.0508044483763423,3.0184577636805825,5.005287879430377,3.939526630963954,0.9957109154800395,0.7495476135851998,0.21410316238802252
1.0111344483763423,3.0184577636805825,4.965617879430377,3.899826630963954,0.9728209154800397,0.7422236135851998,0.20677916238802252
0.9754244483763423,2.9827477636805826,4.894207879430377,3.7490266309639537,0.9957109154800395,0.7284906135851998,0.20037016238802247
1.0865044483763424,2.7923177636805825,4.818827879430377,3.7133266309639534,0.9609209154800397,0.7010246135851999,0.24706216238802248
1.1975944483763423,2.9430777636805825,4.672037879430377,3.6737266309639534,1.0964209154800395,0.7422236135851998,0.20037016238802247
1.3443844483763423,3.093827763680582,4.783117879430377,3.7490266309639537,1.2017109154800396,0.8603266135851998,0.22051216238802251
1.3086744483763424,3.284257763680582,4.858497879430377,3.7490266309639537,1.3198109154800397,1.0470936135851998,0.21410316238802252
1.4157944483763423,3.284257763680582,4.929907879430377,3.7133266309639534,1.3784009154800398,1.1578726135851998,0.18663716238802247
1.3443844483763423,3.510397763680582,5.005287879430377,3.7490266309639537,1.3134009154800395,1.0818836135852,0.18663716238802247
1.2332944483763424,3.395347763680582,4.818827879430377,3.487226630963953,1.2841009154800398,0.9848376135851997,0.18663716238802247
1.1579244483763422,3.1335077636805826,4.894207879430377,3.4118266309639544,1.1669209154800395,0.9015246135851998,0.24706216238802248
1.0111344483763423,2.605857763680582,4.965617879430377,3.3722266309639544,1.1257209154800396,0.6937006135851997,0.1738201623880225
1.0865044483763424,2.6415577636805825,5.040997879430377,3.562626630963953,1.1669209154800395,0.9436396135851999,0.1802291623880225
1.0508044483763423,2.9827477636805826,5.040997879430377,3.6737266309639534,1.2200209154800397,1.0882926135851998,0.1664961623880225
1.0508044483763423,2.8319877636805826,5.112407879430377,3.8641266309639537,1.2548109154800398,1.1441396135851998,0.2406541623880225
0.9397144483763424,2.304337763680582,5.259197879430377,3.899826630963954,1.3253009154800397,1.0544176135852,0.21410316238802252
0.7572244483763422,2.042497763680582,5.259197879430377,3.939526630963954,1.3317109154800395,0.8877916135851998,0.20677916238802252
0.7572244483763422,2.042497763680582,5.259197879430377,3.939526630963954,1.3317109154800395,0.8877916135851998,0.20677916238802252
0.6818454483763423,1.7013177636805823,5.370277879430377,3.939526630963954,1.2905109154800396,0.8255366135851998,0.1939621623880225
0.6104344483763422,1.5902277636805824,5.370277879430377,4.090226630963954,1.3079109154800395,0.8603266135851998,0.1738201623880225
0.5707614483763424,1.7766977636805823,5.588477879430377,4.1656266309639545,1.2612209154800396,0.9500476135851998,0.24706216238802248
0.6104344483763422,1.8520677636805827,5.770977879430377,4.014926630963954,1.2429009154800394,1.0123036135851997,0.20037016238802247
0.7175514483763423,1.8917477636805824,5.957437879430377,4.090226630963954,1.2017109154800396,0.9775136135851998,0.1738201623880225
0.5707614483763424,1.8917477636805824,6.064557879430377,3.7887266309639536,1.1724109154800395,0.9573726135851999,0.2406541623880225
0.3882664483763422,1.8520677636805827,6.028847879430377,3.824426630963954,1.2493109154800397,0.9015246135851998,0.2269211623880225
0.27718244837634226,1.8163677636805824,6.028847879430377,3.7490266309639537,1.2136109154800399,0.8044786135851998,0.18663716238802247
0.24147744837634227,1.8917477636805824,6.322427879430378,3.522926630963953,1.4077009154800395,0.7422236135851998,0.1939621623880225
0.20577144837634226,2.117877763680582,6.393837879430376,3.487226630963953,1.4553109154800397,0.8877916135851998,0.22051216238802251
0.20577144837634226,2.455097763680582,6.540627879430377,3.3364266309639543,1.3958009154800397,0.9436396135851999,0.1738201623880225
0.17006644837634227,2.304337763680582,6.469217879430377,3.2968266309639542,1.3253009154800397,0.8603266135851998,0.22051216238802251
0.17006644837634227,2.304337763680582,6.469217879430377,3.2968266309639542,1.3253009154800397,0.8603266135851998,0.22051216238802251
0.13039344837634226,2.0782077636805827,6.504917879430377,3.2254266309639537,1.3436109154800397,0.7843376135851998,0.24706216238802248
0.20577144837634226,1.7013177636805823,6.576337879430377,3.1500266309639535,1.3665009154800396,0.6937006135851997,0.18663716238802247
0.058982448376342256,1.364097763680582,6.540627879430377,3.185726630963954,1.4077009154800395,0.7010246135851999,0.21410316238802252
0.17006644837634227,1.137957763680582,6.540627879430377,3.2968266309639542,1.3546009154800398,0.7770136135851998,0.20677916238802252
0.24147744837634227,1.213337763680582,6.504917879430377,3.447526630963953,1.3134009154800395,0.9152576135851997,0.20037016238802247
0.27718244837634226,1.6259377636805823,6.433507879430377,3.638026630963953,1.2905109154800396,1.1093496135852,0.21410316238802252
0.35256144837634223,1.6259377636805823,6.504917879430377,3.7133266309639534,1.2786109154800398,1.1716056135851998,0.21410316238802252
0.35256144837634223,1.6259377636805823,6.504917879430377,3.7133266309639534,1.2786109154800398,1.1716056135851998,0.21410316238802252
0.35256144837634223,1.0625777636805829,6.616007879430376,3.824426630963954,1.2612209154800396,1.0956166135852,0.2342451623880225
0.20577144837634226,0.6103077636805825,6.6874178794303765,3.939526630963954,1.2310009154800396,0.8667346135851999,0.1939621623880225
0.17006644837634227,0.1977177636805827,6.616007879430376,4.090226630963954,1.2374109154800395,0.7358146135851997,0.1738201623880225
0.20577144837634226,0.21885223631941741,6.616007879430376,4.4671266309639535,1.2081109154800398,0.9225816135851999,0.2342451623880225
0.3882664483763422,0.21885223631941741,6.723127879430376,4.729026630963954,1.1312109154800396,0.9500476135851998,0.1738201623880225
0.3882664483763422,0.1791822363194182,6.723127879430376,4.8043266309639545,1.1605109154800397,0.9289906135851997,0.2543871623880225
0.42397244837634224,0.10380223631941732,6.6874178794303765,4.915426630963953,1.2081109154800398,0.9363146135851999,0.21410316238802252
0.31685544837634233,0.06809223631941741,6.723127879430376,4.955126630963953,1.1962109154800395,0.8877916135851998,0.1664961623880225
0.31685544837634233,0.10380223631941732,6.540627879430377,5.105926630963953,1.3729109154800399,0.7843376135851998,0.2406541623880225
0.27718244837634226,0.06809223631941741,6.6874178794303765,5.105926630963953,1.3784009154800398,0.6451776135851999,0.1335371623880225
0.31685544837634233,0.04695776368058269,6.723127879430376,4.990826630963953,1.5074909154800396,0.6250356135851998,0.1802291623880225
0.20577144837634226,0.384177763680583,6.8342078794303776,4.955126630963953,1.4489009154800399,0.7010246135851999,0.18663716238802247
0.17006644837634227,0.6499877636805831,6.8699178794303775,4.879726630963953,1.3903009154800396,0.8804676135851999,0.1802291623880225
0.24147744837634227,0.8364477636805816,6.980997879430377,4.8043266309639545,1.3665009154800396,0.9775136135851998,0.2342451623880225
0.20577144837634226,0.6856877636805816,7.092077879430376,4.653626630963954,1.2136109154800399,0.9363146135851999,0.20037016238802247
0.023276448376342268,0.4595577636805821,7.052407879430377,4.578226630963954,1.2612209154800396,0.7907466135851998,0.1664961623880225
0.08780755162365772,0.04695776368058269,7.016697879430377,4.427526630963953,1.2905109154800396,0.6589106135851999,0.20677916238802252
0.023276448376342268,0.3299322363194186,7.092077879430376,4.316426630963953,1.2310009154800396,0.5279898135851998,0.16008716238802245
0.058982448376342256,0.5560722363194177,6.980997879430377,4.316426630963953,1.1898009154800397,0.5206656135851998,0.1802291623880225
0.17006644837634227,0.3696122363194174,7.1634878794303765,4.4671266309639535,1.2310009154800396,0.8877916135851998,0.1802291623880225
0.13039344837634226,0.1434722363194183,7.052407879430377,4.502826630963954,1.2667109154800396,0.9711046135851997,0.2607951623880225
0.13039344837634226,1.0836922363194184,7.127787879430376,4.542526630963954,1.2960109154800397,0.8319446135851998,0.15367916238802248
0.0946874483763423,1.4605922363194175,7.199197879430376,4.617926630963954,1.2255109154800397,0.8392696135851998,0.24706216238802248
0.13039344837634226,1.7224922363194182,7.199197879430376,4.542526630963954,1.1431109154800398,0.8465936135851998,0.20037016238802247
0.3882664483763422,1.6113922363194177,7.127787879430376,4.578226630963954,1.0433209154800398,0.9088496135851998,0.14635416238802246
0.42397244837634224,1.571692236319418,7.092077879430376,4.617926630963954,0.9426109154800396,0.9985706135851997,0.24706216238802248
0.5350564483763423,1.3455922363194173,7.238867879430377,4.578226630963954,0.9664209154800397,1.0123036135851997,0.2269211623880225
0.4993504483763423,1.1193922363194169,7.385657879430377,4.502826630963954,1.0607109154800396,0.9985706135851997,0.2342451623880225
0.3882664483763422,1.1590922363194185,7.385657879430377,4.617926630963954,1.1843109154800397,0.8530016135851999,0.20677916238802252
0.31685544837634233,1.1590922363194185,7.3459878794303775,4.502826630963954,1.4196009154800397,0.6177116135851998,0.2342451623880225
0.20577144837634226,0.9329922363194179,7.492777879430377,4.542526630963954,1.4901009154800398,0.5765126135851998,0.1335371623880225
0.17006644837634227,0.6711222363194178,7.457067879430377,4.578226630963954,1.5898909154800398,0.7284906135851998,0.21410316238802252
0.24147744837634227,0.4806922363194186,7.568157879430378,4.578226630963954,1.6136909154800398,0.8182116135851998,0.20677916238802252
0.27718244837634226,0.21885223631941741,7.528477879430377,4.502826630963954,1.5377009154800398,0.8951166135851998,0.1738201623880225
0.17006644837634227,0.06809223631941741,7.528477879430377,4.617926630963954,1.5193909154800398,0.9152576135851997,0.22051216238802251
0.058982448376342256,0.3299322363194186,7.528477879430377,4.578226630963954,1.5074909154800396,0.9289906135851997,0.2342451623880225
0.12351305162365772,0.7068322363194177,7.714947879430377,4.578226630963954,1.5377009154800398,0.7980706135851998,0.1664961623880225
0.23459705162365774,1.194792236319417,7.750647879430377,4.542526630963954,1.4846009154800397,0.5966546135851998,0.20037016238802247
0.27030265162365774,1.309892236319417,7.861737879430376,4.617926630963954,1.4489009154800399,0.5069327135851998,0.1738201623880225
0.38138655162365775,1.4605922363194175,7.968847879430377,4.764726630963954,1.4250909154800397,0.7147576135851998,0.1802291623880225
0.4924705516236577,1.3455922363194173,8.191017879430376,4.764726630963954,1.4141109154800398,0.9500476135851998,0.2406541623880225
0.5638815516236577,0.9686922363194181,8.298177879430376,4.879726630963953,1.3610109154800396,0.9921626135851997,0.1802291623880225
0.5281765516236577,1.194792236319417,8.373477879430377,4.915426630963953,1.2841009154800398,0.7980706135851998,0.21410316238802252
0.6749655516236577,1.7977922363194185,8.480677879430376,4.8043266309639545,1.2722009154800396,0.6872916135851999,0.26720416238802247
0.8217555516236577,2.285792236319418,8.520277879430376,4.955126630963953,1.0845209154800397,0.6525016135851998,0.1802291623880225
0.8217555516236577,2.587292236319417,8.555977879430376,4.955126630963953,1.0662109154800397,0.6451776135851999,0.2269211623880225
0.6749655516236577,2.777792236319417,8.738477879430375,4.990826630963953,1.0552209154800396,0.6937006135851997,0.2543871623880225
0.6035545516236578,2.888792236319418,8.849577879430376,5.066226630963953,1.1550109154800396,0.8118036135851998,0.20677916238802252
0.6035545516236578,3.003892236319418,8.813877879430375,5.141626630963954,1.2548109154800398,0.9152576135851997,0.2342451623880225
0.4924705516236577,2.888792236319418,8.956677879430377,5.105926630963953,1.2548109154800398,0.9637806135851998,0.1802291623880225
0.5638815516236577,2.777792236319417,8.885277879430376,5.030526630963953,1.2786109154800398,0.9573726135851999,0.2269211623880225
0.6749655516236577,2.662692236319417,8.738477879430375,4.955126630963953,1.2200209154800397,0.8877916135851998,0.2342451623880225
0.6392605516236578,2.8134922363194175,8.555977879430376,4.915426630963953,1.2667109154800396,0.7632806135851998,0.1664961623880225
0.6035545516236578,2.626992236319417,8.627377879430377,4.955126630963953,1.3134009154800395,0.5765126135851998,0.2269211623880225
0.4924705516236577,2.285792236319418,8.667077879430376,4.879726630963953,1.3372009154800395,0.5554556135851998,0.2543871623880225
0.3456815516236577,2.023992236319417,8.667077879430376,4.879726630963953,1.4250909154800397,0.6103876135851998,0.16008716238802245
0.23459705162365774,2.0635922363194172,8.849577879430376,4.955126630963953,1.5551009154800397,0.7495476135851998,0.20037016238802247
0.4170925516236577,2.0635922363194172,8.956677879430377,4.879726630963953,1.5193909154800398,0.7696886135851998,0.18663716238802247
0.5281765516236577,2.1746922363194177,9.067777879430375,4.764726630963954,1.5486909154800395,0.6250356135851998,0.20677916238802252
0.7503445516236578,2.587292236319417,9.067777879430375,4.617926630963954,1.5020009154800396,0.5417227135851999,0.20037016238802247
0.8971335516236578,3.039592236319418,9.032077879430377,4.502826630963954,1.5193909154800398,0.5902456135851998,0.22051216238802251
0.9328395516236576,3.380792236319417,9.103477879430375,4.578226630963954,1.4608009154800397,0.6799676135851997,0.1738201623880225
0.8971335516236578,3.4164922363194172,9.143177879430375,4.578226630963954,1.4846009154800397,0.8530016135851999,0.15367916238802248
0.8574605516236578,3.4164922363194172,8.956677879430377,4.617926630963954,1.5551009154800397,0.9775136135851998,0.1939621623880225
0.8217555516236577,3.154692236319418,8.996377879430376,4.689326630963954,1.5551009154800397,0.9711046135851997,0.2406541623880225
0.8217555516236577,3.265692236319417,8.885277879430376,4.689326630963954,1.6548909154800397,0.9363146135851999,0.21410316238802252
0.9328395516236576,4.170292236319417,9.067777879430375,4.840026630963953,1.4553109154800397,0.6451776135851999,0.20037016238802247
1.0439235516236578,4.507492236319418,9.143177879430375,4.955126630963953,1.3134009154800395,0.5691886135851998,0.20677916238802252
1.0439235516236578,4.507492236319418,9.250277879430376,5.141626630963954,1.1431109154800398,0.5902456135851998,0.22051216238802251
0.9328395516236576,4.658292236319419,9.543877879430376,5.216926630963954,1.1019109154800395,0.6387686135851998,0.2269211623880225
0.9685445516236577,4.471792236319418,9.690677879430377,5.367726630963954,1.0900109154800397,0.8182116135851998,0.20677916238802252
0.9328395516236576,4.281392236319418,9.801777879430377,5.593826630963953,1.0195209154800398,0.8740596135851998,0.21410316238802252
0.9685445516236577,4.245692236319417,9.619277879430376,5.5185266309639545,1.0781109154800395,0.8182116135851998,0.22051216238802251
0.9328395516236576,4.245692236319417,9.508177879430376,5.558126630963953,1.2017109154800396,0.6589106135851999,0.20677916238802252
1.0042505516236577,4.055192236319417,9.361377879430377,5.593826630963953,1.3903009154800396,0.5069327135851998,0.22051216238802251
1.0042505516236577,4.055192236319417,9.361377879430377,5.593826630963953,1.3903009154800396,0.5069327135851998,0.22051216238802251
0.8971335516236578,3.8290922363194184,9.472477879430375,5.633526630963953,1.4965109154800396,0.4858756135851998,0.18663716238802247
0.7106715516236577,3.456192236319417,9.397077879430377,5.708926630963953,1.5963009154800396,0.6872916135851999,0.20037016238802247
0.7503445516236578,3.265692236319417,9.397077879430377,5.744626630963953,1.6017909154800396,0.7980706135851998,0.21410316238802252
0.7503445516236578,3.154692236319418,9.432777879430375,5.784326630963953,1.4141109154800398,0.7907466135851998,0.21410316238802252
0.7860495516236576,3.4164922363194172,9.397077879430377,5.8596266309639535,1.2905109154800396,0.6872916135851999,0.21410316238802252
0.7106715516236577,3.717992236319418,9.361377879430377,5.8200266309639535,1.1788209154800398,0.5069327135851998,0.16008716238802245
0.7503445516236578,4.130592236319417,9.214577879430376,5.8200266309639535,1.1431109154800398,0.4172110135851998,0.2406541623880225
0.6392605516236578,4.5828922363194184,9.397077879430377,5.970726630963954,1.1019109154800395,0.4858756135851998,0.2406541623880225
0.7106715516236577,4.773292236319417,9.432777879430375,6.081826630963954,1.1843109154800397,0.6387686135851998,0.18663716238802247
0.7106715516236577,4.658292236319419,9.432777879430375,6.1572266309639545,1.2200209154800397,0.8182116135851998,0.24706216238802248
0.7503445516236578,4.396392236319418,9.361377879430377,6.046126630963954,1.3079109154800395,0.8804676135851999,0.2607951623880225
0.8574605516236578,4.2059922363194175,9.325677879430376,6.081826630963954,1.3665009154800396,0.8667346135851999,0.1664961623880225
1.0439235516236578,4.547192236319418,9.325677879430376,6.1572266309639545,1.4846009154800397,0.7980706135851998,0.20037016238802247
1.0439235516236578,4.884392236319417,9.361377879430377,6.196926630963954,1.4727009154800395,0.6525016135851998,0.1802291623880225
1.0439235516236578,5.372392236319417,9.361377879430377,6.1572266309639545,1.4022109154800395,0.6451776135851999,0.21410316238802252
1.0796285516236577,5.598492236319418,9.432777879430375,6.272226630963953,1.4370009154800396,0.7074336135851998,0.1802291623880225
1.0042505516236577,5.824592236319418,9.766077879430377,6.307926630963953,1.3546009154800398,0.8118036135851998,0.18663716238802247
0.9328395516236576,5.788892236319418,9.908877879430376,6.272226630963953,1.3253009154800397,0.8603266135851998,0.2406541623880225
0.9685445516236577,5.788892236319418,10.130977879430375,6.272226630963953,1.2374109154800395,0.8804676135851999,0.21410316238802252
1.0439235516236578,5.864292236319418,10.202477879430376,6.1572266309639545,1.1376209154800399,0.8740596135851998,0.2543871623880225
1.0439235516236578,5.864292236319418,10.202477879430376,6.1572266309639545,1.1376209154800399,0.8740596135851998,0.2543871623880225
1.4485855516236577,5.598492236319418,10.460277879430375,5.970726630963954,1.1193109154800398,0.6103876135851998,0.18663716238802247
1.4485855516236577,5.598492236319418,10.460277879430375,5.970726630963954,1.1193109154800398,0.6103876135851998,0.18663716238802247
1.5199955516236576,5.5230922363194175,10.571377879430376,5.8596266309639535,1.2548109154800398,0.4931998135851998,0.2543871623880225
1.4842955516236576,4.959792236319418,10.900677879430376,5.744626630963953,1.5486909154800395,0.5279898135851998,0.1939621623880225
1.4842955516236576,4.959792236319418,10.900677879430376,5.744626630963953,1.5486909154800395,0.5279898135851998,0.1939621623880225
1.3732055516236576,4.808992236319417,10.900677879430376,5.558126630963953,1.4846009154800397,0.6103876135851998,0.20037016238802247
1.4089155516236576,4.959792236319418,10.900677879430376,5.482726630963954,1.4434109154800399,0.5966546135851998,0.16008716238802245
1.4485855516236577,5.185892236319418,10.900677879430376,5.443126630963954,1.4662909154800396,0.4648184475851998,0.21410316238802252
1.5199955516236576,5.673892236319418,10.860977879430376,5.407426630963954,1.4141109154800398,0.4025626135851998,0.1664961623880225
1.5199955516236576,5.673892236319418,10.860977879430376,5.407426630963954,1.4141109154800398,0.4025626135851998,0.1664961623880225
1.5199955516236576,5.864292236319418,10.900677879430376,5.407426630963954,1.3491109154800398,0.4510855135851998,0.22051216238802251
1.6310855516236578,6.241192236319417,10.789577879430375,5.332026630963954,1.3079109154800395,0.5618643135851998,0.1664961623880225
1.5557055516236578,6.316592236319417,10.789577879430375,5.443126630963954,1.2429009154800394,0.7074336135851998,0.2269211623880225
1.3732055516236576,6.316592236319417,10.678477879430377,5.5185266309639545,1.2017109154800396,0.8255366135851998,0.24706216238802248
1.3017955516236577,6.126092236319417,10.678477879430377,5.708926630963953,1.2255109154800397,0.8255366135851998,0.1939621623880225
1.1907125516236576,6.201492236319417,10.642777879430376,5.708926630963953,1.2960109154800397,0.6589106135851999,0.1738201623880225
1.2621255516236576,6.578392236319418,10.753877879430377,6.046126630963954,1.3903009154800396,0.4584097535851998,0.20037016238802247
1.3375055516236576,6.990992236319418,10.789577879430375,6.121526630963954,1.3958009154800397,0.4025626135851998,0.20037016238802247
1.4089155516236576,7.217192236319416,11.007777879430376,6.196926630963954,1.2960109154800397,0.4098868135851998,0.16008716238802245
1.5557055516236578,7.217192236319416,11.083177879430377,6.232626630963953,1.3024109154800398,0.4858756135851998,0.2342451623880225
1.4842955516236576,7.2924922363194185,11.194277879430375,6.196926630963954,1.1898009154800397,0.7074336135851998,0.21410316238802252
1.4089155516236576,7.332192236319418,11.376777879430376,6.196926630963954,1.1898009154800397,0.7770136135851998,0.22051216238802251
1.4089155516236576,7.141792236319418,11.483877879430375,6.1572266309639545,1.2310009154800396,0.7211656135851998,0.20677916238802252
1.4089155516236576,7.106092236319419,11.337077879430376,6.121526630963954,1.4965109154800396,0.6799676135851997,0.2406541623880225
1.4089155516236576,6.990992236319418,11.483877879430375,6.1572266309639545,1.5377009154800398,0.4931998135851998,0.1399461623880225
1.5199955516236576,6.879892236319417,11.483877879430375,6.046126630963954,1.7198909154800397,0.44467681358519984,0.18663716238802247
1.5557055516236578,6.542692236319418,11.559277879430375,5.935026630963954,1.7253909154800398,0.4510855135851998,0.1738201623880225
1.5557055516236578,6.050792236319417,11.670377879430376,5.744626630963953,1.5789009154800397,0.5279898135851998,0.20037016238802247
1.6667855516236576,5.9753922363194185,11.741777879430376,5.8200266309639535,1.4608009154800397,0.5829216135851998,0.21410316238802252
1.7024955516236577,6.050792236319417,11.888577879430375,5.784326630963953,1.3784009154800398,0.4648184475851998,0.1738201623880225
1.7421655516236576,6.241192236319417,12.070977879430377,5.744626630963953,1.3903009154800396,0.3961539135851998,0.22051216238802251
1.8889555516236576,6.618092236319418,12.182077879430375,5.708926630963953,1.3491109154800398,0.3613636135851998,0.1802291623880225
1.8889555516236576,6.618092236319418,12.182077879430375,5.708926630963953,1.3491109154800398,0.3613636135851998,0.1802291623880225
1.9246655516236577,7.141792236319418,12.182077879430375,5.744626630963953,1.3317109154800395,0.2853746135851998,0.15367916238802248
1.8889555516236576,7.443292236319419,12.106777879430377,5.708926630963953,1.2493109154800397,0.2505846135851998,0.2406541623880225
1.8889555516236576,7.7447922363194195,12.106777879430377,5.744626630963953,1.3372009154800395,0.4309439135851998,0.2543871623880225
1.8889555516236576,7.784492236319419,12.070977879430377,5.895326630963954,1.2786109154800398,0.6525016135851998,0.16008716238802245
1.9246655516236577,7.7447922363194195,11.959977879430376,6.081826630963954,1.3665009154800396,0.7211656135851998,0.2269211623880225
1.9603655516236578,7.443292236319419,11.852777879430375,6.121526630963954,1.3784009154800398,0.6451776135851999,0.18663716238802247
1.8135755516236576,7.518692236319417,11.670377879430376,6.196926630963954,1.4196009154800397,0.5765126135851998,0.21410316238802252
1.9246655516236577,7.895592236319416,11.670377879430376,6.347626630963953,1.4022109154800395,0.5279898135851998,0.20677916238802252
1.7421655516236576,8.498592236319418,11.594977879430376,6.534126630963954,1.2136109154800399,0.4794669135851998,0.14635416238802246
1.7024955516236577,8.649292236319418,11.594977879430376,6.5738266309639535,1.1376209154800399,0.4648184475851998,0.21410316238802252
1.5953755516236576,8.835792236319417,11.741777879430376,6.6491566309639545,1.0369109154800396,0.6250356135851998,0.22051216238802251
1.6310855516236578,8.875492236319417,11.888577879430375,6.6094866309639535,1.0726209154800395,0.8319446135851998,0.2406541623880225
1.6310855516236578,8.950892236319419,11.959977879430376,6.6094866309639535,1.0781109154800395,0.8804676135851999,0.2269211623880225
1.5557055516236578,8.911192236319419,12.106777879430377,6.6491566309639545,1.1669209154800395,0.7770136135851998,0.20677916238802252
1.7024955516236577,8.835792236319417,12.035277879430376,6.6491566309639545,1.2786109154800398,0.6103876135851998,0.2342451623880225
1.8492855516236577,8.684992236319417,11.924277879430376,6.6094866309639535,1.3372009154800395,0.4309439135851998,0.1738201623880225
1.8889555516236576,8.458892236319418,11.888577879430375,6.534126630963954,1.3848109154800397,0.2643176135851998,0.15367916238802248
1.8135755516236576,8.046292236319417,11.813177879430375,6.5738266309639535,1.5789009154800397,0.2157946135851998,0.20677916238802252
1.7421655516236576,7.859892236319418,11.999577879430376,6.5738266309639535,1.6136909154800398,0.2643176135851998,0.1738201623880225
1.8135755516236576,7.518692236319417,12.070977879430377,6.534126630963954,1.6667909154800395,0.5206656135851998,0.21410316238802252
1.7421655516236576,7.482992236319419,12.106777879430377,6.498426630963953,1.6906009154800397,0.7074336135851998,0.22051216238802251
1.7421655516236576,7.633692236319419,12.328877879430376,6.498426630963953,1.6548909154800397,0.7770136135851998,0.16008716238802245
1.9603655516236578,7.859892236319418,12.364577879430376,6.498426630963953,1.6375009154800395,0.6799676135851997,0.2406541623880225
2.142865551623658,8.085992236319417,12.547077879430375,6.423026630963953,1.5258009154800396,0.4858756135851998,0.1738201623880225
2.3650255516236576,8.42319223631942,12.582777879430376,6.272226630963953,1.4250909154800397,0.2716426135851998,0.1802291623880225
2.3650255516236576,8.684992236319417,12.729577879430376,6.383326630963953,1.3024109154800398,0.07022661358519983,0.2342451623880225
2.3650255516236576,8.986592236319417,12.912077879430376,6.347626630963953,1.2786109154800398,0.049168613585199805,0.1939621623880225
2.2539455516236577,9.137292236319418,13.023177879430376,6.383326630963953,1.2493109154800397,0.11234061358519981,0.20037016238802247
2.3650255516236576,8.950892236319419,12.987477879430376,6.423026630963953,1.2493109154800397,0.2643176135851998,0.2269211623880225
2.4761155516236575,8.950892236319419,13.023177879430376,6.498426630963953,1.2200209154800397,0.4996085135851998,0.21410316238802252
2.4007355516236575,9.026192236319417,13.098577879430376,6.5738266309639535,1.1788209154800398,0.6039786135851998,0.24706216238802248
2.3650255516236576,9.966492236319418,13.023177879430376,6.7999166309639545,1.2786109154800398,0.6314446135851999,0.20037016238802247
2.2896555516236576,10.152892236319417,13.058877879430376,6.910996630963954,1.2841009154800398,0.5343985135851999,0.2873451623880225
1.9960755516236577,10.37909223631942,13.058877879430376,7.137136630963953,1.2200209154800397,0.4172110135851998,0.2342451623880225
1.7778755516236577,10.267992236319419,13.098577879430376,7.101426630963953,1.1431109154800398,0.3403066135851998,0.28093716238802247
1.7421655516236576,10.343392236319417,13.098577879430376,7.061756630963954,1.0314209154800396,0.2780506135851998,0.22051216238802251
2.035745551623658,10.152892236319417,13.169977879430377,6.835616630963953,1.0140209154800397,0.2505846135851998,0.20037016238802247
1.9960755516236577,10.041892236319416,13.205677879430375,6.760236630963954,1.1431109154800398,0.4098868135851998,0.2269211623880225
1.9960755516236577,9.775992236319418,13.281077879430375,6.7999166309639545,1.3491109154800398,0.44467681358519984,0.22051216238802251
1.9246655516236577,9.363492236319416,13.352477879430376,6.835616630963953,1.5605909154800397,0.4098868135851998,0.18663716238802247
1.8492855516236577,9.137292236319418,13.427877879430376,6.684866630963954,1.6787009154800399,0.4510855135851998,0.2406541623880225
1.9246655516236577,8.835792236319417,13.316777879430376,6.760236630963954,1.7437009154800398,0.43735261358519983,0.1939621623880225
1.7421655516236576,8.835792236319417,13.316777879430376,6.684866630963954,1.6082009154800398,0.3128406135851998,0.16008716238802245
1.8135755516236576,8.986592236319417,13.169977879430377,6.6491566309639545,1.5020009154800396,0.2157946135851998,0.24706216238802248
1.8889555516236576,9.252392236319416,13.281077879430375,6.5738266309639535,1.4608009154800397,0.16727161358519982,0.1802291623880225
2.035745551623658,9.664992236319417,13.316777879430376,6.534126630963954,1.4022109154800395,0.2569936135851998,0.1664961623880225
2.142865551623658,10.077592236319418,13.463577879430376,6.534126630963954,1.4846009154800397,0.3476306135851998,0.2406541623880225
2.035745551623658,10.494092236319418,13.681777879430376,6.6094866309639535,1.5258009154800396,0.4721426635851998,0.20037016238802247
2.2539455516236577,10.831292236319417,13.792777879430377,6.6491566309639545,1.5605909154800397,0.6250356135851998,0.2406541623880225
2.2896555516236576,10.680592236319416,13.828577879430377,6.684866630963954,1.4553109154800397,0.6589106135851999,0.22051216238802251
2.3650255516236576,10.529792236319416,13.864277879430377,6.5738266309639535,1.3958009154800397,0.6451776135851999,0.2269211623880225
2.4007355516236575,10.303692236319417,13.792777879430377,6.498426630963953,1.3079109154800395,0.43735261358519983,0.24706216238802248
2.4007355516236575,10.605192236319418,13.792777879430377,6.6094866309639535,1.2136109154800399,0.2020616135851998,0.21410316238802252
2.2896555516236576,10.982092236319417,13.717477879430376,6.6094866309639535,1.1962109154800395,0.09769161358519979,0.22051216238802251
2.3293255516236577,11.132892236319417,13.757077879430376,6.684866630963954,1.1962109154800395,0.14621461358519983,0.22051216238802251
2.2896555516236576,11.319292236319416,13.792777879430377,6.760236630963954,1.1550109154800396,0.2569936135851998,0.21410316238802252
2.107155551623658,11.434392236319418,13.828577879430377,6.760236630963954,1.1138209154800398,0.4236197135851998,0.26720416238802247
2.035745551623658,11.545492236319419,13.757077879430376,6.7999166309639545,1.1669209154800395,0.4996085135851998,0.24706216238802248
2.035745551623658,11.545492236319419,13.792777879430377,6.7999166309639545,1.1843109154800397,0.5481314135851998,0.2406541623880225
2.0714455516236576,11.509792236319417,13.757077879430376,6.7999166309639545,1.2374109154800395,0.5417227135851999,0.3010781623880225
2.142865551623658,11.394692236319418,13.717477879430376,6.835616630963953,1.2374109154800395,0.4098868135851998,0.1802291623880225
2.035745551623658,11.283592236319418,13.610377879430375,6.875296630963954,1.3198109154800397,0.20938661358519983,0.1939621623880225
1.9960755516236577,10.906692236319419,13.681777879430376,6.760236630963954,1.4250909154800397,0.05649361358519983,0.24706216238802248
1.9603655516236578,10.529792236319416,13.717477879430376,6.7999166309639545,1.3491109154800398,0.040552386414800135,0.21410316238802252
1.9603655516236578,10.002192236319416,13.975277879430376,6.684866630963954,1.2786109154800398,0.2020616135851998,0.2607951623880225
1.9603655516236578,9.851392236319416,13.903877879430375,6.7999166309639545,1.2612209154800396,0.3265736135851998,0.22051216238802251
1.9246655516236577,10.077592236319418,13.939577879430376,6.835616630963953,1.3253009154800397,0.4172110135851998,0.2406541623880225
2.035745551623658,10.56949223631942,14.010977879430376,6.950666630963953,1.5193909154800398,0.3476306135851998,0.2269211623880225
2.142865551623658,10.982092236319417,14.046777879430376,6.986376630963953,1.5377009154800398,0.24326061358519982,0.2406541623880225
2.0714455516236576,11.208192236319416,14.122077879430377,7.061756630963954,1.5139009154800398,0.1608636135851998,0.18663716238802247
2.107155551623658,11.394692236319418,14.086377879430376,7.137136630963953,1.4250909154800397,0.13248161358519983,0.22051216238802251
2.142865551623658,11.585092236319419,14.304577879430376,7.252186630963953,1.3848109154800397,0.1745966135851998,0.2607951623880225
2.2539455516236577,11.509792236319417,14.487077879430377,7.137136630963953,1.3610109154800396,0.24326061358519982,0.21410316238802252
2.3650255516236576,11.620792236319417,14.598177879430377,7.252186630963953,1.4250909154800397,0.3338976135851998,0.22051216238802251
2.4007355516236575,11.470092236319417,14.744977879430376,7.212506630963954,1.5074909154800396,0.3476306135851998,0.20677916238802252
2.4761155516236575,11.771592236319417,14.927477879430377,7.287886630963953,1.5486909154800395,0.30551661358519977,0.1939621623880225
2.5475255516236577,12.223892236319418,14.927477879430377,7.252186630963953,1.4662909154800396,0.2917836135851998,0.2406541623880225
2.5118155516236578,12.565092236319419,15.221077879430375,7.252186630963953,1.4022109154800395,0.2505846135851998,0.2342451623880225
2.5118155516236578,12.600792236319418,15.292477879430376,7.176806630963954,1.2722009154800396,0.16727161358519982,0.2607951623880225
2.4364355516236578,12.600792236319418,15.256777879430377,7.101426630963953,1.1962109154800395,0.16727161358519982,0.2269211623880225
2.3293255516236577,12.636492236319416,15.256777879430377,7.026046630963954,1.2255109154800397,0.1947376135851998,0.20677916238802252
2.3293255516236577,12.636492236319416,15.292477879430376,7.061756630963954,1.2136109154800399,0.1535396135851998,0.24706216238802248
2.2896555516236576,12.600792236319418,15.145677879430377,7.026046630963954,1.2429009154800394,0.1745966135851998,0.20677916238802252
2.2896555516236576,12.52539223631942,15.038577879430377,7.137136630963953,1.2841009154800398,0.2716426135851998,0.21410316238802252
2.218235551623658,12.449992236319417,15.109977879430375,7.212506630963954,1.3436109154800397,0.2917836135851998,0.2406541623880225
2.142865551623658,12.112792236319418,15.185377879430376,7.398976630963954,1.4489009154800399,0.2295276135851998,0.2342451623880225
2.142865551623658,11.961992236319418,15.292477879430376,7.398976630963954,1.4782009154800395,0.1535396135851998,0.21410316238802252
2.142865551623658,11.811292236319417,15.367877879430377,7.474356630963953,1.5258009154800396,0.1260736135851998,0.18663716238802247
2.218235551623658,11.696192236319419,15.367877879430377,7.549726630963953,1.4141109154800398,0.040552386414800135,0.2342451623880225
2.182535551623658,11.771592236319417,15.332177879430375,7.474356630963953,1.2905109154800396,0.2062633864148002,0.18663716238802247
2.3650255516236576,11.88659223631942,15.292477879430376,7.589406630963953,1.1193109154800398,0.24837738641480017,0.2269211623880225
2.3650255516236576,12.112792236319418,15.221077879430375,7.474356630963953,1.0488109154800398,0.1440073864148002,0.2406541623880225
2.4007355516236575,12.338892236319417,15.109977879430375,7.625106630963954,1.1138209154800398,0.08395861358519979,0.20037016238802247
2.3650255516236576,12.862592236319419,15.185377879430376,7.740156630963954,1.2136109154800399,0.2020616135851998,0.2543871623880225
2.4007355516236575,13.20379223631942,15.256777879430377,7.926626630963954,1.3491109154800398,0.23685261358519982,0.22051216238802251
2.4007355516236575,13.20379223631942,15.256777879430377,7.926626630963954,1.3491109154800398,0.23685261358519982,0.22051216238802251
2.4761155516236575,13.390192236319418,15.292477879430376,7.966296630963953,1.4489009154800399,0.2020616135851998,0.21410316238802252
2.5475255516236577,13.128392236319417,15.292477879430376,8.117056630963953,1.4196009154800397,0.005762386414800202,0.20037016238802247
2.5118155516236578,12.787192236319417,15.403577879430376,8.077376630963954,1.3198109154800397,0.040552386414800135,0.21410316238802252
2.6586055516236575,12.826892236319416,15.474977879430377,8.077376630963954,1.2722009154800396,0.005762386414800202,0.20677916238802252
2.8053955516236577,13.088692236319417,15.621777879430375,8.001996630963953,1.2374109154800395,0.03543661358519978,0.2342451623880225
2.8411055516236576,13.465592236319416,15.697077879430378,7.926626630963954,1.2612209154800396,0.20938661358519983,0.28093716238802247
2.8768055516236575,13.731392236319419,15.843877879430377,8.001996630963953,1.3546009154800398,0.3824210135851998,0.24706216238802248
2.769695551623658,14.032892236319416,15.951077879430375,7.926626630963954,1.3848109154800397,0.4236197135851998,0.18663716238802247
2.8053955516236577,14.032892236319416,15.915277879430377,7.851246630963953,1.4662909154800396,0.3750968135851998,0.2269211623880225
2.8411055516236576,13.99329223631942,15.879577879430375,7.740156630963954,1.4196009154800397,0.13248161358519983,0.20677916238802252
2.8053955516236577,14.032892236319416,15.768577879430374,7.625106630963954,1.3198109154800397,0.11654138641480022,0.22051216238802251
2.8053955516236577,13.84249223631942,15.621777879430375,7.664786630963954,1.2200209154800397,0.1861213864148002,0.22051216238802251
2.8053955516236577,13.691792236319419,15.661377879430376,7.700486630963953,1.2017109154800396,0.05428538641480024,0.20037016238802247
2.769695551623658,13.465592236319416,15.661377879430376,7.775866630963954,1.2722009154800396,0.14621461358519983,0.2607951623880225
2.7300155516236577,13.354492236319416,15.661377879430376,7.926626630963954,1.3198109154800397,0.2295276135851998,0.1939621623880225
2.7300155516236577,13.354492236319416,15.661377879430376,7.926626630963954,1.3198109154800397,0.2295276135851998,0.1939621623880225
2.7300155516236577,13.16409223631942,15.732877879430376,8.041676630963954,1.4141109154800398,0.2716426135851998,0.24706216238802248
2.8053955516236577,13.16409223631942,15.843877879430377,8.267806630963953,1.4022109154800395,0.1398066135851998,0.18663716238802247
2.8053955516236577,13.16409223631942,15.915277879430377,8.343186630963954,1.3253009154800397,0.005762386414800202,0.22051216238802251
2.8053955516236577,13.314892236319416,15.879577879430375,8.378896630963954,1.2667109154800396,0.08907538641480023,0.22051216238802251
2.8053955516236577,13.429892236319418,15.732877879430376,8.454276630963953,1.2017109154800396,0.1998543864148002,0.21410316238802252
2.9164855516236576,13.540992236319418,15.697077879430378,8.418566630963953,1.1312109154800396,0.1925303864148002,0.24706216238802248
2.987895551623658,13.917892236319418,15.550377879430375,8.418566630963953,1.1550109154800396,0.021703613585199788,0.2269211623880225
3.0235955516236577,14.179692236319418,15.621777879430375,8.605026630963954,1.0607109154800396,0.24326061358519982,0.2269211623880225
3.0235955516236577,14.520892236319419,15.586077879430377,8.680406630963954,1.1376209154800399,0.3750968135851998,0.2607951623880225
3.0989755516236577,14.596292236319417,15.697077879430378,8.791486630963954,1.1138209154800398,0.30551661358519977,0.20677916238802252
3.0989755516236577,14.556592236319418,15.732877879430376,8.981916630963955,1.2136109154800399,0.20938661358519983,0.24706216238802248
3.0989755516236577,14.370192236319419,15.879577879430375,9.132676630963953,1.2841009154800398,0.09128361358519982,0.21410316238802252
3.063275551623658,14.219392236319418,16.208877879430375,9.168386630963955,1.3546009154800398,0.06160938641480024,0.21410316238802252
3.063275551623658,14.255092236319417,16.319977879430375,9.208056630963954,1.2960109154800397,0.1440073864148002,0.2406541623880225
3.2100655516236576,14.405892236319417,16.538177879430375,9.208056630963954,1.1605109154800397,0.1723883864148002,0.22051216238802251
3.281475551623658,14.707392236319418,16.613577879430377,9.057296630963954,1.1193109154800398,0.03322838641480019,0.2543871623880225
3.281475551623658,14.707392236319418,16.613577879430377,9.057296630963954,1.1193109154800398,0.03322838641480019,0.2543871623880225
3.3171755516236576,15.199292236319419,16.796077879430378,8.942246630963954,1.0781109154800395,0.01529461358519979,0.2607951623880225
3.3171755516236576,15.31039223631942,16.903177879430377,8.906546630963954,1.1431109154800398,0.10280838641480022,0.2607951623880225
3.3568455516236577,15.31039223631942,16.903177879430377,8.791486630963954,1.3134009154800395,0.1723883864148002,0.2342451623880225
3.3171755516236576,15.234992236319417,16.978577879430375,8.831166630963953,1.4965109154800396,0.22091138641480018,0.2406541623880225
3.3925555516236576,15.199292236319419,16.978577879430375,8.866866630963955,1.5377009154800398,0.11013238641480022,0.1664961623880225
3.3568455516236577,15.084292236319417,17.049977879430376,8.906546630963954,1.5432009154800395,0.1375983864148002,0.1738201623880225
3.3171755516236576,14.707392236319418,16.903177879430377,8.755786630963954,1.4489009154800399,0.019495386414800198,0.2406541623880225
3.2100655516236576,14.48119223631942,16.903177879430377,8.755786630963954,1.3491109154800398,0.1398066135851998,0.22051216238802251
3.245765551623658,14.370192236319419,17.014277879430377,8.791486630963954,1.2905109154800396,0.09128361358519982,0.2269211623880225
3.170385551623658,14.405892236319417,17.125377879430378,8.906546630963954,1.2374109154800395,0.0015616135851997948,0.2607951623880225
3.1346855516236576,14.556592236319418,17.272177879430377,9.017626630963953,1.2493109154800397,0.1925303864148002,0.20037016238802247
3.170385551623658,14.67169223631942,17.272177879430377,9.132676630963953,1.2081109154800398,0.4287363864148002,0.2342451623880225
3.2100655516236576,14.973192236319417,17.272177879430377,9.093006630963954,1.1312109154800396,0.5733943864148001,0.2342451623880225
3.3925555516236576,14.897792236319418,17.343577879430377,9.132676630963953,1.0845209154800397,0.4909923864148002,0.1802291623880225
3.3925555516236576,15.008892236319419,17.236477879430375,9.132676630963953,1.0662109154800397,0.24837738641480017,0.27452816238802247
3.614725551623658,15.576192236319418,17.089677879430376,9.168386630963955,1.1724109154800395,0.2020616135851998,0.24706216238802248
3.614725551623658,15.873792236319417,17.125377879430378,9.208056630963954,1.2255109154800397,0.18832961358519978,0.26720416238802247
3.5750555516236577,16.175292236319418,17.089677879430376,9.243756630963954,1.2493109154800397,0.049168613585199805,0.18663716238802247
3.5036355516236575,16.099892236319416,16.978577879430375,9.319136630963953,1.2374109154800395,0.046961386414800244,0.2342451623880225
3.3171755516236576,15.647592236319419,17.089677879430376,9.283436630963955,1.0433209154800398,0.26211038641480017,0.22051216238802251
3.3568455516236577,15.461192236319416,17.307877879430375,9.283436630963955,1.0140209154800397,0.21358738641480018,0.2269211623880225
3.4282655516236575,15.647592236319419,17.454677879430378,9.243756630963954,1.0662109154800397,0.06801838641480024,0.2543871623880225
3.5036355516236575,15.913392236319417,17.601377879430377,9.319136630963953,1.0726209154800395,0.007970613585199793,0.22051216238802251
3.539345551623658,16.099892236319416,17.672877879430377,9.319136630963953,1.1669209154800395,0.007970613585199793,0.2607951623880225
3.539345551623658,16.250692236319416,17.783877879430378,9.243756630963954,1.1788209154800398,0.08175138641480023,0.20037016238802247
3.5750555516236577,16.552192236319417,17.637077879430375,9.208056630963954,1.2429009154800394,0.1586553864148002,0.26720416238802247
3.463965551623658,16.47679223631942,17.565677879430375,9.093006630963954,1.2374109154800395,0.30330938641480015,0.2543871623880225
3.3568455516236577,16.552192236319417,17.526077879430375,9.017626630963953,1.2017109154800396,0.4140873864148002,0.18663716238802247
3.3568455516236577,16.591792236319417,17.379277879430376,8.906546630963954,1.2841009154800398,0.26943438641480016,0.24706216238802248
3.3925555516236576,16.36569223631942,17.272177879430377,9.017626630963953,1.2905109154800396,0.0130863864148002,0.20037016238802247
3.281475551623658,16.250692236319416,17.343577879430377,9.017626630963953,1.4489009154800399,0.08395861358519979,0.2342451623880225
3.281475551623658,16.214992236319418,17.379277879430376,9.057296630963954,1.5963009154800396,0.046961386414800244,0.2342451623880225
3.3171755516236576,16.024492236319418,17.343577879430377,9.208056630963954,1.5551009154800397,0.22091138641480018,0.16008716238802245
3.3568455516236577,15.838092236319419,17.379277879430376,9.208056630963954,1.4965109154800396,0.28316738641480016,0.2543871623880225
3.3171755516236576,15.798392236319419,17.672877879430377,9.283436630963955,1.1074109154800396,0.33809938641480014,0.21410316238802252
3.3171755516236576,15.687292236319418,17.783877879430378,9.283436630963955,1.0314209154800396,0.38662238641480023,0.28093716238802247
3.3925555516236576,15.873792236319417,17.672877879430377,9.168386630963955,1.0021209154800395,0.24105338641480017,0.21410316238802252
3.5036355516236575,15.913392236319417,17.672877879430377,9.283436630963955,1.0250109154800398,0.13027438641480021,0.2342451623880225
3.539345551623658,16.139592236319416,17.712477879430377,9.358816630963954,1.0845209154800397,0.1440073864148002,0.2543871623880225
3.6504255516236577,16.591792236319417,17.783877879430378,9.509566630963953,1.1431109154800398,0.1375983864148002,0.2269211623880225
3.7218455516236575,16.853692236319418,17.712477879430377,9.660326630963954,1.1550109154800396,0.22091138641480018,0.22051216238802251
3.7218455516236575,16.853692236319418,17.712477879430377,9.660326630963954,1.1550109154800396,0.22091138641480018,0.22051216238802251
3.6861355516236576,17.04409223631942,17.672877879430377,9.696036630963953,1.1669209154800395,0.39394638641480023,0.22051216238802251
3.6504255516236577,16.81799223631942,17.894977879430375,9.771406630963954,1.1019109154800395,0.23464438641480018,0.2873451623880225
3.6504255516236577,16.81799223631942,17.894977879430375,9.771406630963954,1.1019109154800395,0.23464438641480018,0.2873451623880225
3.6861355516236576,16.702892236319418,18.148877879430376,9.735706630963954,1.0964209154800395,0.0130863864148002,0.2342451623880225
3.7218455516236575,16.552192236319417,18.295677879430375,9.735706630963954,1.0369109154800396,0.07755061358519982,0.24706216238802248
3.832925551623658,16.32599223631942,18.406777879430376,9.811086630963953,1.0076109154800394,0.06801838641480024,0.2607951623880225
3.797215551623658,16.66719223631942,18.589277879430377,9.696036630963953,0.9545109154800396,0.31795738641480015,0.2406541623880225
3.8686255516236576,17.45669223631942,18.771777879430378,9.584946630963953,0.9957109154800395,0.5257823864148001,0.2406541623880225
3.797215551623658,17.532092236319418,18.993977879430375,9.545276630963954,1.0433209154800398,0.5321903864148001,0.2543871623880225
3.832925551623658,17.718592236319417,18.954277879430375,9.358816630963954,1.1605109154800397,0.32436638641480015,0.2269211623880225
3.6861355516236576,17.64319223631942,18.993977879430375,9.283436630963955,1.2548109154800398,0.12386538641480022,0.21410316238802252
3.7615155516236576,17.718592236319417,18.954277879430375,9.208056630963954,1.3079109154800395,0.05428538641480024,0.2269211623880225
3.797215551623658,17.908992236319417,18.771777879430378,9.093006630963954,1.3079109154800395,0.1513313864148002,0.24706216238802248
3.6861355516236576,17.94469223631942,18.589277879430377,9.093006630963954,1.2667109154800396,0.31795738641480015,0.2269211623880225
3.5036355516236575,17.94469223631942,18.517877879430376,9.093006630963954,1.2255109154800397,0.35915638641480024,0.2543871623880225
3.4282655516236575,17.532092236319418,18.664677879430375,9.358816630963954,1.3546009154800398,0.4626103864148002,0.20037016238802247
3.3925555516236576,17.30599223631942,18.771777879430378,9.394516630963953,1.4727009154800395,0.38662238641480023,0.2406541623880225
3.3925555516236576,17.079792236319417,18.993977879430375,9.319136630963953,1.5844009154800398,0.1723883864148002,0.20037016238802247
3.3925555516236576,17.079792236319417,18.993977879430375,9.319136630963953,1.5844009154800398,0.1723883864148002,0.20037016238802247
3.4282655516236575,17.00439223631942,19.065377879430375,9.394516630963953,1.4608009154800397,0.1650643864148002,0.20037016238802247
3.5750555516236577,16.968692236319416,19.101077879430377,9.358816630963954,1.3372009154800395,0.39394638641480023,0.21410316238802252
3.7218455516236575,17.190892236319417,18.993977879430375,9.208056630963954,1.1605109154800397,0.5532443864148002,0.21410316238802252
3.797215551623658,17.492392236319418,18.847177879430376,9.168386630963955,1.0140209154800397,0.6777643864148002,0.2543871623880225
3.7615155516236576,17.64319223631942,18.847177879430376,9.208056630963954,0.9728209154800397,0.6850843864148002,0.22051216238802251
3.7218455516236575,17.908992236319417,19.101077879430377,9.358816630963954,1.1605109154800397,0.31795738641480015,0.27452816238802247
3.7615155516236576,18.246192236319416,19.101077879430377,9.434186630963953,1.2255109154800397,0.06801838641480024,0.21410316238802252
3.6861355516236576,18.436592236319417,19.176477879430376,9.545276630963954,1.2017109154800396,0.040552386414800135,0.22051216238802251
3.6861355516236576,18.436592236319417,19.176477879430376,9.545276630963954,1.2017109154800396,0.040552386414800135,0.22051216238802251
3.908305551623658,18.396992236319416,19.212177879430374,9.620656630963953,1.0552209154800396,0.34542338641480014,0.20677916238802252
3.908305551623658,18.396992236319416,19.212177879430374,9.620656630963953,1.0552209154800396,0.34542338641480014,0.20677916238802252
4.015415551623658,18.13509223631942,19.283577879430375,9.660326630963954,0.9783209154800397,0.5669843864148001,0.21410316238802252
3.9797155516236575,17.908992236319417,19.247877879430376,9.771406630963954,0.9783209154800397,0.6704343864148001,0.22051216238802251
3.8686255516236576,17.567792236319416,19.469977879430377,9.771406630963954,0.9371209154800396,0.7336043864148001,0.1939621623880225
3.7615155516236576,17.492392236319418,19.541377879430375,9.735706630963954,0.9902209154800395,0.5944443864148001,0.24706216238802248
3.7615155516236576,17.79389223631942,19.505677879430376,9.660326630963954,0.9783209154800397,0.35183238641480014,0.18663716238802247
3.7218455516236575,18.170792236319418,19.541377879430375,9.660326630963954,0.9783209154800397,0.22732038641480018,0.20037016238802247
3.797215551623658,18.436592236319417,19.430377879430377,9.584946630963953,0.9957109154800395,0.28957638641480016,0.2269211623880225
3.797215551623658,18.436592236319417,19.430377879430377,9.584946630963953,0.9957109154800395,0.28957638641480016,0.2269211623880225
3.7218455516236575,18.698492236319417,19.323177879430375,9.545276630963954,0.9609209154800397,0.32436638641480015,0.2342451623880225
3.7615155516236576,18.924592236319416,19.029677879430377,9.620656630963953,1.0552209154800396,0.3655643864148002,0.2406541623880225
3.7218455516236575,18.960292236319418,18.993977879430375,9.696036630963953,1.0964209154800395,0.5321903864148001,0.18663716238802247
3.6504255516236577,18.999992236319418,18.918577879430376,9.509566630963953,1.2310009154800396,0.5184583864148002,0.20037016238802247
3.614725551623658,18.960292236319418,18.954277879430375,9.660326630963954,1.2374109154800395,0.38021338641480024,0.20677916238802252
3.5750555516236577,18.73419223631942,18.993977879430375,9.584946630963953,1.2429009154800394,0.1861213864148002,0.2269211623880225
3.539345551623658,18.809592236319418,19.029677879430377,9.545276630963954,1.1550109154800396,0.33809938641480014,0.2342451623880225
3.6504255516236577,18.58339223631942,19.101077879430377,9.620656630963953,1.1898009154800397,0.4772593864148002,0.18663716238802247
3.6504255516236577,18.58339223631942,19.101077879430377,9.620656630963953,1.1898009154800397,0.4772593864148002,0.18663716238802247
3.6504255516236577,18.547692236319417,19.140677879430378,9.696036630963953,1.1550109154800396,0.6017743864148002,0.21410316238802252
3.6861355516236576,18.396992236319416,19.140677879430378,9.735706630963954,1.2081109154800398,0.6155043864148002,0.1664961623880225
3.6861355516236576,18.210492236319418,19.140677879430378,9.696036630963953,1.2841009154800398,0.49740038641480017,0.2269211623880225
3.6504255516236577,18.020092236319417,19.212177879430374,9.696036630963953,1.2310009154800396,0.39394638641480023,0.18663716238802247
3.6861355516236576,18.059692236319417,19.176477879430376,9.545276630963954,1.2667109154800396,0.4351453864148002,0.16008716238802245
3.7615155516236576,18.170792236319418,19.176477879430376,9.469896630963953,1.2017109154800396,0.5459243864148002,0.22051216238802251
3.7218455516236575,18.436592236319417,19.176477879430376,9.545276630963954,1.0900109154800397,0.5944443864148001,0.2342451623880225
3.797215551623658,18.658792236319417,19.247877879430376,9.509566630963953,1.0314209154800396,0.5880343864148001,0.20677916238802252
3.797215551623658,18.849192236319418,19.505677879430376,9.620656630963953,0.9609209154800397,0.5321903864148001,0.20677916238802252
3.8686255516236576,19.075392236319416,19.723877879430376,9.620656630963953,1.0369109154800396,0.4836683864148002,0.20037016238802247
3.9440055516236576,19.186392236319417,20.235677879430376,9.584946630963953,1.0781109154800395,0.3655643864148002,0.2406541623880225
3.908305551623658,19.075392236319416,20.382477879430375,9.584946630963953,1.0607109154800396,0.4287363864148002,0.1939621623880225
3.8686255516236576,18.809592236319418,20.568977879430378,9.584946630963953,1.0076109154800394,0.5807143864148001,0.24706216238802248
3.832925551623658,18.58339223631942,20.568977879430378,9.545276630963954,0.9783209154800397,0.7537443864148001,0.2269211623880225
3.7218455516236575,18.361292236319418,20.422177879430375,9.469896630963953,0.9728209154800397,0.9203743864148002,0.22051216238802251
3.6504255516236577,18.73419223631942,20.457877879430377,9.358816630963954,1.0552209154800396,0.7812143864148002,0.2269211623880225
3.6504255516236577,19.075392236319416,20.457877879430377,9.283436630963955,1.0781109154800395,0.5459243864148002,0.21410316238802252
3.6504255516236577,19.075392236319416,20.457877879430377,9.283436630963955,1.0781109154800395,0.5459243864148002,0.21410316238802252
3.5036355516236575,19.638692236319418,20.346777879430377,9.243756630963954,1.0662109154800397,0.24837738641480017,0.20037016238802247
3.5036355516236575,19.638692236319418,20.346777879430377,9.243756630963954,1.0662109154800397,0.24837738641480017,0.20037016238802247
3.281475551623658,20.202092236319416,20.164277879430376,9.358816630963954,1.0488109154800398,0.5257823864148001,0.2342451623880225
3.281475551623658,20.202092236319416,20.164277879430376,9.358816630963954,1.0488109154800398,0.5257823864148001,0.2342451623880225
3.3568455516236577,20.317092236319418,20.235677879430376,9.358816630963954,1.0726209154800395,0.7400143864148001,0.22051216238802251
3.4282655516236575,20.317092236319418,20.275377879430376,9.394516630963953,1.1257209154800396,0.7748043864148002,0.20037016238802247
3.4282655516236575,20.317092236319418,20.382477879430375,9.394516630963953,1.1962109154800395,0.6567043864148001,0.20037016238802247
3.463965551623658,20.126692236319418,20.422177879430375,9.394516630963953,1.2017109154800396,0.5184583864148002,0.18663716238802247
3.5036355516236575,20.126692236319418,20.422177879430375,9.283436630963955,1.1898009154800397,0.4699353864148002,0.22051216238802251
3.5750555516236577,20.09099223631942,20.493577879430376,9.208056630963954,1.1843109154800397,0.4351453864148002,0.20677916238802252
3.5750555516236577,19.904492236319417,20.422177879430375,9.208056630963954,1.1193109154800398,0.49740038641480017,0.2269211623880225
3.539345551623658,19.602992236319416,20.311077879430375,9.243756630963954,1.1605109154800397,0.6365643864148001,0.20037016238802247
3.463965551623658,19.41259223631942,20.346777879430377,9.283436630963955,1.2310009154800396,0.6988143864148002,0.18663716238802247
3.5750555516236577,19.376892236319417,20.346777879430377,9.469896630963953,1.3198109154800397,0.6704343864148001,0.21410316238802252
3.614725551623658,19.337192236319417,20.493577879430376,9.469896630963953,1.4022109154800395,0.7262843864148001,0.1939621623880225
3.614725551623658,19.376892236319417,20.568977879430378,9.509566630963953,1.3958009154800397,0.7674843864148002,0.21410316238802252
3.7218455516236575,19.563292236319416,20.640377879430375,9.660326630963954,1.2841009154800398,0.6850843864148002,0.20037016238802247
3.7615155516236576,19.638692236319418,20.711777879430375,9.771406630963954,1.0964209154800395,0.6502943864148001,0.20677916238802252
3.8686255516236576,19.864892236319417,20.751477879430375,9.771406630963954,0.9316309154800396,0.5669843864148001,0.2342451623880225
3.8686255516236576,19.864892236319417,20.751477879430375,9.771406630963954,0.9316309154800396,0.5669843864148001,0.2342451623880225
3.832925551623658,20.05129223631942,20.858577879430378,9.811086630963953,0.8547209154800396,0.6155043864148002,0.1939621623880225
3.908305551623658,20.202092236319416,21.044977879430377,9.811086630963953,0.8492309154800396,0.6567043864148001,0.2607951623880225
3.797215551623658,20.202092236319416,21.116477879430377,9.922166630963954,0.9197209154800395,0.6988143864148002,0.18663716238802247
3.832925551623658,20.202092236319416,21.044977879430377,9.886456630963954,0.9545109154800396,0.7537443864148001,0.1802291623880225
3.832925551623658,20.015592236319417,21.080777879430375,9.846786630963955,0.9728209154800397,0.8160043864148001,0.2269211623880225
3.7615155516236576,19.753792236319416,21.080777879430375,9.735706630963954,0.9426109154800396,0.8233243864148001,0.20677916238802252
3.7218455516236575,19.527592236319418,20.858577879430378,9.735706630963954,0.9490209154800396,0.8297343864148001,0.1664961623880225
3.6504255516236577,19.376892236319417,20.751477879430375,9.696036630963953,0.9371209154800396,0.7610743864148002,0.22051216238802251
3.614725551623658,19.15069223631942,20.568977879430378,9.771406630963954,0.9838109154800397,0.6850843864148002,0.18663716238802247
3.5750555516236577,19.186392236319417,20.382477879430375,9.660326630963954,0.9664209154800397,0.5596543864148,0.22051216238802251
3.463965551623658,19.602992236319416,20.235677879430376,9.735706630963954,1.0250109154800398,0.49740038641480017,0.22051216238802251
3.3171755516236576,20.05129223631942,20.199977879430374,9.696036630963953,1.0250109154800398,0.5459243864148002,0.1939621623880225
3.245765551623658,20.57899223631942,20.346777879430377,9.811086630963953,0.9078209154800397,0.6292343864148002,0.1802291623880225
3.3568455516236577,20.805092236319418,20.457877879430377,9.696036630963953,0.8547209154800396,0.6914943864148002,0.20677916238802252
3.463965551623658,20.955892236319418,20.493577879430376,9.660326630963954,0.8840209154800397,0.6988143864148002,0.21410316238802252
3.463965551623658,21.10659223631942,20.457877879430377,9.620656630963953,0.9371209154800396,0.6429743864148001,0.22051216238802251
3.614725551623658,21.29699223631942,20.568977879430378,9.434186630963953,1.0369109154800396,0.5944443864148001,0.20037016238802247
3.6861355516236576,21.25739223631942,20.457877879430377,9.434186630963953,1.1074109154800396,0.5395143864148002,0.2342451623880225
3.6504255516236577,21.10659223631942,20.529277879430374,9.434186630963953,1.1138209154800398,0.5321903864148001,0.15367916238802248
3.4282655516236575,20.92019223631942,20.457877879430377,9.509566630963953,1.1312109154800396,0.6365643864148001,0.2269211623880225
3.3171755516236576,20.72969223631942,20.457877879430377,9.620656630963953,1.1138209154800398,0.7400143864148001,0.1664961623880225
3.3171755516236576,20.46789223631942,20.529277879430374,9.735706630963954,1.0662109154800397,0.7748043864148002,0.1939621623880225
3.3925555516236576,20.05129223631942,20.640377879430375,9.771406630963954,1.1312109154800396,0.7336043864148001,0.2342451623880225
3.539345551623658,19.904492236319417,21.005377879430377,9.961836630963955,1.1669209154800395,0.7610743864148002,0.22051216238802251
3.6861355516236576,20.015592236319417,21.080777879430375,10.072926630963954,1.2081109154800398,0.8855843864148001,0.20677916238802252
3.7615155516236576,20.09099223631942,21.374277879430377,10.184006630963953,1.0662109154800397,0.9130543864148002,0.15367916238802248
3.8686255516236576,20.241692236319416,21.521077879430376,10.299056630963953,1.0488109154800398,0.8095943864148001,0.1939621623880225
3.9440055516236576,20.317092236319418,21.774977879430377,10.223676630963954,0.9316309154800396,0.7812143864148002,0.1802291623880225
3.9440055516236576,20.543292236319417,21.663877879430377,10.072926630963954,0.8785209154800396,0.7748043864148002,0.2342451623880225
4.090795551623658,20.654292236319417,21.739277879430375,9.997546630963953,0.8492309154800396,0.9130543864148002,0.2342451623880225
4.015415551623658,20.805092236319418,21.810677879430376,10.037216630963954,0.8373309154800396,0.9066443864148002,0.1939621623880225
4.162205551623658,20.955892236319418,21.810677879430376,10.112596630963953,0.9426109154800396,0.8718543864148001,0.2342451623880225
4.237585551623658,20.995492236319418,21.886077879430378,10.112596630963953,0.9197209154800395,0.8581143864148002,0.20037016238802247
4.201885551623658,20.92019223631942,21.739277879430375,10.223676630963954,0.9316309154800396,0.9203743864148002,0.1939621623880225
4.090795551623658,20.844792236319417,21.592477879430376,10.037216630963954,0.9490209154800396,0.8581143864148002,0.2269211623880225
4.126505551623658,20.61859223631942,21.481377879430376,10.037216630963954,0.9252209154800396,0.7262843864148001,0.1939621623880225
4.015415551623658,20.42819223631942,21.334677879430377,9.961836630963955,0.9609209154800397,0.5733943864148001,0.2543871623880225
3.9440055516236576,20.241692236319416,21.481377879430376,9.886456630963954,0.9490209154800396,0.5733943864148001,0.22051216238802251
3.8686255516236576,20.202092236319416,21.481377879430376,9.922166630963954,0.9426109154800396,0.6704343864148001,0.2269211623880225
3.797215551623658,20.317092236319418,21.445677879430377,9.886456630963954,0.9838109154800397,0.8855843864148001,0.2269211623880225
3.7615155516236576,20.654292236319417,21.521077879430376,9.771406630963954,0.9728209154800397,1.0375643864148,0.1738201623880225
3.908305551623658,21.070892236319416,21.521077879430376,9.771406630963954,0.9609209154800397,1.0174243864148,0.1939621623880225
3.908305551623658,21.332792236319417,21.739277879430375,9.696036630963953,0.8492309154800396,0.8993143864148001,0.22051216238802251
3.8686255516236576,21.669992236319416,21.592477879430376,9.469896630963953,0.8904309154800397,0.7336043864148001,0.2342451623880225
3.9440055516236576,21.820692236319417,21.521077879430376,9.358816630963954,0.8309209154800395,0.6081843864148002,0.2406541623880225
3.8686255516236576,22.122192236319417,21.481377879430376,9.358816630963954,0.9371209154800396,0.6017743864148002,0.2269211623880225
3.8686255516236576,22.122192236319417,21.481377879430376,9.358816630963954,0.9371209154800396,0.6017743864148002,0.2269211623880225
3.832925551623658,22.312692236319418,21.592477879430376,9.509566630963953,1.0314209154800396,0.7473443864148002,0.1939621623880225
3.8686255516236576,22.423792236319418,21.592477879430376,9.735706630963954,1.1138209154800398,0.8022743864148001,0.22051216238802251
3.9440055516236576,22.538792236319416,21.739277879430375,9.811086630963953,1.1724109154800395,0.8233243864148001,0.18663716238802247
3.797215551623658,22.57449223631942,21.774977879430377,9.886456630963954,1.1486109154800395,0.8022743864148001,0.1738201623880225
3.8686255516236576,22.423792236319418,21.850377879430376,9.886456630963954,1.1431109154800398,0.8022743864148001,0.1939621623880225
3.832925551623658,22.161892236319417,21.997177879430375,9.886456630963954,1.0140209154800397,0.8095943864148001,0.21410316238802252
3.8686255516236576,21.860392236319417,22.139977879430376,9.846786630963955,1.0250109154800398,0.8782643864148001,0.2342451623880225
3.797215551623658,21.634292236319418,22.362177879430376,9.886456630963954,0.9838109154800397,0.8233243864148001,0.2269211623880225
3.832925551623658,21.25739223631942,22.544677879430377,9.811086630963953,0.9957109154800395,0.8929043864148001,0.1939621623880225
3.9440055516236576,21.070892236319416,22.580377879430376,9.846786630963955,1.1193109154800398,0.9826343864148002,0.1738201623880225
4.015415551623658,21.031192236319416,22.616077879430375,9.696036630963953,1.1669209154800395,1.1007343864148,0.1738201623880225
4.162205551623658,21.181992236319417,22.616077879430375,9.584946630963953,1.2374109154800395,1.1968643864148,0.20037016238802247
4.201885551623658,21.146292236319418,22.616077879430375,9.584946630963953,1.1605109154800397,1.1629843864148002,0.1939621623880225
4.126505551623658,21.10659223631942,22.544677879430377,9.509566630963953,1.0433209154800398,1.0586143864148,0.1802291623880225
4.0550955516236575,21.221692236319416,22.362177879430376,9.545276630963954,0.9902209154800395,0.9130543864148002,0.2269211623880225
4.126505551623658,21.25739223631942,22.286777879430375,9.545276630963954,0.9252209154800396,0.7674843864148002,0.18663716238802247
4.126505551623658,21.25739223631942,22.286777879430375,9.545276630963954,0.9252209154800396,0.7674843864148002,0.18663716238802247
4.015415551623658,21.40809223631942,22.104277879430377,9.696036630963953,0.8959209154800397,0.7336043864148001,0.22051216238802251
3.9797155516236575,21.594592236319418,21.997177879430375,9.886456630963954,0.9664209154800397,0.6850843864148002,0.20677916238802252
3.908305551623658,21.669992236319416,21.921777879430376,10.037216630963954,0.9545109154800396,0.8022743864148001,0.16008716238802245
3.832925551623658,21.634292236319418,21.774977879430377,10.299056630963953,0.9371209154800396,0.9066443864148002,0.2269211623880225
3.797215551623658,21.669992236319416,21.850377879430376,10.449816630963953,0.8373309154800396,0.9826343864148002,0.1664961623880225
3.6861355516236576,21.483492236319417,21.850377879430376,10.449816630963953,0.7897209154800396,0.9753043864148001,0.2269211623880225
3.7218455516236575,21.40809223631942,21.921777879430376,10.374436630963952,0.7485209154800397,0.8993143864148001,0.2342451623880225
3.6504255516236577,20.88049223631942,21.850377879430376,10.223676630963954,0.7485209154800397,0.8718543864148001,0.2406541623880225
3.614725551623658,20.72969223631942,21.810677879430376,10.184006630963953,0.7897209154800396,0.9551643864148001,0.21410316238802252
3.6504255516236577,20.76939223631942,21.628177879430375,10.112596630963953,0.8373309154800396,1.0174243864148,0.1664961623880225
3.5750555516236577,20.76939223631942,21.592477879430376,10.223676630963954,0.8785209154800396,1.1281943864148,0.21410316238802252
3.5036355516236575,20.844792236319417,21.481377879430376,10.299056630963953,0.8602109154800396,1.1419343864148002,0.1399461623880225
3.5036355516236575,21.25739223631942,21.521077879430376,10.184006630963953,0.8904309154800397,1.0659443864148002,0.20677916238802252
3.463965551623658,21.594592236319418,21.592477879430376,10.223676630963954,0.8959209154800397,0.8507943864148002,0.20677916238802252
3.5036355516236575,22.04689223631942,21.774977879430377,10.223676630963954,0.9609209154800397,0.7336043864148001,0.1802291623880225
3.614725551623658,22.348392236319416,21.997177879430375,10.259386630963952,0.9664209154800397,0.8160043864148001,0.21410316238802252
3.614725551623658,22.800592236319417,22.032877879430377,10.485526630963953,0.9664209154800397,0.9963643864148002,0.1738201623880225
3.6861355516236576,23.17749223631942,22.286777879430375,10.525196630963954,0.8785209154800396,0.9688943864148001,0.1802291623880225
3.7615155516236576,23.28859223631942,22.433577879430377,10.560896630963953,0.7549309154800395,0.9753043864148001,0.2269211623880225
3.832925551623658,23.363992236319415,22.691477879430376,10.560896630963953,0.7311309154800397,0.9615743864148001,0.1664961623880225
3.9440055516236576,23.439392236319417,22.727177879430375,10.560896630963953,0.7137309154800396,1.0522143864148001,0.20677916238802252
4.0550955516236575,23.47909223631942,22.909677879430376,10.410146630963954,0.8840209154800397,1.0448843864148,0.21410316238802252
4.126505551623658,23.363992236319415,23.020777879430376,10.334766630963953,0.9838109154800397,0.9963643864148002,0.1939621623880225
4.201885551623658,22.840292236319417,23.167477879430376,10.299056630963953,1.0314209154800396,0.9890343864148001,0.20677916238802252
4.126505551623658,22.57449223631942,23.314277879430374,10.299056630963953,1.0726209154800395,0.9414343864148,0.16008716238802245
4.201885551623658,22.272992236319418,23.385677879430375,10.374436630963952,1.1019109154800395,0.8855843864148001,0.1664961623880225
4.273295551623658,22.04689223631942,23.349977879430377,10.334766630963953,1.1312109154800396,0.9414343864148,0.1738201623880225
4.308995551623657,21.89609223631942,23.238977879430376,10.259386630963952,1.0195209154800398,1.0448843864148,0.18663716238802247
4.273295551623658,21.74529223631942,23.092177879430377,10.184006630963953,0.9197209154800395,1.1483443864148002,0.22051216238802251
4.201885551623658,21.669992236319416,22.984977879430375,10.184006630963953,0.8135209154800397,1.0934043864148002,0.20677916238802252
4.090795551623658,21.74529223631942,23.020777879430376,10.148306630963955,0.7778209154800396,1.0586143864148,0.1802291623880225
3.9797155516236575,21.820692236319417,23.056477879430375,10.112596630963953,0.7778209154800396,1.0934043864148002,0.20037016238802247
4.015415551623658,22.011192236319417,23.056477879430375,10.148306630963955,0.8904309154800397,1.0659443864148002,0.16008716238802245
4.090795551623658,22.23729223631942,23.092177879430377,10.112596630963953,0.9664209154800397,0.9963643864148002,0.1738201623880225
4.162205551623658,22.423792236319418,23.092177879430377,10.037216630963954,1.0314209154800396,1.0311543864148,0.22051216238802251
4.384375551623657,22.499092236319417,23.131777879430377,9.922166630963954,0.9316309154800396,1.0659443864148002,0.14635416238802246
4.420085551623657,22.538792236319416,23.020777879430376,9.811086630963953,0.8254209154800397,1.0796743864148002,0.20037016238802247
4.420085551623657,22.538792236319416,23.020777879430376,9.811086630963953,0.8254209154800397,1.0796743864148002,0.20037016238802247
4.384375551623657,22.57449223631942,22.984977879430375,9.811086630963953,0.7778209154800396,0.9890343864148001,0.18663716238802247
4.273295551623658,22.649892236319417,22.945377879430374,9.771406630963954,0.6844309154800395,0.9826343864148002,0.1738201623880225
4.237585551623658,22.499092236319417,22.838277879430375,9.846786630963955,0.7311309154800397,1.0448843864148,0.20037016238802247
4.090795551623658,22.57449223631942,22.873977879430377,9.922166630963954,0.7842309154800396,1.1144643864148,0.1335371623880225
4.015415551623658,22.57449223631942,22.838277879430375,9.922166630963954,0.8959209154800397,1.1556643864148002,0.14635416238802246
3.9797155516236575,22.387992236319416,22.838277879430375,10.072926630963954,0.9783209154800397,1.1767243864148,0.1399461623880225
3.832925551623658,22.011192236319417,22.984977879430375,10.112596630963953,0.9014109154800397,1.0174243864148,0.1664961623880225
3.832925551623658,22.011192236319417,22.984977879430375,10.112596630963953,0.9014109154800397,1.0174243864148,0.1664961623880225
3.8686255516236576,22.011192236319417,23.092177879430377,10.112596630963953,0.8373309154800396,1.0238243864148002,0.15367916238802248
3.832925551623658,22.08649223631942,23.131777879430377,10.148306630963955,0.8135209154800397,1.1629843864148002,0.1399461623880225
3.797215551623658,22.04689223631942,23.203177879430378,10.148306630963955,0.8721209154800397,1.2664443864148,0.14635416238802246
3.6861355516236576,22.23729223631942,23.203177879430378,10.259386630963952,0.8840209154800397,1.2737643864148,0.11339516238802248
3.7218455516236575,22.538792236319416,23.314277879430374,10.299056630963953,0.9783209154800397,1.2389743864148002,0.15367916238802248
3.7218455516236575,22.91569223631942,23.385677879430375,10.299056630963953,0.8840209154800397,1.1629843864148002,0.11980416238802248
3.832925551623658,23.363992236319415,23.496777879430375,10.334766630963953,0.8547209154800396,1.0375643864148,0.08592916238802246
3.908305551623658,23.816292236319416,23.461077879430377,10.184006630963953,0.8666209154800396,0.8929043864148001,0.1262131623880225
4.015415551623658,24.00669223631942,23.421377879430377,10.259386630963952,0.8492309154800396,0.7610743864148002,0.09325416238802249
4.090795551623658,24.26849223631942,23.278577879430376,10.334766630963953,0.9490209154800396,0.8645243864148002,0.11339516238802248
4.090795551623658,24.45899223631942,23.314277879430374,10.259386630963952,0.9490209154800396,1.0100943864148002,0.05297116238802248
4.015415551623658,24.49469223631942,23.131777879430377,10.525196630963954,0.9490209154800396,1.1419343864148002,0.04564616238802248
3.9440055516236576,24.419292236319418,23.131777879430377,10.600576630963953,0.9426109154800396,1.1556643864148002,0.07311216238802247
3.8686255516236576,24.308192236319417,23.131777879430377,10.636276630963954,0.8080309154800397,1.0100943864148002,0.04564616238802248
3.832925551623658,24.00669223631942,22.945377879430374,10.485526630963953,0.8016209154800397,0.8370643864148002,0.07311216238802247
3.832925551623658,23.855892236319416,23.056477879430375,10.374436630963952,0.7842309154800396,0.8645243864148002,0.06578816238802247
3.8686255516236576,23.47909223631942,22.984977879430375,10.299056630963953,0.8080309154800397,0.9688943864148001,0.03282906238802248
3.9440055516236576,23.13789223631942,23.020777879430376,10.223676630963954,0.8428209154800396,1.1007343864148,0.059379162388022474
3.8686255516236576,22.76489223631942,23.278577879430376,10.112596630963953,0.8428209154800396,1.1281943864148,0.03282906238802248
3.9440055516236576,22.387992236319416,23.278577879430376,10.184006630963953,0.9078209154800397,1.2737643864148,0.007454137611977524
4.015415551623658,22.08649223631942,23.461077879430377,10.112596630963953,0.8904309154800397,1.2875043864148001,0.03282906238802248
4.162205551623658,21.860392236319417,23.568177879430376,10.112596630963953,0.9078209154800397,1.2664443864148,0.041328637611977526
4.237585551623658,21.74529223631942,23.461077879430377,9.961836630963955,0.8959209154800397,1.3085543864148002,0.02550486238802248
4.237585551623658,21.860392236319417,23.461077879430377,10.072926630963954,0.7549309154800395,1.4468043864148001,0.01477833761197752
4.201885551623658,21.93579223631942,23.314277879430374,10.299056630963953,0.7668309154800396,1.3772243864148002,0.021187037611977523
4.126505551623658,22.08649223631942,23.385677879430375,10.449816630963953,0.6075299154800397,1.2115143864148001,0.019096162388022475
4.090795551623658,22.04689223631942,23.421377879430377,10.560896630963953,0.6606309154800397,1.0723543864148002,0.06147023761197752
4.0550955516236575,22.312692236319418,23.532477879430377,10.826706630963955,0.6661209154800397,1.2453843864148002,0.012687462388022472
4.126505551623658,22.72529223631942,23.568177879430376,11.088546630963954,0.8428209154800396,1.3424343864148,0.06147023761197752
4.0550955516236575,22.72529223631942,23.568177879430376,10.977466630963953,0.8309209154800395,1.2453843864148002,0.007454137611977524
4.090795551623658,22.57449223631942,23.754677879430375,10.902086630963954,0.6780209154800397,1.1208743864148,0.06787893761197752
4.0550955516236575,22.57449223631942,23.897477879430376,10.751326630963954,0.6725309154800397,0.9551643864148001,0.04773733761197752
4.090795551623658,22.649892236319417,23.897477879430376,10.600576630963953,0.6487289154800396,0.8855843864148001,0.03400443761197752
4.0550955516236575,22.76489223631942,23.937177879430376,10.374436630963952,0.8254209154800397,1.0174243864148,0.04773733761197752
4.090795551623658,22.800592236319417,23.972877879430374,10.334766630963953,0.9078209154800397,1.2939143864148002,0.07428762761197752
3.9797155516236575,22.76489223631942,24.008577879430376,10.148306630963955,0.9609209154800397,1.3845443864148002,0.06147023761197752
3.9797155516236575,22.76489223631942,24.008577879430376,10.148306630963955,0.9609209154800397,1.3845443864148002,0.06147023761197752
4.0550955516236575,22.538792236319416,24.008577879430376,10.148306630963955,1.0250109154800398,1.4046843864148002,0.08802053761197752
3.9440055516236576,22.499092236319417,23.972877879430374,10.037216630963954,0.8840209154800397,1.2316543864148002,0.07428762761197752
3.9440055516236576,22.23729223631942,23.897477879430376,9.961836630963955,0.8904309154800397,1.1071443864148,0.09442923761197752
3.908305551623658,22.348392236319416,23.897477879430376,9.922166630963954,0.8492309154800396,1.1419343864148002,0.12189503761197752
3.908305551623658,22.538792236319416,23.714977879430375,9.811086630963953,0.8785209154800396,1.2316543864148002,0.06147023761197752
3.9797155516236575,22.72529223631942,23.568177879430376,9.922166630963954,0.9490209154800396,1.3012343864148002,0.09442923761197752
3.7218455516236575,22.951392236319418,23.496777879430375,10.148306630963955,0.8959209154800397,1.2664443864148,0.08802053761197752
3.5750555516236577,23.102192236319414,23.461077879430377,10.299056630963953,0.8840209154800397,1.1693943864148002,0.09442923761197752
3.539345551623658,23.363992236319415,23.314277879430374,10.299056630963953,0.9014109154800397,1.0522143864148001,0.12830373761197753
3.5750555516236577,23.780592236319418,23.238977879430376,10.112596630963953,0.8840209154800397,0.9826343864148002,0.13471243761197751
3.6504255516236577,24.343892236319416,23.131777879430377,10.037216630963954,0.9664209154800397,1.1483443864148002,0.10175343761197753
3.6861355516236576,24.720792236319415,23.238977879430376,9.961836630963955,0.8254209154800397,1.2389743864148002,0.14844533761197753
3.7218455516236575,25.057992236319418,23.349977879430377,9.961836630963955,0.7430309154800397,1.1629843864148002,0.10175343761197753
3.7615155516236576,25.208792236319415,23.349977879430377,10.148306630963955,0.6432349154800396,1.0100943864148002,0.14203663761197752
3.797215551623658,25.173092236319416,23.643577879430374,10.148306630963955,0.5837259154800396,1.0659443864148002,0.12189503761197752
3.8686255516236576,25.323792236319417,23.754677879430375,10.184006630963953,0.7256309154800397,1.3085543864148002,0.10175343761197753
3.8686255516236576,25.323792236319417,23.826077879430375,10.299056630963953,0.8016209154800397,1.3360243864148,0.16217823761197753
3.832925551623658,25.248492236319418,23.972877879430374,10.334766630963953,0.7961309154800397,1.1767243864148,0.14203663761197752
3.797215551623658,24.831892236319415,24.044277879430375,10.374436630963952,0.7778209154800396,1.1071443864148,0.13471243761197751
3.832925551623658,24.49469223631942,24.155377879430375,10.410146630963954,0.6487289154800396,1.0522143864148001,0.16217823761197753
3.797215551623658,24.193192236319415,24.119677879430377,10.525196630963954,0.6249249154800396,1.0723543864148002,0.12830373761197753
3.7615155516236576,23.966992236319417,24.266477879430376,10.485526630963953,0.6542219154800396,1.0796743864148002,0.15485403761197752
3.832925551623658,23.51479223631942,24.230777879430377,10.485526630963953,0.7137309154800396,1.1483443864148002,0.14844533761197753
3.7218455516236575,23.17749223631942,24.413277879430375,10.485526630963953,0.7485209154800397,1.3845443864148002,0.12830373761197753
3.7218455516236575,22.875992236319416,24.448977879430377,10.410146630963954,0.8373309154800396,1.4532143864148002,0.1749958376119775
3.832925551623658,22.689592236319417,24.484677879430375,10.299056630963953,0.8254209154800397,1.4953243864148,0.14844533761197753
3.832925551623658,22.649892236319417,24.560077879430377,10.334766630963953,0.8428209154800396,1.4193343864148,0.22260283761197752
3.8686255516236576,22.57449223631942,24.631477879430378,10.410146630963954,0.7778209154800396,1.2527143864148,0.1887288376119775
3.9440055516236576,22.61419223631942,24.742577879430375,10.374436630963952,0.7723209154800396,1.2389743864148002,0.14203663761197752
4.126505551623658,22.840292236319417,24.631477879430378,10.449816630963953,0.7549309154800395,1.4678643864148002,0.1685868376119775
3.9797155516236575,22.987092236319416,24.667177879430376,10.485526630963953,0.7778209154800396,1.5301143864148001,0.14844533761197753
3.9797155516236575,22.987092236319416,24.667177879430376,10.485526630963953,0.7778209154800396,1.5301143864148001,0.14844533761197753
4.015415551623658,23.062492236319418,24.667177879430376,10.636276630963954,0.7778209154800396,1.4605343864148002,0.22260283761197752
4.126505551623658,23.13789223631942,24.667177879430376,10.636276630963954,0.8190209154800397,1.2737643864148,0.1749958376119775
4.162205551623658,23.28859223631942,24.595777879430376,10.636276630963954,0.7778209154800396,1.1629843864148002,0.22260283761197752
4.162205551623658,23.328292236319417,24.373577879430375,10.636276630963954,0.7897209154800396,1.2875043864148001,0.23542083761197752
4.162205551623658,23.439392236319417,24.119677879430377,10.711656630963954,0.7897209154800396,1.5163843864148001,0.1685868376119775
4.015415551623658,23.590092236319418,23.972877879430374,10.751326630963954,0.7311309154800397,1.5163843864148001,0.23542083761197752
3.908305551623658,23.51479223631942,23.897477879430376,10.826706630963955,0.7668309154800396,1.2939143864148002,0.2024618376119775
3.7615155516236576,23.363992236319415,23.861777879430377,10.751326630963954,0.7430309154800397,1.1904543864148,0.1749958376119775
3.6504255516236577,23.252892236319415,23.790377879430377,10.636276630963954,0.7430309154800397,1.2600343864148,0.26288583761197754
3.614725551623658,23.328292236319417,23.679277879430376,10.711656630963954,0.8373309154800396,1.2737643864148,0.21527883761197752
3.539345551623658,23.40369223631942,23.754677879430375,10.675946630963953,0.9133109154800397,1.2600343864148,0.2024618376119775
3.5750555516236577,23.328292236319417,23.861777879430377,10.751326630963954,0.9197209154800395,1.2252443864148002,0.26288583761197754
3.539345551623658,23.21319223631942,23.972877879430374,10.600576630963953,0.8785209154800396,1.2179243864148002,0.22901183761197752
3.6504255516236577,23.13789223631942,23.972877879430374,10.560896630963953,0.7961309154800397,1.1007343864148,0.23542083761197752
3.6861355516236576,23.252892236319415,23.937177879430376,10.485526630963953,0.7604209154800395,0.9826343864148002,0.22260283761197752
3.463965551623658,23.252892236319415,24.008577879430376,10.449816630963953,0.7311309154800397,1.1281943864148,0.22901183761197752
3.539345551623658,23.328292236319417,23.897477879430376,10.485526630963953,0.7549309154800395,1.3497543864148,0.23542083761197752
3.463965551623658,23.47909223631942,23.897477879430376,10.525196630963954,0.7604209154800395,1.4678643864148002,0.23542083761197752
3.4282655516236575,23.55439223631942,23.790377879430377,10.560896630963953,0.7778209154800396,1.4330743864148001,0.24274483761197752
3.3925555516236576,23.55439223631942,23.826077879430375,10.560896630963953,0.7192209154800396,1.2453843864148002,0.30957783761197755
3.3925555516236576,23.590092236319418,23.754677879430375,10.449816630963953,0.6899309154800396,1.0375643864148,0.23542083761197752
3.3925555516236576,23.590092236319418,23.754677879430375,10.449816630963953,0.6899309154800396,1.0375643864148,0.23542083761197752
3.3568455516236577,23.891592236319415,23.861777879430377,10.410146630963954,0.6368269154800397,1.0522143864148001,0.23542083761197752
3.5036355516236575,24.419292236319418,23.861777879430377,10.636276630963954,0.6899309154800396,1.3287043864148,0.22260283761197752
3.463965551623658,24.60579223631942,23.972877879430374,10.751326630963954,0.7018309154800396,1.3497543864148,0.2958448376119775
3.463965551623658,24.60579223631942,23.972877879430374,10.751326630963954,0.7018309154800396,1.3497543864148,0.2958448376119775
3.5750555516236577,24.720792236319415,24.155377879430375,10.862416630963953,0.6313339154800396,1.2389743864148002,0.26288583761197754
3.539345551623658,24.831892236319415,24.266477879430376,10.902086630963954,0.6844309154800395,1.0586143864148,0.23542083761197752
3.7218455516236575,24.98269223631942,24.448977879430377,10.826706630963955,0.6844309154800395,1.0375643864148,0.25556183761197754
3.9797155516236575,25.09769223631942,24.484677879430375,10.862416630963953,0.6661209154800397,1.4815943864148002,0.2958448376119775
3.9440055516236576,24.946892236319417,24.560077879430377,10.862416630963953,0.6542219154800396,1.4468043864148001,0.23542083761197752
3.9797155516236575,24.720792236319415,24.813977879430375,10.751326630963954,0.5608379154800396,1.3497543864148,0.24274483761197752
3.9797155516236575,24.720792236319415,24.813977879430375,10.751326630963954,0.5608379154800396,1.3497543864148,0.24274483761197752
4.0550955516236575,24.60579223631942,24.996477879430376,10.787036630963954,0.5901349154800396,1.3982843864148002,0.3233108376119775
4.015415551623658,24.419292236319418,25.036077879430376,10.525196630963954,0.7192209154800396,1.4257443864148,0.23542083761197752
4.015415551623658,24.308192236319417,25.143277879430375,10.525196630963954,0.8254209154800397,1.3909543864148002,0.22901183761197752
4.0550955516236575,24.082092236319415,25.107477879430377,10.374436630963952,0.9609209154800397,1.3497543864148,0.30957783761197755
3.9440055516236576,23.855892236319416,25.365377879430376,10.449816630963953,0.8959209154800397,1.3497543864148,0.25556183761197754
3.9797155516236575,23.66549223631942,25.289977879430378,10.410146630963954,0.8602109154800396,1.2600343864148,0.2894368376119775
3.908305551623658,23.55439223631942,25.254277879430376,10.525196630963954,0.8080309154800397,1.1693943864148002,0.25556183761197754
3.8686255516236576,23.439392236319417,25.107477879430377,10.560896630963953,0.7430309154800397,1.3085543864148002,0.2894368376119775
3.7615155516236576,23.252892236319415,24.960777879430378,10.600576630963953,0.7485209154800397,1.5438443864148,0.3031698376119775
3.7615155516236576,23.21319223631942,24.813977879430375,10.711656630963954,0.7961309154800397,1.6061043864148001,0.24274483761197752
3.797215551623658,23.21319223631942,24.742577879430375,10.902086630963954,0.7778209154800396,1.5575843864148002,0.25556183761197754
3.797215551623658,23.062492236319418,24.484677879430375,10.937796630963954,0.7961309154800397,1.3845443864148002,0.3297198376119775
3.832925551623658,23.062492236319418,24.742577879430375,11.013166630963955,0.8080309154800397,1.1281943864148,0.26288583761197754
3.8686255516236576,23.28859223631942,24.631477879430378,11.052846630963954,0.8547209154800396,1.1419343864148002,0.2958448376119775
3.908305551623658,23.363992236319415,24.667177879430376,10.977466630963953,0.9197209154800395,1.2389743864148002,0.2958448376119775
3.9797155516236575,23.55439223631942,24.595777879430376,10.902086630963954,0.8309209154800395,1.4678643864148002,0.24274483761197752
3.9440055516236576,23.62979223631942,24.560077879430377,10.826706630963955,0.6780209154800397,1.5365243864148,0.2958448376119775
3.9440055516236576,23.66549223631942,24.667177879430376,10.902086630963954,0.4894269154800397,1.4678643864148002,0.30957783761197755
3.9440055516236576,23.55439223631942,24.742577879430375,10.751326630963954,0.47203191548003964,1.2801743864148,0.2958448376119775
3.9797155516236575,23.590092236319418,24.742577879430375,10.862416630963953,0.5251319154800397,1.2527143864148,0.28302783761197753
3.9440055516236576,23.740892236319414,24.667177879430376,10.787036630963954,0.7366209154800397,1.3561643864148,0.2894368376119775
3.832925551623658,23.780592236319418,24.667177879430376,10.787036630963954,0.8080309154800397,1.5987843864148001,0.3233108376119775
3.832925551623658,23.705192236319416,24.520377879430377,10.826706630963955,0.8190209154800397,1.5850443864148003,0.28302783761197753
3.7218455516236575,23.66549223631942,24.595777879430376,10.862416630963953,0.6368269154800397,1.4394743864148,0.28302783761197753
3.6861355516236576,23.590092236319418,24.595777879430376,10.751326630963954,0.4546369154800396,1.3497543864148,0.3031698376119775
3.6504255516236577,23.51479223631942,24.595777879430376,10.675946630963953,0.4894269154800397,1.4046843864148002,0.2491538376119775
3.6504255516236577,23.62979223631942,24.631477879430378,10.525196630963954,0.5370339154800396,1.4953243864148,0.26929483761197753
3.539345551623658,23.740892236319414,24.520377879430377,10.334766630963953,0.6487289154800396,1.4330743864148001,0.30957783761197755
3.614725551623658,23.66549223631942,24.631477879430378,10.223676630963954,0.6954209154800396,1.3845443864148002,0.26929483761197753
3.5036355516236575,23.55439223631942,24.778277879430377,10.184006630963953,0.8016209154800397,1.2664443864148,0.3031698376119775
3.5036355516236575,23.62979223631942,24.889277879430377,10.184006630963953,0.8721209154800397,1.1904543864148,0.30957783761197755
3.614725551623658,23.780592236319418,24.813977879430375,10.223676630963954,0.8840209154800397,1.2252443864148002,0.2958448376119775
3.5750555516236577,24.00669223631942,24.924977879430376,10.334766630963953,0.8080309154800397,1.3909543864148002,0.34345283761197754
3.5750555516236577,24.193192236319415,24.849677879430377,10.525196630963954,0.8016209154800397,1.4953243864148,0.28302783761197753
3.539345551623658,24.308192236319417,24.924977879430376,10.711656630963954,0.6542219154800396,1.5639943864148,0.26288583761197754
3.5036355516236575,24.38359223631942,24.778277879430377,10.751326630963954,0.5608379154800396,1.3561643864148,0.2894368376119775
3.5036355516236575,24.157492236319417,24.778277879430377,10.862416630963953,0.5608379154800396,1.1693943864148002,0.27570383761197753
3.5036355516236575,24.157492236319417,24.778277879430377,10.862416630963953,0.5608379154800396,1.1693943864148002,0.27570383761197753
3.5036355516236575,24.308192236319417,24.813977879430375,11.052846630963954,0.6313339154800396,1.1483443864148002,0.3031698376119775
3.539345551623658,24.308192236319417,24.667177879430376,11.203596630963954,0.7842309154800396,1.2316543864148002,0.2958448376119775
3.5750555516236577,24.343892236319416,24.560077879430377,11.390066630963954,0.8373309154800396,1.3909543864148002,0.2958448376119775
3.463965551623658,24.26849223631942,24.266477879430376,11.390066630963954,0.8080309154800397,1.3424343864148,0.2894368376119775
3.5036355516236575,24.157492236319417,24.266477879430376,11.390066630963954,0.7549309154800395,1.1968643864148,0.27570383761197753
3.3925555516236576,24.11779223631942,24.119677879430377,11.239306630963954,0.7311309154800397,1.0522143864148001,0.2894368376119775
3.3568455516236577,24.082092236319415,23.972877879430374,11.314686630963955,0.6661209154800397,1.0796743864148002,0.2958448376119775
3.3568455516236577,24.04239223631942,23.754677879430375,11.354356630963952,0.6899309154800396,1.2527143864148,0.25556183761197754
3.3568455516236577,24.082092236319415,23.790377879430377,11.465436630963953,0.6130229154800396,1.5163843864148001,0.3159868376119775
3.245765551623658,24.00669223631942,23.826077879430375,11.576526630963954,0.6194319154800396,1.4742643864148002,0.26929483761197753
3.245765551623658,23.93129223631942,23.937177879430376,11.505116630963954,0.6194319154800396,1.3909543864148002,0.27570383761197753
3.281475551623658,23.780592236319418,24.119677879430377,11.465436630963953,0.6661209154800397,1.2179243864148002,0.3361288376119775
3.3568455516236577,23.93129223631942,24.230777879430377,11.354356630963952,0.7430309154800397,1.1556643864148002,0.26929483761197753
3.463965551623658,24.157492236319417,24.413277879430375,11.163926630963953,0.7256309154800397,1.2600343864148,0.28302783761197753
3.463965551623658,24.157492236319417,24.520377879430377,11.052846630963954,0.6542219154800396,1.2389743864148002,0.26288583761197754
3.3568455516236577,24.11779223631942,24.631477879430378,10.937796630963954,0.6368269154800397,1.1419343864148002,0.3031698376119775
3.3568455516236577,24.11779223631942,24.667177879430376,10.902086630963954,0.6313339154800396,1.1483443864148002,0.3159868376119775
3.3568455516236577,24.193192236319415,24.706777879430376,10.787036630963954,0.6780209154800397,1.3149643864148002,0.26929483761197753
3.3171755516236576,24.232792236319415,24.742577879430375,10.711656630963954,0.7549309154800395,1.4880043864148,0.2958448376119775
3.3568455516236577,24.232792236319415,24.778277879430377,10.826706630963955,0.7311309154800397,1.5017343864148,0.26929483761197753
3.3925555516236576,24.232792236319415,24.778277879430377,10.902086630963954,0.6432349154800396,1.4046843864148002,0.2491538376119775
3.3171755516236576,24.193192236319415,24.813977879430375,10.902086630963954,0.5425269154800396,1.2527143864148,0.30957783761197755
3.3568455516236577,24.11779223631942,24.924977879430376,10.937796630963954,0.4894269154800397,1.1831343864148,0.23542083761197752
3.281475551623658,24.11779223631942,24.960777879430378,10.937796630963954,0.5608379154800396,1.2801743864148,0.2491538376119775
3.170385551623658,24.193192236319415,25.036077879430376,11.128226630963955,0.7018309154800396,1.6408943864148002,0.23542083761197752
3.245765551623658,24.00669223631942,25.218577879430377,10.937796630963954,0.7256309154800397,1.4953243864148,0.3159868376119775
3.3171755516236576,23.855892236319416,25.289977879430378,10.711656630963954,0.6780209154800397,1.3149643864148002,0.26929483761197753
3.4282655516236575,23.780592236319418,25.325677879430376,10.410146630963954,0.6899309154800396,1.2179243864148002,0.26929483761197753
3.3925555516236576,23.816292236319416,25.401077879430375,10.259386630963952,0.7073209154800396,1.3845443864148002,0.27570383761197753
3.4282655516236575,23.966992236319417,25.289977879430378,10.223676630963954,0.7073209154800396,1.7242043864148002,0.26288583761197754
3.463965551623658,23.816292236319416,25.289977879430378,10.449816630963953,0.6661209154800397,1.9521743864148002,0.30957783761197755
3.4282655516236575,23.62979223631942,25.512177879430375,10.485526630963953,0.5956279154800397,1.9109743864148003,0.3031698376119775
3.463965551623658,23.590092236319418,25.619277879430378,10.560896630963953,0.6194319154800396,1.6125143864148,0.26288583761197754
3.3925555516236576,23.439392236319417,25.766077879430377,10.711656630963954,0.6542219154800396,1.4678643864148002,0.2894368376119775
3.463965551623658,23.55439223631942,25.766077879430377,10.826706630963955,0.7897209154800396,1.4394743864148,0.26288583761197754
3.5750555516236577,23.66549223631942,25.766077879430377,11.013166630963955,0.8547209154800396,1.4257443864148,0.24274483761197752
3.614725551623658,23.705192236319416,25.694677879430376,11.163926630963953,0.8666209154800396,1.4046843864148002,0.3159868376119775
3.5750555516236577,23.705192236319416,25.583577879430376,11.314686630963955,0.7778209154800396,1.3772243864148002,0.26288583761197754
3.6504255516236577,23.66549223631942,25.547877879430377,11.314686630963955,0.6432349154800396,1.3012343864148002,0.27570383761197753
3.5750555516236577,23.66549223631942,25.401077879430375,11.354356630963952,0.5837259154800396,1.2737643864148,0.3031698376119775
3.614725551623658,23.705192236319416,25.182877879430375,11.278976630963953,0.5956279154800397,1.4046843864148002,0.25556183761197754
3.463965551623658,23.966992236319417,24.889277879430377,11.390066630963954,0.7430309154800397,1.5301143864148001,0.26929483761197753
3.463965551623658,23.966992236319417,24.889277879430377,11.390066630963954,0.7430309154800397,1.5301143864148001,0.26929483761197753
3.3925555516236576,23.93129223631942,24.813977879430375,11.354356630963952,0.7073209154800396,1.3222943864148002,0.27570383761197753
3.5036355516236575,23.816292236319416,24.706777879430376,11.278976630963953,0.7073209154800396,1.0311543864148,0.2958448376119775
3.5036355516236575,23.966992236319417,24.667177879430376,11.088546630963954,0.7961309154800397,1.0375643864148,0.25556183761197754
3.463965551623658,24.082092236319415,24.520377879430377,11.390066630963954,0.8492309154800396,1.2316543864148002,0.30957783761197755
3.3925555516236576,24.11779223631942,24.520377879430377,11.505116630963954,0.7668309154800396,1.4330743864148001,0.30957783761197755
3.4282655516236575,24.11779223631942,24.595777879430376,11.465436630963953,0.6130229154800396,1.3708143864148001,0.28302783761197753
3.4282655516236575,24.11779223631942,24.595777879430376,11.465436630963953,0.6130229154800396,1.3708143864148001,0.28302783761197753
3.539345551623658,23.891592236319415,24.631477879430378,11.429736630963953,0.5489359154800396,1.2041843864148,0.3031698376119775
3.463965551623658,23.816292236319416,24.813977879430375,11.278976630963953,0.5013289154800397,1.1556643864148002,0.2491538376119775
3.4282655516236575,23.93129223631942,24.742577879430375,11.278976630963953,0.6130229154800396,1.2252443864148002,0.25556183761197754
3.5750555516236577,24.11779223631942,24.706777879430376,11.314686630963955,0.6844309154800395,1.4532143864148002,0.30957783761197755
3.614725551623658,24.11779223631942,24.742577879430375,11.203596630963954,0.7668309154800396,1.7379443864148,0.2491538376119775
3.614725551623658,24.04239223631942,24.742577879430375,11.203596630963954,0.7549309154800395,1.6958243864148,0.30957783761197755
3.4282655516236575,23.93129223631942,24.924977879430376,11.128226630963955,0.5306259154800397,1.4330743864148001,0.3361288376119775
3.5036355516236575,23.93129223631942,24.960777879430378,11.163926630963953,0.4958359154800397,1.2939143864148002,0.28302783761197753
3.539345551623658,24.082092236319415,24.924977879430376,11.013166630963955,0.4427349154800396,1.3424343864148,0.28302783761197753
3.4282655516236575,24.38359223631942,24.849677879430377,11.013166630963955,0.6194319154800396,1.4193343864148,0.27570383761197753
3.4282655516236575,24.26849223631942,24.889277879430377,11.203596630963954,0.6432349154800396,1.2801743864148,0.26929483761197753
3.3568455516236577,24.157492236319417,24.996477879430376,11.239306630963954,0.6542219154800396,1.1556643864148002,0.26929483761197753
3.3568455516236577,24.157492236319417,24.996477879430376,11.239306630963954,0.6542219154800396,1.1556643864148002,0.26929483761197753
3.281475551623658,24.11779223631942,25.107477879430377,11.128226630963955,0.7018309154800396,1.0860843864148002,0.3233108376119775
3.3925555516236576,24.193192236319415,25.107477879430377,10.902086630963954,0.7366209154800397,1.2801743864148,0.26929483761197753
3.3925555516236576,24.26849223631942,25.036077879430376,10.711656630963954,0.7897209154800396,1.4468043864148001,0.26929483761197753
3.3568455516236577,24.193192236319415,24.924977879430376,10.636276630963954,0.7311309154800397,1.5365243864148,0.3159868376119775
3.281475551623658,24.04239223631942,24.889277879430377,10.600576630963953,0.6249249154800396,1.4394743864148,0.25556183761197754
3.3171755516236576,23.855892236319416,24.924977879430376,10.449816630963953,0.5370339154800396,1.2801743864148,0.25556183761197754
3.3171755516236576,23.740892236319414,25.107477879430377,10.485526630963953,0.5132309154800396,1.2252443864148002,0.2894368376119775
3.3171755516236576,23.816292236319416,25.143277879430375,10.675946630963953,0.6249249154800396,1.3708143864148001,0.24274483761197752
3.3568455516236577,23.891592236319415,25.254277879430376,10.977466630963953,0.7668309154800396,1.6271643864148,0.30957783761197755
3.3171755516236576,23.816292236319416,25.289977879430378,11.163926630963953,0.8785209154800396,1.5786343864148,0.2894368376119775
3.3171755516236576,23.705192236319416,25.325677879430376,11.278976630963953,0.8721209154800397,1.3360243864148,0.27570383761197753
3.3925555516236576,23.51479223631942,25.325677879430376,11.203596630963954,0.7778209154800396,1.1419343864148002,0.28302783761197753
3.4282655516236575,23.47909223631942,25.289977879430378,11.278976630963953,0.6725309154800397,1.1831343864148,0.2491538376119775
3.3925555516236576,23.439392236319417,25.107477879430377,11.465436630963953,0.5425269154800396,1.8139243864148,0.28302783761197753
3.3171755516236576,23.55439223631942,25.107477879430377,11.540816630963953,0.5251319154800397,1.9247043864148001,0.26929483761197753
3.245765551623658,23.439392236319417,25.107477879430377,11.616196630963953,0.4958359154800397,1.7242043864148002,0.2894368376119775
3.2100655516236576,23.439392236319417,25.182877879430375,11.576526630963954,0.5608379154800396,1.4678643864148002,0.27570383761197753
3.2100655516236576,23.439392236319417,25.182877879430375,11.576526630963954,0.5608379154800396,1.4678643864148002,0.27570383761197753
3.281475551623658,23.51479223631942,24.924977879430376,11.314686630963955,0.8016209154800397,1.1419343864148002,0.2958448376119775
3.245765551623658,23.705192236319416,24.813977879430375,11.354356630963952,0.9426109154800396,1.1556643864148002,0.24274483761197752
3.2100655516236576,23.780592236319418,24.667177879430376,11.576526630963954,0.8959209154800397,1.1767243864148,0.2491538376119775
3.2100655516236576,23.740892236319414,24.631477879430378,11.465436630963953,0.7018309154800396,1.2041843864148,0.2958448376119775
3.1346855516236576,23.780592236319418,24.595777879430376,11.465436630963953,0.5251319154800397,1.1904543864148,0.28302783761197753
3.1346855516236576,23.780592236319418,24.595777879430376,11.465436630963953,0.5251319154800397,1.1904543864148,0.28302783761197753
3.063275551623658,23.816292236319416,24.484677879430375,11.540816630963953,0.43724191548003966,1.2527143864148,0.26929483761197753
3.0235955516236577,24.04239223631942,24.302177879430378,11.540816630963953,0.5013289154800397,1.2939143864148002,0.2894368376119775
3.0989755516236577,24.232792236319415,24.413277879430375,11.278976630963953,0.6780209154800397,1.2600343864148,0.3031698376119775
3.1346855516236576,24.308192236319417,24.520377879430377,11.239306630963954,0.8080309154800397,1.0796743864148002,0.2491538376119775
3.0235955516236577,24.38359223631942,24.706777879430376,11.354356630963952,0.7778209154800396,0.9551643864148001,0.2958448376119775
3.1346855516236576,24.49469223631942,24.813977879430375,11.429736630963953,0.6899309154800396,1.0860843864148002,0.2958448376119775
3.0235955516236577,24.570092236319415,24.813977879430375,11.429736630963953,0.5956279154800397,1.4257443864148,0.27570383761197753
3.0989755516236577,24.60579223631942,24.849677879430377,11.429736630963953,0.4665389154800397,1.4678643864148002,0.3159868376119775
3.0235955516236577,24.38359223631942,24.778277879430377,11.429736630963953,0.38963391548003967,1.3287043864148,0.2894368376119775
2.9521855516236575,24.157492236319417,24.924977879430376,11.203596630963954,0.4134379154800396,1.1767243864148,0.27570383761197753
3.0235955516236577,24.11779223631942,24.813977879430375,11.128226630963955,0.5251319154800397,1.1556643864148002,0.26929483761197753
3.063275551623658,24.04239223631942,24.924977879430376,11.013166630963955,0.6780209154800397,1.3497543864148,0.2491538376119775
3.063275551623658,24.04239223631942,24.924977879430376,11.013166630963955,0.6780209154800397,1.3497543864148,0.2491538376119775
2.987895551623658,24.082092236319415,24.924977879430376,10.902086630963954,0.7485209154800397,1.6683643864148003,0.2894368376119775
2.9164855516236576,24.082092236319415,24.996477879430376,11.013166630963955,0.7668309154800396,1.6958243864148,0.3159868376119775
2.8411055516236576,23.93129223631942,25.036077879430376,10.787036630963954,0.6194319154800396,1.6061043864148001,0.3159868376119775
2.769695551623658,23.66549223631942,25.071777879430375,10.751326630963954,0.5544289154800396,1.4046843864148002,0.2958448376119775
2.987895551623658,23.62979223631942,25.036077879430376,10.675946630963953,0.4894269154800397,1.2737643864148,0.26288583761197754
2.9164855516236576,23.780592236319418,25.036077879430376,10.787036630963954,0.5837259154800396,1.3085543864148002,0.27570383761197753
2.8411055516236576,23.93129223631942,25.036077879430376,10.937796630963954,0.6606309154800397,1.3708143864148001,0.2491538376119775
2.8411055516236576,23.93129223631942,25.036077879430376,10.937796630963954,0.6606309154800397,1.3708143864148001,0.2491538376119775
2.8411055516236576,23.855892236319416,25.143277879430375,11.354356630963952,0.7778209154800396,1.2801743864148,0.2958448376119775
2.8768055516236575,23.66549223631942,25.365377879430376,11.354356630963952,0.7668309154800396,1.1629843864148002,0.27570383761197753
2.987895551623658,23.51479223631942,25.254277879430376,11.465436630963953,0.7842309154800396,1.2389743864148002,0.3159868376119775
2.9521855516236575,23.66549223631942,25.218577879430377,11.540816630963953,0.8428209154800396,1.3149643864148002,0.28302783761197753
2.9521855516236575,23.66549223631942,25.218577879430377,11.540816630963953,0.8428209154800396,1.3149643864148002,0.28302783761197753
3.0235955516236577,23.66549223631942,25.182877879430375,11.505116630963954,0.7723209154800396,1.3845443864148002,0.27570383761197753
3.170385551623658,23.62979223631942,25.143277879430375,11.429736630963953,0.6432349154800396,1.3845443864148002,0.30957783761197755
3.063275551623658,23.51479223631942,25.365377879430376,11.390066630963954,0.5425269154800396,1.2875043864148001,0.23542083761197752
2.987895551623658,23.439392236319417,25.436777879430377,11.390066630963954,0.5132309154800396,1.2252443864148002,0.26929483761197753
3.0235955516236577,23.40369223631942,25.512177879430375,11.465436630963953,0.5718239154800396,1.3708143864148001,0.3031698376119775
3.0235955516236577,23.51479223631942,25.583577879430376,11.429736630963953,0.6780209154800397,1.5850443864148003,0.2491538376119775
3.0989755516236577,23.51479223631942,25.658977879430378,11.465436630963953,0.8309209154800395,1.5090543864148,0.3361288376119775
3.1346855516236576,23.328292236319417,25.730377879430375,11.651906630963953,0.8254209154800397,1.3222943864148002,0.3031698376119775
3.1346855516236576,23.252892236319415,25.694677879430376,11.354356630963952,0.8492309154800396,1.1831343864148,0.2024618376119775
3.3568455516236577,23.17749223631942,25.658977879430378,11.239306630963954,0.8016209154800397,1.2316543864148002,0.28302783761197753
3.281475551623658,23.328292236319417,25.512177879430375,11.278976630963953,0.6954209154800396,1.4330743864148001,0.26288583761197754
3.2100655516236576,23.363992236319415,25.401077879430375,11.314686630963955,0.6606309154800397,1.8551243864148,0.21527883761197752
3.170385551623658,23.40369223631942,25.365377879430376,11.314686630963955,0.4958359154800397,1.8972443864148,0.2894368376119775
3.0989755516236577,23.28859223631942,25.254277879430376,11.163926630963953,0.36033691548003965,1.7443443864148003,0.28302783761197753
3.170385551623658,23.02679223631942,25.254277879430376,10.902086630963954,0.5782329154800396,1.2041843864148,0.26288583761197754
3.170385551623658,23.21319223631942,25.071777879430375,11.013166630963955,0.8080309154800397,1.1556643864148002,0.26929483761197753
3.1346855516236576,23.439392236319417,24.960777879430378,10.977466630963953,0.9783209154800397,1.2600343864148,0.3233108376119775
3.1346855516236576,23.439392236319417,24.960777879430378,10.977466630963953,0.9783209154800397,1.2600343864148,0.3233108376119775
3.170385551623658,23.51479223631942,24.889277879430377,11.163926630963953,0.9838109154800397,1.3424343864148,0.23542083761197752
3.063275551623658,23.439392236319417,24.924977879430376,11.163926630963953,0.7778209154800396,1.2316543864148002,0.27570383761197753
2.9521855516236575,23.328292236319417,24.849677879430377,11.314686630963955,0.5425269154800396,1.1071443864148,0.3361288376119775
2.9164855516236576,23.40369223631942,24.706777879430376,11.239306630963954,0.3429419154800396,1.2041843864148,0.22901183761197752
2.9521855516236575,23.55439223631942,24.520377879430377,11.203596630963954,0.3429419154800396,1.3497543864148,0.2958448376119775
2.9521855516236575,23.62979223631942,24.373577879430375,11.013166630963955,0.4601299154800397,1.5365243864148,0.30957783761197755
2.9521855516236575,23.55439223631942,24.337877879430376,10.826706630963955,0.7723209154800396,1.1281943864148,0.3159868376119775
2.8411055516236576,23.47909223631942,24.520377879430377,10.751326630963954,0.8190209154800397,1.0238243864148002,0.25556183761197754
2.8768055516236575,23.55439223631942,24.560077879430377,10.902086630963954,0.8309209154800395,1.1281943864148,0.28302783761197753
2.8768055516236575,23.66549223631942,24.595777879430376,11.163926630963953,0.7961309154800397,1.2453843864148002,0.3159868376119775
2.8411055516236576,23.740892236319414,24.448977879430377,11.314686630963955,0.5782329154800396,1.1767243864148,0.3031698376119775
2.8768055516236575,23.55439223631942,24.520377879430377,11.390066630963954,0.5013289154800397,1.2115143864148001,0.2894368376119775
2.9164855516236576,23.363992236319415,24.413277879430375,11.390066630963954,0.5196389154800396,1.2801743864148,0.23542083761197752
2.9164855516236576,23.40369223631942,24.337877879430376,11.505116630963954,0.5306259154800397,1.4953243864148,0.24274483761197752
2.9164855516236576,23.40369223631942,24.337877879430376,11.505116630963954,0.5306259154800397,1.4953243864148,0.24274483761197752
2.8411055516236576,23.252892236319415,24.373577879430375,11.651906630963953,0.5489359154800396,1.6610343864148003,0.28302783761197753
2.8053955516236577,23.102192236319414,24.448977879430377,11.727286630963953,0.6194319154800396,1.6061043864148001,0.26929483761197753
2.7300155516236577,22.875992236319416,24.560077879430377,11.576526630963954,0.6432349154800396,1.3222943864148002,0.30957783761197755
2.8768055516236575,22.875992236319416,24.560077879430377,11.505116630963954,0.7137309154800396,1.0238243864148002,0.26929483761197753
2.8768055516236575,22.951392236319418,24.560077879430377,11.429736630963953,0.8016209154800397,1.0100943864148002,0.26929483761197753
2.9164855516236576,23.102192236319414,24.520377879430377,11.354356630963952,0.8309209154800395,1.0723543864148002,0.25556183761197754
2.8768055516236575,23.252892236319415,24.448977879430377,11.390066630963954,0.7256309154800397,1.1968643864148,0.26929483761197753
2.8411055516236576,23.252892236319415,24.484677879430375,11.465436630963953,0.6194319154800396,1.2801743864148,0.3031698376119775
2.769695551623658,23.062492236319418,24.484677879430375,11.616196630963953,0.5077369154800396,1.2179243864148002,0.2491538376119775
2.769695551623658,22.875992236319416,24.631477879430378,11.576526630963954,0.4894269154800397,1.2179243864148002,0.26929483761197753
2.8768055516236575,22.951392236319418,24.560077879430377,11.540816630963953,0.5544289154800396,1.2389743864148002,0.2958448376119775
2.8768055516236575,23.102192236319414,24.448977879430377,11.540816630963953,0.7366209154800397,1.2389743864148002,0.27570383761197753
2.8411055516236576,23.21319223631942,24.448977879430377,11.540816630963953,0.8254209154800397,1.2179243864148002,0.28302783761197753
2.8411055516236576,23.252892236319415,24.448977879430377,11.465436630963953,0.8135209154800397,1.1346043864148,0.2894368376119775
2.769695551623658,23.062492236319418,24.667177879430376,11.429736630963953,0.7256309154800397,1.0659443864148002,0.23542083761197752
2.7300155516236577,23.17749223631942,24.706777879430376,11.651906630963953,0.6780209154800397,1.1968643864148,0.3159868376119775
2.7300155516236577,23.17749223631942,24.706777879430376,11.651906630963953,0.6780209154800397,1.1968643864148,0.3159868376119775
2.694315551623658,23.21319223631942,24.667177879430376,11.727286630963953,0.6194319154800396,1.3149643864148002,0.2958448376119775
2.769695551623658,23.21319223631942,24.667177879430376,11.691576630963954,0.5718239154800396,1.3085543864148002,0.25556183761197754
2.769695551623658,23.17749223631942,24.706777879430376,11.727286630963953,0.5489359154800396,1.2389743864148002,0.26929483761197753
2.7300155516236577,23.102192236319414,24.742577879430375,11.651906630963953,0.5901349154800396,1.1483443864148002,0.24274483761197752
2.8053955516236577,23.062492236319418,24.778277879430377,11.540816630963953,0.7137309154800396,1.2389743864148002,0.25556183761197754
2.8053955516236577,23.13789223631942,24.849677879430377,11.540816630963953,0.7311309154800397,1.5639943864148,0.24274483761197752
2.694315551623658,23.21319223631942,24.889277879430377,11.390066630963954,0.7192209154800396,1.6408943864148002,0.34345283761197754
2.5832255516236575,23.102192236319414,24.996477879430376,11.278976630963953,0.6432349154800396,1.5502543864148002,0.28302783761197753
2.5832255516236575,22.987092236319416,25.182877879430375,11.013166630963955,0.5663309154800397,1.3222943864148002,0.26929483761197753
2.6586055516236575,22.951392236319418,25.182877879430375,10.902086630963954,0.5077369154800396,1.1968643864148,0.28302783761197753
2.6229055516236577,23.062492236319418,25.143277879430375,10.862416630963953,0.5306259154800397,1.2737643864148,0.30957783761197755
2.5832255516236575,23.17749223631942,24.960777879430378,10.902086630963954,0.6194319154800396,1.3634943864148001,0.2491538376119775
2.5118155516236578,23.21319223631942,25.036077879430376,11.128226630963955,0.6606309154800397,1.4257443864148,0.27570383761197753
2.5475255516236577,22.987092236319416,24.996477879430376,11.505116630963954,0.6899309154800396,1.1483443864148002,0.26929483761197753
2.6586055516236575,22.951392236319418,25.036077879430376,11.616196630963953,0.7018309154800396,1.0860843864148002,0.2894368376119775
2.694315551623658,23.02679223631942,24.813977879430375,11.727286630963953,0.6899309154800396,1.0796743864148002,0.3031698376119775
2.769695551623658,23.13789223631942,24.595777879430376,11.878036630963955,0.6780209154800397,1.2115143864148001,0.28302783761197753
2.5832255516236575,23.28859223631942,24.448977879430377,11.842336630963953,0.6368269154800397,1.2664443864148,0.28302783761197753
2.5832255516236575,23.328292236319417,24.266477879430376,11.878036630963955,0.5901349154800396,1.1346043864148,0.22901183761197752
2.6586055516236575,23.21319223631942,24.155377879430375,11.802656630963954,0.5425269154800396,1.0723543864148002,0.26929483761197753
2.6586055516236575,23.17749223631942,24.155377879430375,11.802656630963954,0.5663309154800397,1.0238243864148002,0.3031698376119775
2.5475255516236577,23.28859223631942,24.119677879430377,11.802656630963954,0.6368269154800397,1.0522143864148001,0.23542083761197752
2.5475255516236577,23.28859223631942,24.008577879430376,11.651906630963953,0.7137309154800396,0.9963643864148002,0.3159868376119775
2.5832255516236575,23.21319223631942,23.861777879430377,11.766956630963954,0.7668309154800396,0.9890343864148001,0.30957783761197755
2.5475255516236577,23.21319223631942,23.861777879430377,11.766956630963954,0.7668309154800396,1.0311543864148,0.24274483761197752
2.6229055516236577,23.02679223631942,23.826077879430375,11.651906630963953,0.7366209154800397,1.1483443864148002,0.3031698376119775
2.6586055516236575,22.987092236319416,23.679277879430376,11.616196630963953,0.6661209154800397,1.3634943864148001,0.25556183761197754
2.5832255516236575,22.987092236319416,23.679277879430376,11.651906630963953,0.5837259154800396,1.4193343864148,0.27570383761197753
2.5118155516236578,22.840292236319417,23.790377879430377,11.465436630963953,0.5718239154800396,1.3561643864148,0.3031698376119775
2.5475255516236577,22.689592236319417,23.826077879430375,11.505116630963954,0.5306259154800397,1.2600343864148,0.25556183761197754
2.5475255516236577,22.538792236319416,23.937177879430376,11.163926630963953,0.5251319154800397,1.1419343864148002,0.3233108376119775
2.6586055516236575,22.538792236319416,24.008577879430376,11.128226630963955,0.6780209154800397,1.0174243864148,0.3233108376119775
2.6586055516236575,22.538792236319416,24.044277879430375,11.163926630963953,0.7549309154800395,1.0100943864148002,0.25556183761197754
2.6229055516236577,22.61419223631942,24.119677879430377,11.239306630963954,0.8492309154800396,1.1693943864148002,0.3233108376119775
2.7300155516236577,22.689592236319417,24.302177879430378,11.203596630963954,0.8428209154800396,1.2737643864148,0.26929483761197753
2.8053955516236577,22.689592236319417,24.373577879430375,11.278976630963953,0.7778209154800396,1.1071443864148,0.25556183761197754
2.6229055516236577,22.57449223631942,24.484677879430375,11.278976630963953,0.6725309154800397,1.0375643864148,0.30957783761197755
2.6229055516236577,22.57449223631942,24.484677879430375,11.278976630963953,0.6725309154800397,1.0375643864148,0.30957783761197755
2.7300155516236577,22.76489223631942,24.520377879430377,11.314686630963955,0.7137309154800396,1.1831343864148,0.30957783761197755
2.7300155516236577,22.76489223631942,24.520377879430377,11.314686630963955,0.7137309154800396,1.1831343864148,0.30957783761197755
2.7300155516236577,22.840292236319417,24.520377879430377,11.203596630963954,0.7549309154800395,1.2527143864148,0.30957783761197755
2.7300155516236577,22.76489223631942,24.484677879430375,10.977466630963953,0.7961309154800397,1.1693943864148002,0.2958448376119775
2.5832255516236575,22.76489223631942,24.448977879430377,10.862416630963953,0.7366209154800397,1.0934043864148002,0.27570383761197753
2.5475255516236577,22.61419223631942,24.560077879430377,10.711656630963954,0.6844309154800395,1.0860843864148002,0.3159868376119775
2.4761155516236575,22.649892236319417,24.413277879430375,10.751326630963954,0.6313339154800396,1.1556643864148002,0.3159868376119775
2.4761155516236575,22.649892236319417,24.302177879430378,10.902086630963954,0.6661209154800397,1.2737643864148,0.3031698376119775
2.4007355516236575,22.72529223631942,24.302177879430378,11.013166630963955,0.7137309154800396,1.2737643864148,0.27570383761197753
2.3650255516236576,22.76489223631942,24.337877879430376,11.128226630963955,0.7192209154800396,1.1629843864148002,0.28302783761197753
2.4007355516236575,22.57449223631942,24.302177879430378,11.354356630963952,0.7311309154800397,1.0860843864148002,0.2958448376119775
2.3293255516236577,22.499092236319417,24.230777879430377,11.505116630963954,0.6899309154800396,1.3287043864148,0.26929483761197753
2.2896555516236576,22.387992236319416,24.083977879430375,11.691576630963954,0.6313339154800396,1.5365243864148,0.3159868376119775
2.182535551623658,22.348392236319416,24.083977879430375,11.842336630963953,0.5132309154800396,1.4532143864148002,0.30957783761197755
2.218235551623658,22.23729223631942,24.230777879430377,11.802656630963954,0.4665389154800397,1.3561643864148,0.30957783761197755
2.2539455516236577,22.04689223631942,24.044277879430375,11.616196630963953,0.43724191548003966,1.2252443864148002,0.30957783761197755
2.3293255516236577,22.011192236319417,24.155377879430375,11.576526630963954,0.4427349154800396,1.0860843864148002,0.28302783761197753
2.4007355516236575,21.971492236319417,24.083977879430375,11.465436630963953,0.6313339154800396,1.0036843864148002,0.2958448376119775
2.4007355516236575,22.23729223631942,24.191077879430377,11.651906630963953,0.8254209154800397,1.0796743864148002,0.2958448376119775
2.4761155516236575,22.19759223631942,24.155377879430375,11.691576630963954,0.8785209154800396,1.1693943864148002,0.3031698376119775
2.4364355516236578,22.161892236319417,24.230777879430377,11.576526630963954,0.8135209154800397,1.1281943864148,0.3031698376119775
2.3650255516236576,22.122192236319417,24.155377879430375,11.651906630963953,0.6954209154800396,0.9890343864148001,0.3031698376119775
2.4761155516236575,22.04689223631942,24.266477879430376,11.651906630963953,0.5608379154800396,0.9615743864148001,0.2958448376119775
2.694315551623658,22.348392236319416,24.119677879430377,11.540816630963953,0.6130229154800396,1.1693943864148002,0.26929483761197753
2.5832255516236575,22.463392236319418,24.083977879430375,11.651906630963953,0.7311309154800397,1.2252443864148002,0.3031698376119775
2.694315551623658,22.463392236319418,24.119677879430377,11.616196630963953,0.7256309154800397,1.1007343864148,0.28302783761197753
2.694315551623658,22.538792236319416,24.155377879430375,11.727286630963953,0.7192209154800396,0.9066443864148002,0.2958448376119775
2.7300155516236577,22.423792236319418,24.230777879430377,11.540816630963953,0.6780209154800397,0.8443843864148002,0.3361288376119775
2.769695551623658,22.423792236319418,24.155377879430375,11.576526630963954,0.7018309154800396,0.9478443864148001,0.26929483761197753
2.694315551623658,22.499092236319417,24.044277879430375,11.727286630963953,0.7485209154800397,0.9826343864148002,0.3233108376119775
2.6229055516236577,22.61419223631942,24.083977879430375,11.878036630963955,0.7723209154800396,0.9963643864148002,0.3361288376119775
2.7300155516236577,22.499092236319417,24.044277879430375,11.878036630963955,0.7961309154800397,1.0311543864148,0.2491538376119775
2.769695551623658,22.387992236319416,24.083977879430375,11.878036630963955,0.7723209154800396,1.2453843864148002,0.28302783761197753
2.694315551623658,22.312692236319418,24.044277879430375,11.917706630963954,0.6661209154800397,1.4330743864148001,0.2958448376119775
2.6586055516236575,22.387992236319416,24.044277879430375,11.917706630963954,0.5663309154800397,1.3708143864148001,0.2958448376119775
2.694315551623658,22.387992236319416,24.044277879430375,11.842336630963953,0.5196389154800396,1.2316543864148002,0.3297198376119775
2.6229055516236577,22.312692236319418,24.119677879430377,11.616196630963953,0.5132309154800396,1.1071443864148,0.27570383761197753
2.6229055516236577,22.312692236319418,24.119677879430377,11.616196630963953,0.5132309154800396,1.1071443864148,0.27570383761197753
2.7300155516236577,22.272992236319418,24.155377879430375,11.278976630963953,0.5837259154800396,1.0311543864148,0.3159868376119775
2.8053955516236577,22.23729223631942,24.155377879430375,11.128226630963955,0.7485209154800397,1.0174243864148,0.30957783761197755
2.694315551623658,22.387992236319416,24.191077879430377,11.163926630963953,0.8721209154800397,1.0375643864148,0.26288583761197754
2.694315551623658,22.538792236319416,24.337877879430376,11.354356630963952,0.8721209154800397,1.1483443864148002,0.3361288376119775
2.769695551623658,22.499092236319417,24.302177879430378,11.429736630963953,0.7549309154800395,1.0100943864148002,0.26288583761197754
2.7300155516236577,22.57449223631942,24.302177879430378,11.505116630963954,0.6899309154800396,0.8993143864148001,0.3361288376119775
2.8053955516236577,22.72529223631942,24.230777879430377,11.691576630963954,0.6844309154800395,0.8782643864148001,0.26929483761197753
2.8053955516236577,22.72529223631942,24.230777879430377,11.691576630963954,0.6844309154800395,0.8782643864148001,0.26929483761197753
2.8411055516236576,22.91569223631942,24.119677879430377,11.917706630963954,0.7430309154800397,1.0238243864148002,0.26288583761197754
2.9521855516236575,22.987092236319416,24.008577879430376,11.993086630963955,0.7366209154800397,1.1208743864148,0.3361288376119775
3.063275551623658,22.91569223631942,23.861777879430377,12.143846630963953,0.7073209154800396,1.0036843864148002,0.26929483761197753
3.0235955516236577,22.840292236319417,23.937177879430376,12.104176630963954,0.7137309154800396,0.8233243864148001,0.3159868376119775
2.987895551623658,22.875992236319416,23.826077879430375,12.028796630963953,0.7366209154800397,0.7125543864148001,0.2958448376119775
3.0235955516236577,22.875992236319416,23.861777879430377,12.028796630963953,0.7549309154800395,0.7473443864148002,0.25556183761197754
2.987895551623658,22.91569223631942,23.679277879430376,12.104176630963954,0.7897209154800396,0.9414343864148,0.3361288376119775
2.9521855516236575,22.987092236319416,23.643577879430374,12.104176630963954,0.7668309154800396,0.9826343864148002,0.2958448376119775
2.9521855516236575,22.91569223631942,23.643577879430374,11.953416630963954,0.7192209154800396,0.9551643864148001,0.26288583761197754
2.8768055516236575,22.649892236319417,23.568177879430376,11.993086630963955,0.6487289154800396,1.0238243864148002,0.3031698376119775
2.8768055516236575,22.649892236319417,23.568177879430376,11.993086630963955,0.6487289154800396,1.0238243864148002,0.3031698376119775
2.8768055516236575,22.649892236319417,23.607877879430376,12.068466630963954,0.5544289154800396,1.2600343864148,0.27570383761197753
2.8411055516236576,22.538792236319416,23.679277879430376,11.953416630963954,0.47203191548003964,1.2801743864148,0.3297198376119775
2.8053955516236577,22.387992236319416,23.714977879430375,11.802656630963954,0.5013289154800397,1.0860843864148002,0.2958448376119775
2.769695551623658,22.348392236319416,23.714977879430375,11.651906630963953,0.5782329154800396,0.9414343864148,0.28302783761197753
2.769695551623658,22.272992236319418,23.754677879430375,11.576526630963954,0.7192209154800396,0.8370643864148002,0.28302783761197753
2.8053955516236577,22.348392236319416,23.826077879430375,11.576526630963954,0.8254209154800397,0.9414343864148,0.2894368376119775
2.694315551623658,22.463392236319418,23.826077879430375,11.616196630963953,0.8959209154800397,1.0375643864148,0.26288583761197754
2.6586055516236575,22.348392236319416,23.861777879430377,11.651906630963953,0.8428209154800396,1.0448843864148,0.3233108376119775
2.5832255516236575,22.387992236319416,23.861777879430377,11.691576630963954,0.6954209154800396,0.9130543864148002,0.3031698376119775
2.5832255516236575,22.312692236319418,23.937177879430376,11.616196630963953,0.6020369154800397,0.8297343864148001,0.28302783761197753
2.6586055516236575,22.312692236319418,23.897477879430376,11.727286630963953,0.5837259154800396,0.8370643864148002,0.28302783761197753
2.6586055516236575,22.348392236319416,23.897477879430376,11.878036630963955,0.6844309154800395,0.8645243864148002,0.26929483761197753
2.5118155516236578,22.538792236319416,23.972877879430374,11.878036630963955,0.8721209154800397,1.0375643864148,0.2958448376119775
2.5118155516236578,22.538792236319416,24.008577879430376,11.842336630963953,0.8428209154800396,0.8855843864148001,0.27570383761197753
2.5118155516236578,22.387992236319416,24.191077879430377,11.314686630963955,0.7549309154800395,0.6777643864148002,0.26288583761197754
2.5832255516236575,22.348392236319416,24.119677879430377,11.314686630963955,0.7897209154800396,0.8855843864148001,0.25556183761197754
2.4007355516236575,22.499092236319417,24.083977879430375,11.278976630963953,0.8016209154800397,1.1144643864148,0.28302783761197753
2.4007355516236575,22.538792236319416,24.083977879430375,11.203596630963954,0.7961309154800397,1.1629843864148002,0.30957783761197755
2.3293255516236577,22.387992236319416,24.083977879430375,11.203596630963954,0.7604209154800395,1.2179243864148002,0.2958448376119775
2.3650255516236576,22.423792236319418,24.083977879430375,11.354356630963952,0.7192209154800396,1.2389743864148002,0.26288583761197754
2.2539455516236577,22.499092236319417,24.083977879430375,11.651906630963953,0.6194319154800396,1.2453843864148002,0.3031698376119775
2.2539455516236577,22.423792236319418,24.119677879430377,11.691576630963954,0.5837259154800396,1.1483443864148002,0.3031698376119775
2.3293255516236577,22.348392236319416,24.083977879430375,11.691576630963954,0.6020369154800397,1.0860843864148002,0.2491538376119775
2.3293255516236577,22.161892236319417,24.119677879430377,11.576526630963954,0.6606309154800397,0.9688943864148001,0.3361288376119775
2.4007355516236575,22.272992236319418,24.008577879430376,11.651906630963953,0.7604209154800395,0.8929043864148001,0.25556183761197754
2.3650255516236576,22.312692236319418,23.972877879430374,11.576526630963954,0.8785209154800396,0.8782643864148001,0.27570383761197753
2.2896555516236576,22.348392236319416,23.897477879430376,11.616196630963953,0.9316309154800396,0.9551643864148001,0.30957783761197755
2.2539455516236577,22.161892236319417,23.937177879430376,11.616196630963953,0.9197209154800395,0.9203743864148002,0.28302783761197753
2.2896555516236576,22.161892236319417,23.897477879430376,11.651906630963953,0.7897209154800396,0.8160043864148001,0.3031698376119775
2.4007355516236575,22.23729223631942,23.897477879430376,11.505116630963954,0.7256309154800397,0.7336043864148001,0.3361288376119775
2.4007355516236575,22.312692236319418,23.861777879430377,11.465436630963953,0.7430309154800397,0.7885343864148002,0.2894368376119775
2.3293255516236577,22.57449223631942,23.826077879430375,11.616196630963953,0.7961309154800397,1.0311543864148,0.25556183761197754
2.3293255516236577,22.538792236319416,23.754677879430375,11.651906630963953,0.7961309154800397,1.1071443864148,0.2894368376119775
2.3650255516236576,22.463392236319418,23.643577879430374,11.540816630963953,0.7192209154800396,0.9615743864148001,0.3297198376119775
2.3650255516236576,22.312692236319418,23.643577879430374,11.429736630963953,0.7137309154800396,0.6850843864148002,0.2894368376119775
2.2539455516236577,22.312692236319418,23.679277879430376,11.429736630963953,0.6954209154800396,0.6081843864148002,0.2958448376119775
2.218235551623658,22.423792236319418,23.643577879430374,11.540816630963953,0.7604209154800395,0.7885343864148002,0.3031698376119775
2.142865551623658,22.463392236319418,23.349977879430377,11.651906630963953,0.7961309154800397,0.9753043864148001,0.27570383761197753
1.9603655516236578,22.387992236319416,23.314277879430374,11.727286630963953,0.7961309154800397,0.9826343864148002,0.3159868376119775
1.9246655516236577,22.23729223631942,23.314277879430374,11.651906630963953,0.7723209154800396,0.8929043864148001,0.3031698376119775
1.9603655516236578,22.19759223631942,23.314277879430374,11.691576630963954,0.6899309154800396,0.9066443864148002,0.34986183761197753
1.8135755516236576,22.272992236319418,23.238977879430376,11.727286630963953,0.6899309154800396,1.0586143864148,0.30957783761197755
1.9603655516236578,22.348392236319416,23.203177879430378,11.802656630963954,0.6194319154800396,1.2389743864148002,0.26288583761197754
1.8492855516236577,22.23729223631942,23.092177879430377,11.917706630963954,0.6020369154800397,1.1483443864148002,0.3361288376119775
1.8492855516236577,22.23729223631942,23.092177879430377,11.917706630963954,0.6020369154800397,1.1483443864148002,0.3361288376119775
1.8135755516236576,22.011192236319417,23.203177879430378,11.576526630963954,0.5956279154800397,0.8022743864148001,0.26929483761197753
1.8135755516236576,22.011192236319417,23.203177879430378,11.576526630963954,0.5956279154800397,0.8022743864148001,0.26929483761197753
1.8492855516236577,21.820692236319417,23.278577879430376,11.354356630963952,0.6075299154800397,0.7748043864148002,0.34345283761197754
1.7778755516236577,22.04689223631942,23.167477879430376,11.203596630963954,0.9014109154800397,0.8581143864148002,0.3159868376119775
1.8135755516236576,21.971492236319417,23.238977879430376,11.013166630963955,0.9014109154800397,0.9267843864148002,0.3297198376119775
1.7421655516236576,22.011192236319417,23.314277879430374,10.862416630963953,0.8428209154800396,0.9203743864148002,0.3031698376119775
1.7421655516236576,22.04689223631942,23.385677879430375,10.826706630963955,0.7018309154800396,0.7610743864148002,0.3159868376119775
1.7778755516236577,22.04689223631942,23.349977879430377,10.862416630963953,0.6313339154800396,0.6988143864148002,0.2894368376119775
1.7024955516236577,22.122192236319417,23.314277879430374,10.902086630963954,0.6725309154800397,0.7812143864148002,0.30957783761197755
1.7778755516236577,22.23729223631942,23.203177879430378,11.163926630963953,0.7778209154800396,0.9615743864148001,0.2958448376119775
1.8492855516236577,22.19759223631942,23.131777879430377,11.314686630963955,0.8959209154800397,0.9963643864148002,0.2894368376119775
1.8492855516236577,22.19759223631942,23.131777879430377,11.314686630963955,0.8959209154800397,0.9963643864148002,0.2894368376119775
1.8492855516236577,22.122192236319417,23.131777879430377,11.429736630963953,0.8602109154800396,0.7400143864148001,0.34345283761197754
1.8492855516236577,21.971492236319417,23.056477879430375,11.576526630963954,0.8080309154800397,0.4287363864148002,0.3031698376119775
1.7024955516236577,21.971492236319417,23.131777879430377,11.651906630963953,0.7311309154800397,0.4562023864148002,0.27570383761197753
1.7421655516236576,22.122192236319417,23.020777879430376,11.766956630963954,0.7137309154800396,0.7336043864148001,0.30957783761197755
1.7024955516236577,22.23729223631942,22.945377879430374,11.993086630963955,0.7256309154800397,0.8095943864148001,0.2958448376119775
1.7421655516236576,22.19759223631942,22.838277879430375,12.068466630963954,0.7430309154800397,0.7812143864148002,0.2894368376119775
1.8492855516236577,22.122192236319417,22.909677879430376,11.993086630963955,0.7430309154800397,0.7748043864148002,0.3233108376119775
1.8135755516236576,21.89609223631942,22.909677879430376,11.917706630963954,0.7668309154800396,0.8782643864148001,0.28302783761197753
1.8492855516236577,21.74529223631942,22.873977879430377,11.878036630963955,0.7668309154800396,1.0036843864148002,0.2894368376119775
1.8135755516236576,21.74529223631942,22.873977879430377,11.727286630963953,0.7723209154800396,1.0860843864148002,0.3031698376119775
1.7024955516236577,21.74529223631942,22.984977879430375,11.727286630963953,0.7961309154800397,0.9267843864148002,0.3159868376119775
1.7778755516236577,21.55889223631942,23.092177879430377,11.540816630963953,0.7192209154800396,0.8855843864148001,0.28302783761197753
1.8135755516236576,21.483492236319417,23.203177879430378,11.390066630963954,0.6542219154800396,0.8581143864148002,0.3297198376119775
1.8889555516236576,21.44779223631942,23.167477879430376,11.354356630963952,0.6368269154800397,0.7812143864148002,0.2958448376119775
1.9246655516236577,21.44779223631942,23.203177879430378,11.239306630963954,0.7430309154800397,0.7400143864148001,0.27570383761197753
1.8492855516236577,21.483492236319417,23.203177879430378,11.203596630963954,0.8602109154800396,0.8581143864148002,0.34345283761197754
1.9246655516236577,21.483492236319417,23.131777879430377,11.203596630963954,0.8840209154800397,0.9414343864148,0.3031698376119775
1.9246655516236577,21.372392236319417,23.167477879430376,11.239306630963954,0.8721209154800397,0.8581143864148002,0.28302783761197753
2.035745551623658,21.25739223631942,23.131777879430377,11.203596630963954,0.8547209154800396,0.6081843864148002,0.34345283761197754
1.9246655516236577,21.25739223631942,23.131777879430377,11.203596630963954,0.8309209154800395,0.5669843864148001,0.28302783761197753
2.035745551623658,21.40809223631942,23.092177879430377,11.390066630963954,0.8373309154800396,0.7473443864148002,0.3159868376119775
2.107155551623658,21.483492236319417,23.056477879430375,11.616196630963953,0.8373309154800396,0.9478443864148001,0.3764118376119775
1.9960755516236577,21.55889223631942,23.020777879430376,11.727286630963953,0.8428209154800396,0.8782643864148001,0.3031698376119775
2.0714455516236576,21.44779223631942,22.984977879430375,11.727286630963953,0.8785209154800396,0.6017743864148002,0.34345283761197754
2.107155551623658,21.332792236319417,22.984977879430375,11.616196630963953,0.8373309154800396,0.38021338641480024,0.26929483761197753
2.0714455516236576,21.332792236319417,22.945377879430374,11.616196630963953,0.8309209154800395,0.49740038641480017,0.28302783761197753
1.9960755516236577,21.332792236319417,22.838277879430375,11.727286630963953,0.8666209154800396,0.7262843864148001,0.3562698376119775
1.8889555516236576,21.29699223631942,22.655777879430374,11.766956630963954,0.8309209154800395,0.8022743864148001,0.27570383761197753
1.9246655516236577,21.221692236319416,22.616077879430375,11.727286630963953,0.7897209154800396,0.8507943864148002,0.3700028376119775
2.035745551623658,20.995492236319418,22.544677879430377,11.390066630963954,0.7668309154800396,0.8855843864148001,0.34345283761197754
2.182535551623658,20.844792236319417,22.580377879430376,11.128226630963955,0.7256309154800397,0.9688943864148001,0.27570383761197753
2.142865551623658,20.88049223631942,22.508977879430375,10.937796630963954,0.7668309154800396,1.0448843864148,0.3233108376119775
2.182535551623658,21.031192236319416,22.473277879430377,10.937796630963954,0.7723209154800396,1.0522143864148001,0.34986183761197753
2.0714455516236576,21.070892236319416,22.580377879430376,11.013166630963955,0.7366209154800397,0.9615743864148001,0.26929483761197753
2.107155551623658,20.92019223631942,22.691477879430376,10.862416630963953,0.7256309154800397,0.8507943864148002,0.3635938376119775
2.218235551623658,20.76939223631942,22.691477879430376,10.862416630963953,0.6844309154800395,0.6850843864148002,0.3031698376119775
2.182535551623658,20.88049223631942,22.727177879430375,11.013166630963955,0.7604209154800395,0.6155043864148002,0.28302783761197753
2.182535551623658,21.146292236319418,22.691477879430376,11.278976630963953,0.8428209154800396,0.6777643864148002,0.3159868376119775
2.2896555516236576,21.25739223631942,22.580377879430376,11.540816630963953,0.8016209154800397,0.8645243864148002,0.3031698376119775
2.3293255516236577,21.181992236319417,22.580377879430376,11.616196630963953,0.7604209154800395,0.8718543864148001,0.34345283761197754
2.4007355516236575,21.070892236319416,22.544677879430377,11.576526630963954,0.6606309154800397,0.5944443864148001,0.3031698376119775
2.4364355516236578,20.955892236319418,22.544677879430377,11.651906630963953,0.7430309154800397,0.35915638641480024,0.30957783761197755
2.4007355516236575,21.10659223631942,22.473277879430377,11.802656630963954,0.8190209154800397,0.4287363864148002,0.30957783761197755
2.3293255516236577,21.25739223631942,22.473277879430377,11.953416630963954,0.9197209154800395,0.6502943864148001,0.2958448376119775
2.3650255516236576,21.332792236319417,22.326477879430374,12.068466630963954,0.9252209154800396,0.8160043864148001,0.2894368376119775
2.2539455516236577,21.372392236319417,22.362177879430376,12.068466630963954,0.8428209154800396,0.6219143864148002,0.30957783761197755
2.2896555516236576,21.372392236319417,22.326477879430374,11.993086630963955,0.7256309154800397,0.28316738641480016,0.34345283761197754
2.3293255516236577,21.25739223631942,22.397877879430375,11.842336630963953,0.7137309154800396,0.1861213864148002,0.26929483761197753
2.2896555516236576,21.332792236319417,22.362177879430376,11.917706630963954,0.8080309154800397,0.4562023864148002,0.3297198376119775
2.2539455516236577,21.483492236319417,22.286777879430375,11.953416630963954,0.9078209154800397,0.6988143864148002,0.30957783761197755
2.2896555516236576,21.44779223631942,22.286777879430375,12.143846630963953,0.9371209154800396,0.6567043864148001,0.2894368376119775
2.2896555516236576,21.44779223631942,22.286777879430375,12.143846630963953,0.9371209154800396,0.6567043864148001,0.2894368376119775
2.2539455516236577,21.070892236319416,22.362177879430376,11.766956630963954,0.7073209154800396,0.5733943864148001,0.2894368376119775
2.182535551623658,20.995492236319418,22.251077879430376,11.651906630963953,0.6432349154800396,0.7336043864148001,0.27570383761197753
2.182535551623658,21.221692236319416,22.215377879430378,11.802656630963954,0.6661209154800397,1.0036843864148002,0.34345283761197754
2.142865551623658,21.25739223631942,22.179677879430375,11.878036630963955,0.7073209154800396,0.9753043864148001,0.3233108376119775
2.218235551623658,21.25739223631942,22.251077879430376,11.842336630963953,0.7668309154800396,0.8718543864148001,0.2958448376119775
2.2896555516236576,21.031192236319416,22.397877879430375,11.651906630963953,0.8135209154800397,0.6365643864148001,0.3297198376119775
2.2539455516236577,20.805092236319418,22.508977879430375,11.465436630963953,0.8547209154800396,0.35915638641480024,0.3031698376119775
2.142865551623658,20.955892236319418,22.473277879430377,11.616196630963953,0.9133109154800397,0.31063338641480015,0.3233108376119775
2.035745551623658,21.070892236319416,22.508977879430375,11.878036630963955,0.9609209154800397,0.5184583864148002,0.28302783761197753
1.9603655516236578,21.031192236319416,22.397877879430375,12.028796630963953,0.7668309154800396,0.7125543864148001,0.3297198376119775
1.9960755516236577,20.844792236319417,22.433577879430377,11.917706630963954,0.6130229154800396,0.4488773864148002,0.28302783761197753
1.9960755516236577,20.693992236319417,22.433577879430377,11.842336630963953,0.5901349154800396,0.34542338641480014,0.28302783761197753
2.0714455516236576,20.654292236319417,22.473277879430377,11.917706630963954,0.7073209154800396,0.5111333864148002,0.3159868376119775
1.8889555516236576,20.805092236319418,22.473277879430377,11.993086630963955,0.9133109154800397,0.7473443864148002,0.2958448376119775
1.8889555516236576,20.88049223631942,22.433577879430377,11.802656630963954,0.9728209154800397,0.7537443864148001,0.3159868376119775
1.8889555516236576,20.88049223631942,22.433577879430377,11.802656630963954,0.9728209154800397,0.7537443864148001,0.3159868376119775
1.7778755516236577,20.61859223631942,22.433577879430377,11.354356630963952,0.8785209154800396,0.12386538641480022,0.2894368376119775
1.6667855516236576,20.543292236319417,22.397877879430375,11.278976630963953,0.8602109154800396,0.22091138641480018,0.26929483761197753
1.6310855516236578,20.693992236319417,22.286777879430375,11.429736630963953,0.8666209154800396,0.6155043864148002,0.30957783761197755
1.4842955516236576,20.72969223631942,22.215377879430378,11.727286630963953,0.9133109154800397,0.8507943864148002,0.30957783761197755
1.3017955516236577,20.693992236319417,22.068577879430375,11.802656630963954,0.9014109154800397,0.7537443864148001,0.34345283761197754
1.3732055516236576,20.57899223631942,22.104277879430377,11.842336630963953,0.8373309154800396,0.7336043864148001,0.3159868376119775
1.5199955516236576,20.392492236319416,22.068577879430375,11.766956630963954,0.7723209154800396,0.5669843864148001,0.30957783761197755
1.5199955516236576,20.392492236319416,22.032877879430377,11.727286630963953,0.7723209154800396,0.5880343864148001,0.3297198376119775
1.5557055516236578,20.392492236319416,21.957477879430375,11.917706630963954,0.8080309154800397,0.8160043864148001,0.3031698376119775
1.3732055516236576,20.317092236319418,21.850377879430376,12.179556630963955,0.8373309154800396,0.8443843864148002,0.3233108376119775
1.3017955516236577,20.277492236319418,21.850377879430376,12.068466630963954,0.7778209154800396,0.7473443864148002,0.34986183761197753
1.4485855516236577,20.09099223631942,21.810677879430376,11.842336630963953,0.7137309154800396,0.5669843864148001,0.26929483761197753
1.4485855516236577,20.015592236319417,21.921777879430376,11.651906630963953,0.6725309154800397,0.4836683864148002,0.3159868376119775
1.4842955516236576,19.94019223631942,21.957477879430375,11.616196630963953,0.8080309154800397,0.4140873864148002,0.3159868376119775
1.4089155516236576,20.126692236319418,21.810677879430376,11.616196630963953,0.9371209154800396,0.4287363864148002,0.26929483761197753
1.3375055516236576,20.09099223631942,21.810677879430376,11.576526630963954,1.0140209154800397,0.5807143864148001,0.3828208376119775
1.4485855516236577,20.09099223631942,21.810677879430376,11.465436630963953,0.9197209154800395,0.6219143864148002,0.3361288376119775
1.5199955516236576,20.05129223631942,21.850377879430376,11.390066630963954,0.7961309154800397,0.39394638641480023,0.2958448376119775
1.4842955516236576,20.015592236319417,21.850377879430376,11.314686630963955,0.7549309154800395,0.23464438641480018,0.3635938376119775
1.4089155516236576,20.09099223631942,21.921777879430376,11.354356630963952,0.7778209154800396,0.30330938641480015,0.2894368376119775
1.3732055516236576,20.202092236319416,21.739277879430375,11.505116630963954,0.8492309154800396,0.5944443864148001,0.2894368376119775
1.3375055516236576,20.317092236319418,21.663877879430377,11.465436630963953,0.8373309154800396,0.8160043864148001,0.3700028376119775
1.3732055516236576,20.241692236319416,21.592477879430376,11.390066630963954,0.8254209154800397,0.5596543864148,0.2958448376119775
1.4485855516236577,20.352792236319416,21.592477879430376,11.278976630963953,0.7897209154800396,0.11654138641480022,0.34986183761197753
1.3732055516236576,20.317092236319418,21.592477879430376,11.278976630963953,0.7723209154800396,0.06160938641480024,0.3361288376119775
1.4485855516236577,20.352792236319416,21.521077879430376,11.390066630963954,0.8016209154800397,0.3655643864148002,0.2958448376119775
1.5199955516236576,20.42819223631942,21.481377879430376,11.651906630963953,0.9078209154800397,0.6219143864148002,0.3635938376119775
1.3375055516236576,20.46789223631942,21.334677879430377,11.727286630963953,0.9371209154800396,0.5596543864148,0.3297198376119775
1.4089155516236576,20.317092236319418,21.374277879430377,11.691576630963954,0.8602109154800396,0.4626103864148002,0.2894368376119775
1.4842955516236576,20.166392236319417,21.298977879430375,11.691576630963954,0.7366209154800397,0.4351453864148002,0.34345283761197754
1.4485855516236577,20.09099223631942,21.227477879430378,11.576526630963954,0.6661209154800397,0.5944443864148001,0.2894368376119775
1.4485855516236577,20.09099223631942,21.227477879430378,11.576526630963954,0.6661209154800397,0.5944443864148001,0.2894368376119775
1.5199955516236576,20.015592236319417,21.152177879430376,11.727286630963953,0.7311309154800397,0.8095943864148001,0.2958448376119775
1.4842955516236576,20.09099223631942,21.116477879430377,11.842336630963953,0.8428209154800396,0.8095943864148001,0.3635938376119775
1.4842955516236576,19.864892236319417,21.116477879430377,11.691576630963954,0.9133109154800397,0.6640243864148001,0.3233108376119775
1.5557055516236578,19.602992236319416,21.187877879430378,11.429736630963953,0.9133109154800397,0.4076793864148002,0.2894368376119775
1.7024955516236577,19.30149223631942,21.263177879430376,11.163926630963953,0.8666209154800396,0.26211038641480017,0.3361288376119775
1.6667855516236576,19.337192236319417,21.227477879430378,11.052846630963954,0.8840209154800397,0.24837738641480017,0.3031698376119775
1.5557055516236578,19.527592236319418,21.152177879430376,11.088546630963954,0.9014109154800397,0.4140873864148002,0.3297198376119775
1.6310855516236578,19.753792236319416,21.080777879430375,11.128226630963955,0.8602109154800396,0.6704343864148001,0.34986183761197753
1.8135755516236576,19.678392236319418,21.152177879430376,10.636276630963954,0.7430309154800397,0.5395143864148002,0.3031698376119775
1.9246655516236577,19.678392236319418,21.263177879430376,10.560896630963953,0.7549309154800395,0.23464438641480018,0.3233108376119775
1.8492855516236577,19.829192236319418,21.263177879430376,10.600576630963953,0.8309209154800395,0.26943438641480016,0.3031698376119775
1.8889555516236576,19.904492236319417,21.263177879430376,10.826706630963955,0.9728209154800397,0.4909923864148002,0.34986183761197753
1.9603655516236578,20.09099223631942,21.227477879430378,10.977466630963953,0.9664209154800397,0.6914943864148002,0.3635938376119775
1.9960755516236577,20.05129223631942,21.152177879430376,11.203596630963954,0.9426109154800396,0.40035538641480023,0.3159868376119775
2.0714455516236576,20.126692236319418,21.152177879430376,11.354356630963952,0.8428209154800396,0.040552386414800135,0.30957783761197755
2.035745551623658,20.015592236319417,21.227477879430378,11.429736630963953,0.8016209154800397,0.042760613585199836,0.2958448376119775
2.0714455516236576,20.09099223631942,21.080777879430375,11.691576630963954,0.8254209154800397,0.24105338641480017,0.3297198376119775
2.107155551623658,20.126692236319418,21.080777879430375,12.028796630963953,0.8840209154800397,0.5532443864148002,0.3361288376119775
1.9603655516236578,20.05129223631942,21.044977879430377,12.254926630963954,0.8904309154800397,0.4909923864148002,0.3297198376119775
1.9246655516236577,19.829192236319418,21.080777879430375,12.219226630963954,0.8016209154800397,0.4287363864148002,0.3965528376119775
1.9960755516236577,19.678392236319418,21.044977879430377,12.104176630963954,0.7366209154800397,0.3655643864148002,0.34986183761197753
2.142865551623658,19.602992236319416,21.044977879430377,12.068466630963954,0.7073209154800396,0.29690038641480015,0.3031698376119775
2.107155551623658,19.638692236319418,21.080777879430375,11.917706630963954,0.8135209154800397,0.5880343864148001,0.3562698376119775
2.107155551623658,19.78949223631942,21.116477879430377,12.028796630963953,0.8666209154800396,0.8022743864148001,0.3159868376119775
2.035745551623658,19.78949223631942,21.374277879430377,11.651906630963953,0.8666209154800396,0.4562023864148002,0.3297198376119775
2.0714455516236576,19.638692236319418,21.481377879430376,11.390066630963954,0.8254209154800397,0.28957638641480016,0.3031698376119775
2.107155551623658,19.638692236319418,21.592477879430376,11.278976630963953,0.8135209154800397,0.26943438641480016,0.3700028376119775
2.035745551623658,19.904492236319417,21.663877879430377,11.429736630963953,0.9252209154800396,0.28316738641480016,0.34345283761197754
2.035745551623658,20.05129223631942,21.663877879430377,11.314686630963955,1.0140209154800397,0.40035538641480023,0.34345283761197754
2.218235551623658,19.97989223631942,21.663877879430377,11.278976630963953,0.9957109154800395,0.5459243864148002,0.34986183761197753
2.0714455516236576,19.829192236319418,21.810677879430376,11.163926630963953,0.9252209154800396,0.4488773864148002,0.30957783761197755
2.182535551623658,19.714092236319416,21.810677879430376,11.052846630963954,0.9078209154800397,0.1925303864148002,0.3159868376119775
2.182535551623658,19.678392236319418,21.850377879430376,11.052846630963954,0.9316309154800396,0.11654138641480022,0.3361288376119775
2.0714455516236576,19.714092236319416,21.921777879430376,11.239306630963954,0.9728209154800397,0.33169038641480014,0.3233108376119775
1.9246655516236577,19.714092236319416,21.921777879430376,11.429736630963953,0.9783209154800397,0.6155043864148002,0.3031698376119775
1.9603655516236578,19.714092236319416,21.921777879430376,11.576526630963954,0.9197209154800395,0.5395143864148002,0.3361288376119775
1.9246655516236577,19.638692236319418,21.850377879430376,11.616196630963953,0.8373309154800396,0.2062633864148002,0.2894368376119775
2.142865551623658,19.527592236319418,21.957477879430375,11.691576630963954,0.9014109154800397,0.0015616135851997948,0.3361288376119775
1.9960755516236577,19.563292236319416,21.957477879430375,11.878036630963955,1.0250109154800398,0.29690038641480015,0.2958448376119775
1.6310855516236578,19.563292236319416,21.850377879430376,12.445356630963953,0.9902209154800395,0.4214123864148002,0.3159868376119775
1.6310855516236578,19.26179223631942,21.810677879430376,12.294606630963955,0.8016209154800397,0.3655643864148002,0.28302783761197753
1.6667855516236576,19.186392236319417,21.810677879430376,12.179556630963955,0.7256309154800397,0.24837738641480017,0.3159868376119775
1.6310855516236578,19.186392236319417,21.739277879430375,12.028796630963953,0.7778209154800396,0.39394638641480023,0.30957783761197755
1.6667855516236576,19.337192236319417,21.703577879430377,12.028796630963953,0.8666209154800396,0.6988143864148002,0.30957783761197755
1.5557055516236578,19.226092236319417,21.592477879430376,11.878036630963955,0.9252209154800396,0.7748043864148002,0.3031698376119775
1.6310855516236578,19.075392236319416,21.663877879430377,11.691576630963954,0.8904309154800397,0.5669843864148001,0.3159868376119775
1.6310855516236578,19.075392236319416,21.663877879430377,11.691576630963954,0.8904309154800397,0.5669843864148001,0.3159868376119775
1.5199955516236576,18.809592236319418,21.703577879430377,11.390066630963954,0.7723209154800396,0.34542338641480014,0.3159868376119775
1.6667855516236576,18.698492236319417,21.739277879430375,11.163926630963953,0.7311309154800397,0.25478638641480017,0.3297198376119775
1.6310855516236578,18.849192236319418,21.663877879430377,10.977466630963953,0.8309209154800395,0.28957638641480016,0.2894368376119775
1.4842955516236576,18.999992236319418,21.592477879430376,10.977466630963953,0.9426109154800396,0.4424693864148002,0.3031698376119775
1.5199955516236576,19.15069223631942,21.628177879430375,11.013166630963955,1.0552209154800396,0.6219143864148002,0.3361288376119775
1.5557055516236578,19.186392236319417,21.556777879430378,11.013166630963955,1.0250109154800398,0.6429743864148001,0.26288583761197754
1.6310855516236578,19.186392236319417,21.628177879430375,11.088546630963954,0.8547209154800396,0.007970613585199793,0.34345283761197754
1.6310855516236578,19.226092236319417,21.592477879430376,11.088546630963954,0.8959209154800397,0.046961386414800244,0.26288583761197754
1.7024955516236577,19.26179223631942,21.481377879430376,11.465436630963953,0.9490209154800396,0.29690038641480015,0.3361288376119775
1.7421655516236576,19.26179223631942,21.298977879430375,11.842336630963953,0.9957109154800395,0.28957638641480016,0.2958448376119775
1.7778755516236577,19.15069223631942,21.080777879430375,11.802656630963954,0.9197209154800395,0.029027613585199785,0.3361288376119775
1.8492855516236577,19.035692236319417,21.116477879430377,11.691576630963954,0.8904309154800397,0.11874861358519984,0.28302783761197753
1.9603655516236578,19.15069223631942,21.080777879430375,11.802656630963954,0.9371209154800396,0.0130863864148002,0.23542083761197752
1.9246655516236577,19.186392236319417,20.969677879430375,12.068466630963954,1.0314209154800396,0.26211038641480017,0.34345283761197754
1.7778755516236577,19.26179223631942,20.933977879430376,12.219226630963954,1.0250109154800398,0.37288938641480024,0.2958448376119775
1.7778755516236577,19.226092236319417,20.858577879430378,12.219226630963954,0.8959209154800397,0.33809938641480014,0.3233108376119775
1.9603655516236578,19.035692236319417,20.822877879430376,12.028796630963953,0.7073209154800396,0.24837738641480017,0.3562698376119775
2.035745551623658,18.960292236319418,20.822877879430376,11.766956630963954,0.6954209154800396,0.13027438641480021,0.3031698376119775
2.035745551623658,19.035692236319417,20.751477879430375,11.540816630963953,0.8254209154800397,0.25478638641480017,0.2894368376119775
2.0714455516236576,19.15069223631942,20.676077879430377,11.616196630963953,0.9545109154800396,0.5669843864148001,0.30957783761197755
2.035745551623658,19.186392236319417,20.711777879430375,11.505116630963954,1.0021209154800395,0.7473443864148002,0.3031698376119775
2.035745551623658,19.035692236319417,20.787177879430377,11.429736630963953,0.9426109154800396,0.5257823864148001,0.3233108376119775
2.182535551623658,18.77389223631942,20.969677879430375,11.128226630963955,0.8190209154800397,0.1723883864148002,0.3361288376119775
2.2539455516236577,18.658792236319417,21.044977879430377,10.902086630963954,0.7897209154800396,0.046961386414800244,0.2958448376119775
2.2896555516236576,18.73419223631942,21.005377879430377,10.902086630963954,0.8785209154800396,0.1586553864148002,0.26288583761197754
2.3293255516236577,18.924592236319416,20.969677879430375,11.239306630963954,1.0195209154800398,0.37288938641480024,0.3159868376119775
2.3293255516236577,18.999992236319418,21.005377879430377,11.128226630963955,1.0314209154800396,0.5669843864148001,0.30957783761197755
2.3293255516236577,18.999992236319418,21.005377879430377,11.128226630963955,1.0314209154800396,0.5669843864148001,0.30957783761197755
2.3650255516236576,18.960292236319418,21.080777879430375,11.088546630963954,0.9545109154800396,0.4772593864148002,0.3233108376119775
2.4364355516236578,18.960292236319418,21.080777879430375,11.088546630963954,0.8190209154800397,0.11654138641480022,0.3233108376119775
2.4761155516236575,19.035692236319417,21.187877879430378,11.128226630963955,0.7778209154800396,0.14621461358519983,0.3233108376119775
2.4007355516236575,19.15069223631942,21.187877879430378,11.314686630963955,0.8254209154800397,0.007970613585199793,0.3159868376119775
2.3650255516236576,19.337192236319417,21.263177879430376,11.540816630963953,0.9545109154800396,0.24837738641480017,0.3031698376119775
2.4007355516236575,19.376892236319417,21.152177879430376,11.766956630963954,1.0964209154800395,0.39394638641480023,0.30957783761197755
2.3293255516236577,19.376892236319417,21.152177879430376,11.727286630963953,1.0488109154800398,0.1375983864148002,0.34986183761197753
2.3650255516236576,19.376892236319417,21.080777879430375,11.616196630963953,0.9728209154800397,0.2295276135851998,0.3159868376119775
2.4761155516236575,19.30149223631942,21.116477879430377,11.465436630963953,0.9197209154800395,0.2643176135851998,0.34986183761197753
2.4761155516236575,19.30149223631942,21.116477879430377,11.465436630963953,0.9197209154800395,0.2643176135851998,0.34986183761197753
2.2539455516236577,19.226092236319417,21.152177879430376,11.917706630963954,1.0552209154800396,0.1787973864148002,0.3297198376119775
2.2539455516236577,19.226092236319417,21.152177879430376,11.917706630963954,1.0552209154800396,0.1787973864148002,0.3297198376119775
2.218235551623658,19.226092236319417,21.080777879430375,11.953416630963954,1.0964209154800395,0.33169038641480014,0.2958448376119775
2.142865551623658,19.035692236319417,21.005377879430377,11.842336630963953,1.0369109154800396,0.27584338641480016,0.34345283761197754
2.2539455516236577,18.884892236319416,20.969677879430375,11.727286630963953,0.8666209154800396,0.08175138641480023,0.30957783761197755
2.2539455516236577,18.73419223631942,21.044977879430377,11.540816630963953,0.7961309154800397,0.07534238641480023,0.3159868376119775
2.182535551623658,18.62309223631942,20.969677879430375,11.540816630963953,0.8904309154800397,0.27584338641480016,0.3159868376119775
2.107155551623658,18.396992236319416,20.933977879430376,11.505116630963954,1.0845209154800397,0.7189543864148,0.3297198376119775
1.9960755516236577,18.321592236319418,21.080777879430375,11.278976630963953,1.0314209154800396,0.4626103864148002,0.3635938376119775
2.218235551623658,18.13509223631942,21.116477879430377,10.977466630963953,0.9014109154800397,0.1723883864148002,0.30957783761197755
2.142865551623658,17.98439223631942,21.227477879430378,10.751326630963954,0.8602109154800396,0.05428538641480024,0.34345283761197754
1.9603655516236578,18.095392236319416,21.227477879430378,10.675946630963953,0.9197209154800395,0.1586553864148002,0.34345283761197754
1.8492855516236577,18.13509223631942,21.152177879430376,10.826706630963955,1.0314209154800396,0.34542338641480014,0.28302783761197753
1.6667855516236576,18.13509223631942,21.080777879430375,10.937796630963954,1.0607109154800396,0.5321903864148001,0.3361288376119775
1.5199955516236576,18.020092236319417,21.044977879430377,10.902086630963954,0.9664209154800397,0.4699353864148002,0.3159868376119775
1.5557055516236578,17.94469223631942,20.969677879430375,10.862416630963953,0.8666209154800396,0.13027438641480021,0.28302783761197753
1.4485855516236577,17.908992236319417,20.933977879430376,10.862416630963953,0.8721209154800397,0.1260736135851998,0.34986183761197753
1.4485855516236577,18.020092236319417,20.898277879430378,11.013166630963955,0.9783209154800397,0.09128361358519982,0.28302783761197753
1.4089155516236576,18.170792236319418,20.822877879430376,11.314686630963955,1.1193109154800398,0.1861213864148002,0.3159868376119775
1.3017955516236577,18.246192236319416,20.822877879430376,11.616196630963953,1.1788209154800398,0.35915638641480024,0.34345283761197754
1.1153345516236577,18.020092236319417,20.604677879430376,11.802656630963954,0.8904309154800397,0.16727161358519982,0.34986183761197753
1.1510395516236578,17.94469223631942,20.568977879430378,11.691576630963954,0.7961309154800397,0.3613636135851998,0.3297198376119775
1.2264155516236577,18.020092236319417,20.493577879430376,11.802656630963954,0.9133109154800397,0.2853746135851998,0.3297198376119775
1.2264155516236577,18.285892236319416,20.493577879430376,11.953416630963954,1.0781109154800395,0.021703613585199788,0.3031698376119775
1.0796285516236577,18.396992236319416,20.346777879430377,12.068466630963954,1.1376209154800399,0.25478638641480017,0.3361288376119775
1.0796285516236577,18.436592236319417,20.311077879430375,12.068466630963954,0.9957109154800395,0.29690038641480015,0.3297198376119775
1.0796285516236577,18.396992236319416,20.311077879430375,11.917706630963954,0.8080309154800397,0.05428538641480024,0.3361288376119775
1.1510395516236578,18.436592236319417,20.311077879430375,11.651906630963953,0.7018309154800396,0.09128361358519982,0.3562698376119775
1.3375055516236576,18.547692236319417,20.275377879430376,11.465436630963953,0.7778209154800396,0.049168613585199805,0.3297198376119775
1.4089155516236576,18.62309223631942,20.275377879430376,11.390066630963954,0.9490209154800396,0.28957638641480016,0.3297198376119775
1.4485855516236577,18.51199223631942,20.128577879430377,11.128226630963955,1.0195209154800398,0.4909923864148002,0.3159868376119775
1.4842955516236576,18.246192236319416,20.199977879430374,10.902086630963954,0.9014109154800397,0.1440073864148002,0.3965528376119775
1.5199955516236576,18.170792236319418,20.199977879430374,10.600576630963953,0.7723209154800396,0.0015616135851997948,0.3361288376119775
1.6667855516236576,18.321592236319418,20.275377879430376,10.525196630963954,0.7549309154800395,0.05428538641480024,0.3159868376119775
1.6310855516236578,18.547692236319417,20.275377879430376,10.560896630963953,0.9197209154800395,0.23464438641480018,0.34986183761197753
1.5557055516236578,18.658792236319417,20.275377879430376,10.675946630963953,1.0900109154800397,0.31795738641480015,0.3361288376119775
1.6667855516236576,18.77389223631942,20.235677879430376,10.560896630963953,1.1074109154800396,0.21358738641480018,0.3361288376119775
1.8135755516236576,18.77389223631942,20.346777879430377,10.485526630963953,1.0314209154800396,0.040552386414800135,0.3764118376119775
1.9603655516236578,18.698492236319417,20.382477879430375,10.374436630963952,0.9609209154800397,0.18100461358519981,0.3159868376119775
1.9246655516236577,18.849192236319418,20.382477879430375,10.560896630963953,1.0314209154800396,0.11234061358519981,0.30957783761197755
1.9246655516236577,18.849192236319418,20.382477879430375,10.560896630963953,1.0314209154800396,0.11234061358519981,0.30957783761197755
1.8492855516236577,18.960292236319418,20.382477879430375,10.826706630963955,1.0845209154800397,0.13027438641480021,0.34345283761197754
1.9603655516236578,18.884892236319416,20.275377879430376,10.977466630963953,1.0552209154800396,0.24837738641480017,0.34986183761197753
2.0714455516236576,18.77389223631942,20.275377879430376,10.902086630963954,0.9728209154800397,0.12386538641480022,0.34345283761197754
2.035745551623658,18.62309223631942,20.311077879430375,11.052846630963954,0.8785209154800396,0.2643176135851998,0.3159868376119775
2.035745551623658,18.547692236319417,20.275377879430376,11.052846630963954,0.8785209154800396,0.3686881135851998,0.3700028376119775
2.107155551623658,18.51199223631942,20.311077879430375,11.163926630963953,1.0140209154800397,0.2295276135851998,0.3233108376119775
2.142865551623658,18.396992236319416,20.346777879430377,11.314686630963955,1.1019109154800395,0.01529461358519979,0.3159868376119775
2.107155551623658,18.210492236319418,20.422177879430375,11.505116630963954,1.1193109154800398,0.12386538641480022,0.3828208376119775
1.9603655516236578,18.13509223631942,20.382477879430375,11.540816630963953,1.0369109154800396,0.11013238641480022,0.3635938376119775
1.9960755516236577,17.79389223631942,20.199977879430374,11.576526630963954,0.9014109154800397,0.06381761358519983,0.30957783761197755
2.0714455516236576,17.64319223631942,20.164277879430376,11.505116630963954,0.8080309154800397,0.0015616135851997948,0.3635938376119775
2.035745551623658,17.492392236319418,20.199977879430374,11.354356630963952,0.8959209154800397,0.1723883864148002,0.3159868376119775
2.218235551623658,17.30599223631942,20.092877879430375,11.390066630963954,1.1376209154800399,0.4424693864148002,0.34345283761197754
2.035745551623658,17.190892236319417,20.128577879430377,11.354356630963952,1.0781109154800395,0.3655643864148002,0.3562698376119775
2.182535551623658,16.968692236319416,20.235677879430376,11.163926630963953,0.9316309154800396,0.06160938641480024,0.3159868376119775
2.182535551623658,16.968692236319416,20.235677879430376,11.163926630963953,0.9316309154800396,0.06160938641480024,0.3159868376119775
2.182535551623658,16.853692236319418,20.275377879430376,11.013166630963955,0.8254209154800397,0.042760613585199836,0.3297198376119775
2.107155551623658,16.778292236319416,20.199977879430374,10.902086630963954,0.8428209154800396,0.046961386414800244,0.3297198376119775
2.0714455516236576,16.929092236319416,20.235677879430376,11.052846630963954,0.9664209154800397,0.1861213864148002,0.3031698376119775
2.0714455516236576,17.00439223631942,20.128577879430377,11.163926630963953,1.0900109154800397,0.26943438641480016,0.3635938376119775
2.0714455516236576,16.968692236319416,20.128577879430377,11.013166630963955,1.0726209154800395,0.24837738641480017,0.34986183761197753
1.9603655516236578,16.893392236319418,20.092877879430375,10.902086630963954,0.9902209154800395,0.08907538641480023,0.27570383761197753
1.9960755516236577,16.702892236319418,20.128577879430377,10.787036630963954,0.9316309154800396,0.11234061358519981,0.34986183761197753
1.9603655516236578,16.893392236319418,20.053177879430375,10.826706630963955,0.9490209154800396,0.2020616135851998,0.3361288376119775
1.8492855516236577,17.00439223631942,19.981777879430375,10.937796630963954,1.0433209154800398,0.1398066135851998,0.30957783761197755
1.8135755516236576,17.30599223631942,19.981777879430375,11.052846630963954,1.1193109154800398,0.09548438641480023,0.34986183761197753
1.8135755516236576,17.45669223631942,19.906377879430377,11.239306630963954,1.0845209154800397,0.1787973864148002,0.3297198376119775
1.7778755516236577,17.64319223631942,19.834977879430376,11.278976630963953,0.9664209154800397,0.049168613585199805,0.3361288376119775
1.7421655516236576,17.79389223631942,19.759577879430378,11.429736630963953,0.8602109154800396,0.4025626135851998,0.34986183761197753
1.7421655516236576,17.83359223631942,19.834977879430376,11.465436630963953,0.8428209154800396,0.4648184475851998,0.3233108376119775
1.6310855516236578,17.79389223631942,19.723877879430376,11.465436630963953,0.9609209154800397,0.2716426135851998,0.3031698376119775
1.6310855516236578,17.83359223631942,19.616777879430376,11.802656630963954,1.1193109154800398,0.2157946135851998,0.3635938376119775
1.5199955516236576,17.83359223631942,19.616777879430376,11.917706630963954,1.1669209154800395,0.2020616135851998,0.3159868376119775
1.4842955516236576,17.98439223631942,19.577077879430377,11.878036630963955,1.0964209154800395,0.08395861358519979,0.3031698376119775
1.4842955516236576,17.98439223631942,19.430377879430377,11.953416630963954,0.9371209154800396,0.10501661358519981,0.3562698376119775
1.4842955516236576,18.095392236319416,19.469977879430377,11.878036630963955,0.8492309154800396,0.20938661358519983,0.3233108376119775
1.3732055516236576,18.095392236319416,19.505677879430376,11.766956630963954,0.8721209154800397,0.10501661358519981,0.2894368376119775
1.4485855516236577,18.059692236319417,19.505677879430376,11.727286630963953,0.9728209154800397,0.029027613585199785,0.3562698376119775
1.5557055516236578,18.059692236319417,19.505677879430376,11.616196630963953,1.0433209154800398,0.1723883864148002,0.30957783761197755
1.6667855516236576,17.869292236319417,19.652477879430375,11.354356630963952,1.0845209154800397,0.1925303864148002,0.3635938376119775
1.7024955516236577,17.83359223631942,19.541377879430375,11.163926630963953,1.0250109154800398,0.06381761358519983,0.3562698376119775
1.7024955516236577,17.68279223631942,19.541377879430375,10.937796630963954,0.9371209154800396,0.2716426135851998,0.2958448376119775
1.7024955516236577,17.567792236319416,19.541377879430375,10.751326630963954,0.8721209154800397,0.13248161358519983,0.34345283761197754
1.7024955516236577,17.492392236319418,19.577077879430377,10.711656630963954,0.9197209154800395,0.1513313864148002,0.28302783761197753
1.7024955516236577,17.45669223631942,19.652477879430375,10.751326630963954,1.0021209154800395,0.27584338641480016,0.3159868376119775
1.6667855516236576,17.416992236319416,19.688177879430377,10.711656630963954,1.0076109154800394,0.1440073864148002,0.3700028376119775
1.8135755516236576,17.416992236319416,19.759577879430378,10.374436630963952,1.0021209154800395,0.1535396135851998,0.3031698376119775
2.107155551623658,17.15519223631942,19.759577879430378,10.299056630963953,0.9664209154800397,0.23685261358519982,0.30957783761197755
2.107155551623658,16.929092236319416,19.946077879430376,10.299056630963953,0.9490209154800396,0.13248161358519983,0.3635938376119775
2.0714455516236576,17.00439223631942,19.906377879430377,10.525196630963954,1.0140209154800397,0.05649361358519983,0.3159868376119775
2.035745551623658,16.968692236319416,19.906377879430377,10.751326630963954,1.0900109154800397,0.09128361358519982,0.3361288376119775
2.0714455516236576,16.778292236319416,19.906377879430377,10.751326630963954,1.1019109154800395,0.03322838641480019,0.3361288376119775
2.0714455516236576,16.742592236319418,19.799277879430377,10.711656630963954,1.0433209154800398,0.046961386414800244,0.3031698376119775
2.2896555516236576,16.66719223631942,19.652477879430375,10.787036630963954,1.0607109154800396,0.09769161358519979,0.3764118376119775
2.2896555516236576,16.66719223631942,19.652477879430375,10.787036630963954,1.0607109154800396,0.09769161358519979,0.3764118376119775
2.182535551623658,16.702892236319418,19.759577879430378,10.787036630963954,1.0552209154800396,0.30551661358519977,0.3031698376119775
2.142865551623658,16.66719223631942,19.577077879430377,10.937796630963954,1.1019109154800395,0.3338976135851998,0.3031698376119775
2.2539455516236577,16.62759223631942,19.616777879430376,11.128226630963955,1.0726209154800395,0.2295276135851998,0.34986183761197753
2.107155551623658,16.51649223631942,19.577077879430377,11.163926630963953,1.0314209154800396,0.2231196135851998,0.34986183761197753
2.0714455516236576,16.401392236319417,19.323177879430375,11.314686630963955,0.9838109154800397,0.18832961358519978,0.3233108376119775
2.035745551623658,16.47679223631942,19.247877879430376,11.239306630963954,0.9490209154800396,0.049168613585199805,0.34986183761197753
2.035745551623658,16.51649223631942,19.212177879430374,11.429736630963953,0.9609209154800397,0.11013238641480022,0.34986183761197753
1.9246655516236577,16.591792236319417,19.212177879430374,11.390066630963954,1.0021209154800395,0.03322838641480019,0.3297198376119775
1.9246655516236577,16.591792236319417,19.212177879430374,11.390066630963954,1.0021209154800395,0.03322838641480019,0.3297198376119775
1.8492855516236577,16.62759223631942,19.101077879430377,11.354356630963952,1.0021209154800395,0.06160938641480024,0.3159868376119775
1.9603655516236578,16.778292236319416,19.101077879430377,11.314686630963955,1.0021209154800395,0.046961386414800244,0.34986183761197753
1.9246655516236577,16.929092236319416,19.101077879430377,11.163926630963953,0.9728209154800397,0.08395861358519979,0.3233108376119775
1.7778755516236577,16.853692236319418,19.140677879430378,11.013166630963955,0.9664209154800397,0.20938661358519983,0.3635938376119775
1.8492855516236577,16.81799223631942,18.993977879430375,10.902086630963954,0.9371209154800396,0.11874861358519984,0.3562698376119775
1.6667855516236576,16.778292236319416,18.882877879430374,10.787036630963954,0.9426109154800396,0.0015616135851997948,0.30957783761197755
1.5953755516236576,16.853692236319418,18.847177879430376,10.675946630963953,0.9957109154800395,0.005762386414800202,0.34345283761197754
1.4485855516236577,16.893392236319418,18.847177879430376,10.600576630963953,1.0552209154800396,0.06381761358519983,0.3361288376119775
1.4485855516236577,16.893392236319418,18.847177879430376,10.600576630963953,1.0552209154800396,0.06381761358519983,0.3361288376119775
1.4485855516236577,17.00439223631942,18.807477879430376,10.485526630963953,1.0195209154800398,0.1260736135851998,0.2894368376119775
1.4842955516236576,17.381292236319418,18.736077879430376,10.485526630963953,0.9545109154800396,0.2231196135851998,0.3297198376119775
1.3732055516236576,17.567792236319416,18.847177879430376,10.525196630963954,1.0021209154800395,0.30551661358519977,0.3159868376119775
1.3017955516236577,17.758192236319417,18.847177879430376,10.560896630963953,1.0726209154800395,0.4025626135851998,0.3828208376119775
1.3732055516236576,17.718592236319417,18.882877879430374,10.449816630963953,1.0781109154800395,0.3613636135851998,0.3233108376119775
1.5199955516236576,17.718592236319417,18.736077879430376,10.410146630963954,1.0195209154800398,0.2716426135851998,0.3361288376119775
1.2621255516236576,17.758192236319417,18.771777879430378,10.449816630963953,0.9728209154800397,0.3265736135851998,0.3361288376119775
1.1153345516236577,17.718592236319417,18.736077879430376,10.410146630963954,0.9664209154800397,0.3265736135851998,0.3233108376119775
1.1510395516236578,17.64319223631942,18.736077879430376,10.525196630963954,0.9902209154800395,0.3338976135851998,0.3562698376119775
1.1153345516236577,17.45669223631942,18.700377879430377,10.525196630963954,1.0140209154800397,0.2716426135851998,0.3361288376119775
1.1510395516236578,17.30599223631942,18.807477879430376,10.449816630963953,1.0552209154800396,0.3686881135851998,0.3297198376119775
1.2264155516236577,17.04409223631942,18.882877879430374,10.525196630963954,1.0900109154800397,0.5279898135851998,0.30957783761197755
1.1153345516236577,16.929092236319416,18.954277879430375,10.525196630963954,1.0781109154800395,0.3961539135851998,0.34345283761197754
1.1907125516236576,16.742592236319418,19.065377879430375,10.600576630963953,1.0314209154800396,0.049168613585199805,0.30957783761197755
1.1907125516236576,16.552192236319417,19.065377879430375,10.636276630963954,0.9664209154800397,0.08175138641480023,0.34345283761197754
1.0042505516236577,16.401392236319417,19.101077879430377,10.560896630963953,0.9252209154800396,0.07022661358519983,0.34345283761197754
1.0796285516236577,16.175292236319418,19.101077879430377,10.410146630963954,0.9426109154800396,0.07022661358519983,0.30957783761197755
1.2264155516236577,15.722992236319417,19.247877879430376,10.223676630963954,1.1138209154800398,0.26943438641480016,0.34986183761197753
1.3732055516236576,15.722992236319417,19.323177879430375,10.223676630963954,1.1788209154800398,0.24837738641480017,0.3233108376119775
1.4485855516236577,15.722992236319417,19.283577879430375,10.223676630963954,1.1376209154800399,0.05428538641480024,0.34986183761197753
1.4842955516236576,15.611892236319417,19.323177879430375,10.148306630963955,0.9957109154800395,0.07755061358519982,0.30957783761197755
1.6310855516236578,15.425492236319418,19.394677879430375,10.037216630963954,0.9197209154800395,0.0015616135851997948,0.3159868376119775
1.6310855516236578,15.385792236319418,19.430377879430377,10.184006630963953,0.9902209154800395,0.06801838641480024,0.34345283761197754
1.7421655516236576,15.611892236319417,19.469977879430377,10.334766630963953,1.1074109154800396,0.026819386414800195,0.2958448376119775
1.7778755516236577,15.798392236319419,19.505677879430376,10.374436630963952,1.1962109154800395,0.042760613585199836,0.34986183761197753
1.9603655516236578,15.94909223631942,19.358877879430377,10.334766630963953,1.1843109154800397,0.06381761358519983,0.3361288376119775
1.9603655516236578,15.94909223631942,19.358877879430377,10.334766630963953,1.1843109154800397,0.06381761358519983,0.3361288376119775
2.0714455516236576,16.064192236319418,19.394677879430375,10.259386630963952,1.1486109154800395,0.16727161358519982,0.30957783761197755
2.035745551623658,16.32599223631942,19.394677879430375,10.259386630963952,1.1019109154800395,0.29910761358519977,0.3361288376119775
1.9960755516236577,16.51649223631942,19.358877879430377,10.449816630963953,1.0662109154800397,0.4098868135851998,0.3361288376119775
1.9960755516236577,16.552192236319417,19.283577879430375,10.636276630963954,1.0845209154800397,0.3128406135851998,0.3031698376119775
2.218235551623658,16.441092236319417,19.140677879430378,10.600576630963953,1.0845209154800397,0.2231196135851998,0.34345283761197754
2.218235551623658,16.441092236319417,19.140677879430378,10.600576630963953,1.0845209154800397,0.2231196135851998,0.34345283761197754
2.0714455516236576,16.66719223631942,18.847177879430376,10.636276630963954,1.0433209154800398,0.5133414135851998,0.34345283761197754
2.035745551623658,16.853692236319418,18.807477879430376,10.751326630963954,1.0314209154800396,0.3961539135851998,0.3635938376119775
2.035745551623658,16.968692236319416,18.807477879430376,10.826706630963955,1.0900109154800397,0.29910761358519977,0.27570383761197753
1.9603655516236578,17.04409223631942,18.954277879430375,10.787036630963954,1.1138209154800398,0.3338976135851998,0.3635938376119775
1.9603655516236578,17.079792236319417,18.847177879430376,10.862416630963953,1.0781109154800395,0.5554556135851998,0.3361288376119775
1.9246655516236577,17.04409223631942,18.882877879430374,10.787036630963954,1.0314209154800396,0.6103876135851998,0.2958448376119775
1.8135755516236576,17.079792236319417,18.664677879430375,10.711656630963954,0.9957109154800395,0.3403066135851998,0.3965528376119775
1.8492855516236577,17.079792236319417,18.700377879430377,10.675946630963953,1.0076109154800394,0.09769161358519979,0.30957783761197755
1.8492855516236577,17.079792236319417,18.700377879430377,10.675946630963953,1.0076109154800394,0.09769161358519979,0.30957783761197755
1.7024955516236577,17.079792236319417,18.553577879430375,10.636276630963954,1.0607109154800396,0.1398066135851998,0.3159868376119775
1.5953755516236576,17.00439223631942,18.331377879430377,10.525196630963954,1.0662109154800397,0.2643176135851998,0.34986183761197753
1.6667855516236576,16.778292236319416,18.295677879430375,10.374436630963952,1.0607109154800396,0.18832961358519978,0.2958448376119775
1.5557055516236578,16.591792236319417,18.406777879430376,10.374436630963952,1.0314209154800396,0.06381761358519983,0.34986183761197753
1.4842955516236576,16.401392236319417,18.442477879430378,10.449816630963953,1.0140209154800397,0.007970613585199793,0.34986183761197753
1.4485855516236577,16.214992236319418,18.478177879430376,10.374436630963952,0.9957109154800395,0.1260736135851998,0.30957783761197755
1.4842955516236576,16.099892236319416,18.371077879430377,10.299056630963953,0.9316309154800396,0.2020616135851998,0.3965528376119775
1.4842955516236576,16.099892236319416,18.371077879430377,10.299056630963953,0.9316309154800396,0.2020616135851998,0.3965528376119775
1.6310855516236578,15.838092236319419,18.517877879430376,9.997546630963953,1.0314209154800396,0.042760613585199836,0.30957783761197755
1.7421655516236576,15.687292236319418,18.517877879430376,10.112596630963953,1.1605109154800397,0.10501661358519981,0.3297198376119775
1.7421655516236576,15.687292236319418,18.517877879430376,10.112596630963953,1.1605109154800397,0.10501661358519981,0.3297198376119775
1.7024955516236577,15.576192236319418,18.589277879430377,10.184006630963953,1.1669209154800395,0.2716426135851998,0.34986183761197753
1.8492855516236577,15.425492236319418,18.664677879430375,10.184006630963953,1.1074109154800396,0.2853746135851998,0.3361288376119775
1.8889555516236576,15.425492236319418,18.771777879430378,10.148306630963955,1.0781109154800395,0.2853746135851998,0.3159868376119775
1.9603655516236578,15.385792236319418,18.700377879430377,10.184006630963953,1.0726209154800395,0.3128406135851998,0.3297198376119775
1.8492855516236577,15.500792236319416,18.517877879430376,10.299056630963953,1.0781109154800395,0.3476306135851998,0.3562698376119775
1.9246655516236577,15.500792236319416,18.589277879430377,10.259386630963952,1.1257209154800396,0.3540396135851998,0.2958448376119775
2.107155551623658,15.611892236319417,18.553577879430375,10.184006630963953,1.1312109154800396,0.3265736135851998,0.34986183761197753
2.142865551623658,15.762692236319417,18.517877879430376,10.259386630963952,1.1019109154800395,0.2853746135851998,0.3361288376119775
2.182535551623658,16.024492236319418,18.478177879430376,10.334766630963953,1.0900109154800397,0.3686881135851998,0.2894368376119775
2.182535551623658,16.290292236319416,18.589277879430377,10.410146630963954,1.0781109154800395,0.5417227135851999,0.3297198376119775
2.107155551623658,15.873792236319417,18.517877879430376,10.410146630963954,1.0314209154800396,0.4309439135851998,0.3361288376119775
2.107155551623658,15.798392236319419,18.442477879430378,10.374436630963952,1.0433209154800398,0.43735261358519983,0.3700028376119775
2.142865551623658,15.798392236319419,18.406777879430376,10.600576630963953,1.0726209154800395,0.5554556135851998,0.34986183761197753
2.142865551623658,16.024492236319418,18.295677879430375,10.600576630963953,1.1138209154800398,0.5206656135851998,0.2958448376119775
2.142865551623658,16.175292236319418,18.259977879430377,10.675946630963953,1.1312109154800396,0.18832961358519978,0.3635938376119775
2.142865551623658,16.250692236319416,18.188577879430376,10.675946630963953,1.0726209154800395,0.040552386414800135,0.3159868376119775
2.035745551623658,16.32599223631942,18.224277879430375,10.636276630963954,0.9957109154800395,0.14621461358519983,0.3031698376119775
1.9603655516236578,16.214992236319418,18.259977879430377,10.560896630963953,0.9316309154800396,0.4794669135851998,0.3635938376119775
2.035745551623658,16.099892236319416,18.259977879430377,10.449816630963953,0.9490209154800396,0.4931998135851998,0.3233108376119775
2.142865551623658,16.024492236319418,18.259977879430377,10.374436630963952,1.0140209154800397,0.2917836135851998,0.3233108376119775
2.142865551623658,16.064192236319418,18.259977879430377,10.299056630963953,1.0845209154800397,0.07755061358519982,0.34986183761197753
1.9960755516236577,16.024492236319418,18.041777879430377,10.299056630963953,1.1074109154800396,0.11234061358519981,0.3233108376119775
1.9960755516236577,16.024492236319418,18.041777879430377,10.299056630963953,1.1074109154800396,0.11234061358519981,0.3233108376119775
2.0714455516236576,16.064192236319418,17.894977879430375,10.259386630963952,1.0314209154800396,0.18100461358519981,0.34345283761197754
2.0714455516236576,15.98879223631942,17.966377879430375,10.148306630963955,0.9252209154800396,0.07022661358519983,0.34345283761197754
2.0714455516236576,15.838092236319419,18.188577879430376,10.148306630963955,0.9014109154800397,0.040552386414800135,0.30957783761197755
1.9246655516236577,15.500792236319416,18.188577879430376,10.259386630963952,0.9545109154800396,0.10501661358519981,0.30957783761197755
1.7778755516236577,15.199292236319419,18.148877879430376,10.223676630963954,1.0607109154800396,0.3613636135851998,0.3700028376119775
1.6310855516236578,14.973192236319417,18.188577879430376,10.184006630963953,1.1312109154800396,0.4584097535851998,0.3297198376119775
1.6310855516236578,14.822392236319416,18.224277879430375,10.072926630963954,1.1724109154800395,0.4309439135851998,0.3361288376119775
1.5953755516236576,14.858092236319418,18.188577879430376,10.112596630963953,1.1550109154800396,0.3961539135851998,0.30957783761197755
1.5199955516236576,14.933492236319417,18.188577879430376,10.148306630963955,1.1431109154800398,0.3686881135851998,0.2894368376119775
1.3017955516236577,14.858092236319418,18.148877879430376,10.148306630963955,1.0964209154800395,0.3540396135851998,0.34986183761197753
1.2621255516236576,14.63199223631942,18.113177879430378,10.299056630963953,1.0900109154800397,0.2853746135851998,0.3031698376119775
1.1510395516236578,14.48119223631942,18.224277879430375,10.223676630963954,1.0964209154800395,0.2643176135851998,0.34345283761197754
1.2264155516236577,14.48119223631942,18.148877879430376,10.112596630963953,1.1074109154800396,0.4236197135851998,0.3297198376119775
1.1907125516236576,14.48119223631942,18.188577879430376,10.072926630963954,1.1376209154800399,0.6451776135851999,0.30957783761197755
1.1510395516236578,14.556592236319418,18.041777879430377,10.037216630963954,1.1550109154800396,0.6937006135851997,0.2958448376119775
1.0796285516236577,14.973192236319417,17.966377879430375,10.148306630963955,1.1376209154800399,0.6103876135851998,0.3297198376119775
1.0796285516236577,15.35009223631942,17.930677879430377,10.112596630963953,1.0726209154800395,0.3338976135851998,0.2894368376119775
1.1510395516236578,15.536492236319418,18.041777879430377,10.184006630963953,1.0433209154800398,0.3824210135851998,0.3700028376119775
1.1907125516236576,15.611892236319417,18.002077879430377,10.223676630963954,0.9957109154800395,0.5691886135851998,0.34345283761197754
1.2264155516236577,15.461192236319416,17.966377879430375,10.184006630963953,0.9783209154800397,0.6726436135851999,0.3159868376119775
1.1510395516236578,15.199292236319419,17.894977879430375,10.148306630963955,1.0021209154800395,0.6387686135851998,0.3361288376119775
1.1153345516236577,15.123892236319417,17.783877879430378,10.148306630963955,1.1019109154800395,0.4584097535851998,0.3297198376119775
1.1153345516236577,15.234992236319417,17.748177879430376,10.148306630963955,1.1724109154800395,0.2505846135851998,0.2894368376119775
1.1153345516236577,15.461192236319416,17.637077879430375,10.112596630963953,1.1669209154800395,0.2505846135851998,0.34986183761197753
1.1907125516236576,15.576192236319418,17.637077879430375,9.961836630963955,1.0845209154800397,0.3686881135851998,0.30957783761197755
1.3732055516236576,15.647592236319419,17.672877879430377,9.811086630963953,1.0314209154800396,0.4098868135851998,0.3031698376119775
1.4485855516236577,15.536492236319418,17.783877879430378,9.771406630963954,1.0250109154800398,0.2716426135851998,0.34986183761197753
1.5199955516236576,15.687292236319418,17.894977879430375,9.771406630963954,1.0433209154800398,0.1947376135851998,0.3159868376119775
1.5557055516236578,15.762692236319417,17.966377879430375,9.771406630963954,1.0314209154800396,0.2295276135851998,0.3764118376119775
1.9603655516236578,15.687292236319418,17.930677879430377,9.509566630963953,0.9133109154800397,0.2295276135851998,0.3159868376119775
1.9603655516236578,15.687292236319418,17.930677879430377,9.509566630963953,0.9133109154800397,0.2295276135851998,0.3159868376119775
2.107155551623658,15.611892236319417,17.819577879430376,9.358816630963954,0.9371209154800396,0.18100461358519981,0.34986183761197753
2.182535551623658,15.687292236319418,17.855277879430375,9.358816630963954,1.0195209154800398,0.09128361358519982,0.34986183761197753
2.182535551623658,15.576192236319418,17.855277879430375,9.509566630963953,1.1138209154800398,0.09128361358519982,0.30957783761197755
2.218235551623658,15.385792236319418,17.855277879430375,9.545276630963954,1.0845209154800397,0.18832961358519978,0.34345283761197754
2.2539455516236577,15.199292236319419,17.966377879430375,9.469896630963953,1.0607109154800396,0.3201656135851998,0.34345283761197754
2.3293255516236577,14.933492236319417,17.930677879430377,9.469896630963953,1.0488109154800398,0.5206656135851998,0.3031698376119775
2.3650255516236576,14.858092236319418,17.966377879430375,9.434186630963953,1.0845209154800397,0.6250356135851998,0.34986183761197753
2.2896555516236576,14.782792236319416,17.855277879430375,9.545276630963954,1.1312109154800396,0.5133414135851998,0.3159868376119775
2.3293255516236577,14.822392236319416,17.748177879430376,9.660326630963954,1.1605109154800397,0.3403066135851998,0.30957783761197755
2.2539455516236577,14.747092236319418,17.783877879430378,9.660326630963954,1.1550109154800396,0.2780506135851998,0.34986183761197753
2.2539455516236577,14.556592236319418,17.712477879430377,9.584946630963953,1.1019109154800395,0.3961539135851998,0.3159868376119775
2.182535551623658,14.370192236319419,17.637077879430375,9.584946630963953,1.0314209154800396,0.5481314135851998,0.2958448376119775
2.0714455516236576,14.255092236319417,17.565677879430375,9.660326630963954,1.0369109154800396,0.5765126135851998,0.3635938376119775
1.8889555516236576,14.48119223631942,17.526077879430375,9.735706630963954,1.1193109154800398,0.4648184475851998,0.3159868376119775
1.8889555516236576,14.63199223631942,17.379277879430376,9.811086630963953,1.1486109154800395,0.3686881135851998,0.3361288376119775
1.7024955516236577,14.858092236319418,17.379277879430376,9.735706630963954,1.1312109154800396,0.4025626135851998,0.34986183761197753
1.6310855516236578,15.159692236319419,17.236477879430375,9.811086630963953,1.0781109154800395,0.6177116135851998,0.3031698376119775
1.5953755516236576,15.084292236319417,17.161077879430376,9.771406630963954,1.0076109154800394,0.7770136135851998,0.3635938376119775
1.4089155516236576,14.933492236319417,17.272177879430377,9.811086630963953,0.9902209154800395,0.7147576135851998,0.3233108376119775
1.3375055516236576,14.707392236319418,17.272177879430377,9.922166630963954,1.0314209154800396,0.6387686135851998,0.3031698376119775
1.1907125516236576,14.747092236319418,17.196777879430375,9.922166630963954,1.0781109154800395,0.5902456135851998,0.3700028376119775
1.0796285516236577,14.747092236319418,17.196777879430375,9.846786630963955,1.0433209154800398,0.4236197135851998,0.34345283761197754
1.0439235516236578,14.973192236319417,17.014277879430377,9.771406630963954,1.0250109154800398,0.3265736135851998,0.2958448376119775
1.0439235516236578,15.084292236319417,17.049977879430376,9.696036630963953,1.0140209154800397,0.2780506135851998,0.34986183761197753
1.0796285516236577,15.159692236319419,17.125377879430378,9.584946630963953,1.0250109154800398,0.29910761358519977,0.30957783761197755
1.0796285516236577,15.159692236319419,17.125377879430378,9.584946630963953,1.0250109154800398,0.29910761358519977,0.30957783761197755
1.1510395516236578,15.199292236319419,17.161077879430376,9.620656630963953,1.0488109154800398,0.3338976135851998,0.3297198376119775
1.1510395516236578,15.008892236319419,17.196777879430375,9.620656630963953,1.0607109154800396,0.3824210135851998,0.3700028376119775
1.1153345516236577,14.933492236319417,17.236477879430375,9.509566630963953,1.0076109154800394,0.4794669135851998,0.34345283761197754
1.2264155516236577,14.973192236319417,17.272177879430377,9.434186630963953,0.9490209154800396,0.4858756135851998,0.3764118376119775
1.4089155516236576,15.048592236319418,17.307877879430375,9.469896630963953,0.9133109154800397,0.3613636135851998,0.3635938376119775
1.5557055516236578,15.048592236319418,17.343577879430377,9.394516630963953,0.9371209154800396,0.2157946135851998,0.30957783761197755
1.8492855516236577,14.782792236319416,17.454677879430378,9.434186630963953,1.0314209154800396,0.1260736135851998,0.34345283761197754
1.9960755516236577,14.48119223631942,17.672877879430377,9.394516630963953,1.1019109154800395,0.1745966135851998,0.3159868376119775
2.0714455516236576,14.255092236319417,17.819577879430376,9.358816630963954,1.1376209154800399,0.3476306135851998,0.34986183761197753
2.182535551623658,13.917892236319418,17.966377879430375,9.319136630963953,1.1669209154800395,0.5618643135851998,0.3031698376119775
2.182535551623658,13.917892236319418,17.966377879430375,9.319136630963953,1.1669209154800395,0.5618643135851998,0.3031698376119775
2.3293255516236577,13.806792236319417,17.966377879430375,9.394516630963953,1.1898009154800397,0.5618643135851998,0.3562698376119775
2.3293255516236577,13.917892236319418,17.894977879430375,9.545276630963954,1.1724109154800395,0.44467681358519984,0.3031698376119775
2.4007355516236575,13.882192236319419,17.966377879430375,9.620656630963953,1.1486109154800395,0.2505846135851998,0.30957783761197755
2.4761155516236575,13.767092236319417,17.894977879430375,9.620656630963953,1.0726209154800395,0.4172110135851998,0.3159868376119775
2.4007355516236575,13.767092236319417,17.855277879430375,9.620656630963953,1.1074109154800396,0.5481314135851998,0.3700028376119775
2.4007355516236575,13.767092236319417,17.855277879430375,9.620656630963953,1.1074109154800396,0.5481314135851998,0.3700028376119775
2.4007355516236575,14.179692236319418,17.819577879430376,9.735706630963954,1.2548109154800398,0.5902456135851998,0.30957783761197755
2.218235551623658,14.520892236319419,17.819577879430376,9.735706630963954,1.2493109154800397,0.5481314135851998,0.34345283761197754
2.107155551623658,14.67169223631942,17.712477879430377,9.771406630963954,1.2081109154800398,0.6662346135851998,0.30957783761197755
1.9960755516236577,14.63199223631942,17.601377879430377,9.735706630963954,1.1193109154800398,0.6799676135851997,0.3159868376119775
1.7024955516236577,14.445492236319417,17.490377879430376,9.735706630963954,1.0488109154800398,0.6662346135851998,0.30957783761197755
1.5953755516236576,14.370192236319419,17.418877879430376,9.696036630963953,1.0900109154800397,0.6314446135851999,0.3159868376119775
1.4485855516236577,14.330492236319419,17.343577879430377,9.620656630963953,1.1312109154800396,0.5829216135851998,0.3562698376119775
1.3017955516236577,14.596292236319417,17.307877879430375,9.545276630963954,1.1486109154800395,0.5966546135851998,0.3031698376119775
1.1153345516236577,14.707392236319418,17.161077879430376,9.394516630963953,1.1257209154800396,0.5206656135851998,0.3700028376119775
1.0042505516236577,14.67169223631942,17.049977879430376,9.394516630963953,1.0781109154800395,0.44467681358519984,0.3562698376119775
0.9328395516236576,14.707392236319418,17.014277879430377,9.283436630963955,1.0552209154800396,0.4648184475851998,0.3159868376119775
0.9328395516236576,14.782792236319416,16.978577879430375,9.243756630963954,1.0552209154800396,0.5133414135851998,0.3562698376119775
1.0042505516236577,14.747092236319418,16.903177879430377,9.057296630963954,1.0662109154800397,0.5343985135851999,0.34986183761197753
1.0439235516236578,14.707392236319418,16.867477879430375,8.981916630963955,1.0900109154800397,0.4025626135851998,0.2958448376119775
1.1510395516236578,14.63199223631942,16.684977879430377,8.866866630963955,1.0607109154800396,0.3888297135851998,0.3764118376119775
1.1510395516236578,14.556592236319418,16.684977879430377,8.866866630963955,1.0195209154800398,0.44467681358519984,0.3361288376119775
1.3017955516236577,14.294792236319417,16.649277879430375,8.720076630963954,0.9664209154800397,0.3540396135851998,0.3361288376119775
1.3375055516236576,14.104392236319416,16.649277879430375,8.791486630963954,0.9371209154800396,0.2569936135851998,0.3297198376119775
1.4089155516236576,13.882192236319419,16.613577879430377,8.866866630963955,0.9371209154800396,0.1608636135851998,0.3361288376119775
1.4842955516236576,13.465592236319416,16.649277879430375,8.791486630963954,1.0076109154800394,0.2917836135851998,0.3635938376119775
1.5953755516236576,13.390192236319418,16.684977879430377,8.831166630963953,1.0845209154800397,0.4098868135851998,0.3297198376119775
1.5953755516236576,13.390192236319418,16.684977879430377,8.831166630963953,1.0845209154800397,0.4098868135851998,0.3297198376119775
1.7421655516236576,13.239492236319418,16.649277879430375,8.831166630963953,1.1312109154800396,0.4931998135851998,0.3159868376119775
1.8135755516236576,13.239492236319418,16.613577879430377,8.906546630963954,1.1431109154800398,0.5765126135851998,0.3635938376119775
1.8889555516236576,13.239492236319418,16.573877879430377,9.017626630963953,1.1193109154800398,0.5902456135851998,0.3233108376119775
1.9246655516236577,13.279192236319417,16.573877879430377,9.208056630963954,1.0726209154800395,0.5618643135851998,0.3562698376119775
1.9246655516236577,13.580692236319418,16.649277879430375,9.283436630963955,0.9902209154800395,0.5206656135851998,0.3635938376119775
1.9246655516236577,13.84249223631942,16.613577879430377,9.319136630963953,0.9545109154800396,0.4721426635851998,0.3297198376119775
2.0714455516236576,14.104392236319416,16.649277879430375,9.283436630963955,0.9728209154800397,0.5417227135851999,0.3764118376119775
2.035745551623658,14.370192236319419,16.684977879430377,9.243756630963954,0.9957109154800395,0.6872916135851999,0.34345283761197754
1.9960755516236577,14.143992236319416,16.720677879430376,9.208056630963954,1.0488109154800398,0.7696886135851998,0.34986183761197753
1.9603655516236578,13.957592236319417,16.613577879430377,9.208056630963954,1.1193109154800398,0.8465936135851998,0.3764118376119775
1.9603655516236578,13.731392236319419,16.649277879430375,9.243756630963954,1.1724109154800395,0.7696886135851998,0.3233108376119775
1.8135755516236576,13.882192236319419,16.649277879430375,9.208056630963954,1.1605109154800397,0.6799676135851997,0.3233108376119775
1.7778755516236577,14.104392236319416,16.613577879430377,9.319136630963953,1.1724109154800395,0.6387686135851998,0.34345283761197754
1.7421655516236576,14.179692236319418,16.573877879430377,9.319136630963953,1.1138209154800398,0.4996085135851998,0.3159868376119775
1.6667855516236576,14.255092236319417,16.720677879430376,9.319136630963953,1.0552209154800396,0.4510855135851998,0.3828208376119775
1.6667855516236576,14.219392236319418,16.684977879430377,9.243756630963954,1.0314209154800396,0.5618643135851998,0.3700028376119775
1.6667855516236576,14.255092236319417,16.796077879430378,9.168386630963955,1.0314209154800396,0.7770136135851998,0.34345283761197754
1.6667855516236576,14.255092236319417,16.796077879430378,9.168386630963955,1.0314209154800396,0.7770136135851998,0.34345283761197754
1.5953755516236576,13.957592236319417,16.720677879430376,8.791486630963954,1.1550109154800396,0.8118036135851998,0.3233108376119775
1.5953755516236576,13.957592236319417,16.720677879430376,8.791486630963954,1.1550109154800396,0.8118036135851998,0.3233108376119775
1.7024955516236577,13.917892236319418,16.466777879430374,8.644696630963953,1.1550109154800396,0.7358146135851997,0.3233108376119775
1.4842955516236576,13.882192236319419,16.427077879430374,8.644696630963953,1.1376209154800399,0.4858756135851998,0.3828208376119775
1.4485855516236577,13.731392236319419,16.244577879430377,8.644696630963953,1.0369109154800396,0.29910761358519977,0.3361288376119775
1.3732055516236576,13.505292236319416,16.097777879430375,8.680406630963954,0.9664209154800397,0.2157946135851998,0.34345283761197754
1.3017955516236577,13.20379223631942,16.244577879430377,8.493946630963954,0.9197209154800395,0.24326061358519982,0.3901448376119775
1.4089155516236576,12.977592236319417,16.208877879430375,8.529646630963954,0.9197209154800395,0.3750968135851998,0.3361288376119775
1.5199955516236576,12.902292236319418,16.284277879430377,8.529646630963954,1.0140209154800397,0.4172110135851998,0.3700028376119775
1.5199955516236576,12.902292236319418,16.284277879430377,8.529646630963954,1.0140209154800397,0.4172110135851998,0.3700028376119775
1.5199955516236576,12.902292236319418,16.319977879430375,8.720076630963954,1.1138209154800398,0.5691886135851998,0.34986183761197753
1.5557055516236578,12.711792236319418,16.284277879430377,8.831166630963953,1.0845209154800397,0.5133414135851998,0.3297198376119775
1.5953755516236576,12.676092236319416,16.355677879430377,8.866866630963955,1.0607109154800396,0.3888297135851998,0.3764118376119775
1.4842955516236576,12.751492236319418,16.319977879430375,8.981916630963955,1.0607109154800396,0.3265736135851998,0.3233108376119775
1.5953755516236576,12.862592236319419,16.391377879430376,8.942246630963954,1.0662109154800397,0.3613636135851998,0.3297198376119775
1.7024955516236577,13.088692236319417,16.466777879430374,8.831166630963953,1.0552209154800396,0.3476306135851998,0.3635938376119775
1.9246655516236577,13.20379223631942,16.502477879430376,8.644696630963953,1.0662109154800397,0.4648184475851998,0.3297198376119775
2.142865551623658,13.239492236319418,16.649277879430375,8.529646630963954,1.0964209154800395,0.6799676135851997,0.34345283761197754
2.035745551623658,13.088692236319417,16.684977879430377,8.418566630963953,1.0964209154800395,0.8182116135851998,0.3562698376119775
2.2896555516236576,13.013392236319419,16.720677879430376,8.529646630963954,1.0662109154800397,0.8530016135851999,0.3361288376119775
2.182535551623658,12.977592236319417,16.720677879430376,8.644696630963953,1.0140209154800397,0.6937006135851997,0.3764118376119775
2.0714455516236576,12.937992236319417,16.760377879430376,8.680406630963954,1.0076109154800394,0.4584097535851998,0.3361288376119775
1.8889555516236576,13.088692236319417,16.760377879430376,8.720076630963954,1.0369109154800396,0.3338976135851998,0.3159868376119775
2.035745551623658,13.239492236319418,16.684977879430377,8.866866630963955,1.0607109154800396,0.3265736135851998,0.34345283761197754
1.9603655516236578,13.429892236319418,16.796077879430378,8.791486630963954,1.1138209154800398,0.4236197135851998,0.3233108376119775
1.8135755516236576,13.279192236319417,16.796077879430378,8.680406630963954,1.2017109154800396,0.6177116135851998,0.3361288376119775
1.8889555516236576,13.16409223631942,16.684977879430377,8.680406630963954,1.2786109154800398,0.8044786135851998,0.3562698376119775
1.9960755516236577,13.16409223631942,16.796077879430378,8.605026630963954,1.2786109154800398,0.9363146135851999,0.30957783761197755
1.8889555516236576,13.279192236319417,16.720677879430376,8.605026630963954,1.2493109154800397,0.9711046135851997,0.3233108376119775
1.9246655516236577,13.390192236319418,16.573877879430377,8.644696630963953,1.1898009154800397,0.9015246135851998,0.3297198376119775
1.8889555516236576,13.314892236319416,16.538177879430375,8.644696630963953,1.0964209154800395,0.6589106135851999,0.3297198376119775
1.8135755516236576,13.279192236319417,16.319977879430375,8.529646630963954,1.0140209154800397,0.4858756135851998,0.3297198376119775
1.7421655516236576,13.16409223631942,16.097777879430375,8.493946630963954,0.9728209154800397,0.4098868135851998,0.3700028376119775
1.6667855516236576,12.902292236319418,16.062077879430376,8.454276630963953,1.0195209154800398,0.4931998135851998,0.3297198376119775
1.5557055516236578,12.565092236319419,16.026377879430378,8.267806630963953,1.0900109154800397,0.5829216135851998,0.34986183761197753
1.6310855516236578,12.374592236319419,15.843877879430377,8.192426630963954,1.1605109154800397,0.6872916135851999,0.3297198376119775
1.6667855516236576,12.374592236319419,15.732877879430376,8.192426630963954,1.1788209154800398,0.7211656135851998,0.3159868376119775
1.3732055516236576,12.449992236319417,15.661377879430376,8.228136630963954,1.1550109154800396,0.7770136135851998,0.3700028376119775
1.3375055516236576,12.52539223631942,15.621777879430375,8.228136630963954,1.1138209154800398,0.8319446135851998,0.3562698376119775
1.3375055516236576,12.565092236319419,15.621777879430375,8.228136630963954,1.0250109154800398,0.6799676135851997,0.3233108376119775
1.1510395516236578,12.676092236319416,15.621777879430375,8.117056630963953,0.9316309154800396,0.4858756135851998,0.3764118376119775
1.1510395516236578,13.052992236319419,15.514577879430377,8.117056630963953,0.9197209154800395,0.4931998135851998,0.3159868376119775
1.2264155516236577,13.465592236319416,15.586077879430377,8.001996630963953,0.9545109154800396,0.5829216135851998,0.3159868376119775
1.1153345516236577,13.540992236319418,15.621777879430375,7.740156630963954,0.9783209154800397,0.6799676135851997,0.3700028376119775
1.1510395516236578,13.390192236319418,15.514577879430377,7.589406630963953,0.9957109154800395,0.6314446135851999,0.3159868376119775
1.1907125516236576,13.128392236319417,15.474977879430377,7.474356630963953,1.0021209154800395,0.6799676135851997,0.3233108376119775
0.9685445516236577,12.826892236319416,15.550377879430375,7.363266630963954,1.0021209154800395,0.7770136135851998,0.3635938376119775
1.0042505516236577,12.902292236319418,15.514577879430377,7.438646630963953,0.9902209154800395,0.7010246135851999,0.30957783761197755
1.0042505516236577,12.787192236319417,15.586077879430377,7.363266630963954,0.9783209154800397,0.44467681358519984,0.34345283761197754
0.8971335516236578,12.937992236319417,15.697077879430378,7.327566630963954,0.9838109154800397,0.16727161358519982,0.3361288376119775
1.0042505516236577,13.128392236319417,15.768577879430374,7.474356630963953,0.9783209154800397,0.10501661358519981,0.34345283761197754
1.0796285516236577,13.16409223631942,15.951077879430375,7.398976630963954,0.9664209154800397,0.3128406135851998,0.3700028376119775
1.0796285516236577,13.16409223631942,15.951077879430375,7.398976630963954,0.9664209154800397,0.3128406135851998,0.3700028376119775
1.1510395516236578,13.052992236319419,16.173177879430376,7.363266630963954,0.9783209154800397,0.5069327135851998,0.3297198376119775
1.3732055516236576,12.826892236319416,16.208877879430375,7.137136630963953,1.0369109154800396,0.6799676135851997,0.30957783761197755
1.4089155516236576,12.711792236319418,16.355677879430377,7.061756630963954,1.1312109154800396,0.8319446135851998,0.3233108376119775
1.4485855516236577,12.826892236319416,16.319977879430375,6.835616630963953,1.1898009154800397,0.8392696135851998,0.34986183761197753
1.6310855516236578,12.751492236319418,16.244577879430377,6.875296630963954,1.2310009154800396,0.7284906135851998,0.30957783761197755
1.6310855516236578,12.600792236319418,16.137477879430374,6.875296630963954,1.1962109154800395,0.4931998135851998,0.3361288376119775
1.6667855516236576,12.374592236319419,16.062077879430376,6.875296630963954,1.1486109154800395,0.30551661358519977,0.30957783761197755
1.7778755516236577,12.223892236319418,15.951077879430375,6.986376630963953,1.0900109154800397,0.3128406135851998,0.2958448376119775
1.7778755516236577,12.188192236319416,15.951077879430375,7.026046630963954,1.0552209154800396,0.3686881135851998,0.34986183761197753
1.8135755516236576,12.037392236319416,16.097777879430375,6.986376630963953,1.0369109154800396,0.4172110135851998,0.3159868376119775
2.0714455516236576,11.84699223631942,16.062077879430376,7.061756630963954,1.0433209154800398,0.5554556135851998,0.3159868376119775
2.182535551623658,11.696192236319419,16.244577879430377,7.252186630963953,1.0552209154800396,0.7284906135851998,0.3764118376119775
2.218235551623658,11.88659223631942,16.355677879430377,7.176806630963954,1.0845209154800397,0.9015246135851998,0.30957783761197755
2.4007355516236575,11.961992236319418,16.355677879430377,7.287886630963953,1.1550109154800396,0.9848376135851997,0.3297198376119775
2.2539455516236577,12.148492236319417,16.319977879430375,7.252186630963953,1.2136109154800399,0.7980706135851998,0.34345283761197754
2.0714455516236576,12.52539223631942,16.284277879430377,7.363266630963954,1.2017109154800396,0.4648184475851998,0.2894368376119775
1.9960755516236577,12.902292236319418,16.173177879430376,7.398976630963954,1.1788209154800398,0.3540396135851998,0.3700028376119775
1.7778755516236577,13.128392236319417,16.137477879430374,7.398976630963954,1.1193109154800398,0.4996085135851998,0.3233108376119775
1.6667855516236576,13.013392236319419,16.026377879430378,7.252186630963953,1.0433209154800398,0.6726436135851999,0.30957783761197755
1.4842955516236576,12.338892236319417,15.697077879430378,7.101426630963953,1.0433209154800398,0.9985706135851997,0.3562698376119775
1.3017955516236577,12.299192236319417,15.621777879430375,7.026046630963954,1.0662109154800397,0.9985706135851997,0.3361288376119775
1.0439235516236578,12.374592236319419,15.332177879430375,7.026046630963954,1.0314209154800396,0.6314446135851999,0.3159868376119775
0.7106715516236577,12.862592236319419,15.332177879430375,7.287886630963953,0.9728209154800397,0.43735261358519983,0.3361288376119775
0.7106715516236577,12.826892236319416,15.403577879430376,7.287886630963953,0.9664209154800397,0.4648184475851998,0.30957783761197755
0.7503445516236578,12.787192236319417,15.256777879430377,7.176806630963954,1.0195209154800398,0.5902456135851998,0.3159868376119775
0.9328395516236576,12.565092236319419,15.292477879430376,6.986376630963953,1.0781109154800395,0.7907466135851998,0.34345283761197754
1.0042505516236577,12.414292236319419,15.221077879430375,6.7999166309639545,1.1486109154800395,0.9500476135851998,0.28302783761197753
1.1153345516236577,12.263492236319419,15.038577879430377,6.6491566309639545,1.1669209154800395,0.9289906135851997,0.28302783761197753
1.2621255516236576,12.112792236319418,14.963177879430376,6.724536630963954,1.1074109154800396,0.6387686135851998,0.34986183761197753
1.3375055516236576,11.997692236319416,14.927477879430377,6.684866630963954,1.0140209154800397,0.4584097535851998,0.30957783761197755
1.2621255516236576,11.811292236319417,14.891777879430375,6.724536630963954,0.9426109154800396,0.4584097535851998,0.3233108376119775
1.4089155516236576,11.585092236319419,14.927477879430377,6.724536630963954,0.8904309154800397,0.3824210135851998,0.3297198376119775
1.5953755516236576,11.358992236319416,14.998877879430378,6.684866630963954,0.8492309154800396,0.2505846135851998,0.3031698376119775
1.8135755516236576,11.243892236319418,15.145677879430377,6.724536630963954,0.9014109154800397,0.2295276135851998,0.3159868376119775
1.8492855516236577,11.132892236319417,15.292477879430376,6.724536630963954,0.9728209154800397,0.3961539135851998,0.34986183761197753
1.9603655516236578,11.097192236319419,15.256777879430377,6.6491566309639545,1.0433209154800398,0.6039786135851998,0.28302783761197753
2.182535551623658,11.097192236319419,15.332177879430375,6.5738266309639535,1.1312109154800396,0.6387686135851998,0.3297198376119775
2.182535551623658,11.660492236319417,15.403577879430376,6.6491566309639545,1.1486109154800395,0.6103876135851998,0.26929483761197753
2.182535551623658,12.037392236319416,15.439277879430374,6.7999166309639545,1.1431109154800398,0.6039786135851998,0.2491538376119775
2.182535551623658,12.037392236319416,15.439277879430374,6.7999166309639545,1.1431109154800398,0.6039786135851998,0.2491538376119775
1.9960755516236577,12.299192236319417,15.586077879430377,6.6491566309639545,1.0607109154800396,0.6177116135851998,0.25556183761197754
1.9960755516236577,11.997692236319416,15.514577879430377,6.6094866309639535,0.9316309154800396,0.8044786135851998,0.28302783761197753
1.9246655516236577,11.88659223631942,15.439277879430374,6.498426630963953,0.9545109154800396,0.8392696135851998,0.28302783761197753
1.6310855516236578,11.771592236319417,15.367877879430377,6.498426630963953,1.0314209154800396,0.7843376135851998,0.23542083761197752
1.6310855516236578,11.771592236319417,15.367877879430377,6.498426630963953,1.0314209154800396,0.7843376135851998,0.23542083761197752
1.4485855516236577,11.88659223631942,15.185377879430376,6.534126630963954,1.1074109154800396,0.6799676135851997,0.23542083761197752
1.1907125516236576,12.112792236319418,15.145677879430377,6.423026630963953,1.1138209154800398,0.5133414135851998,0.22260283761197752
1.0439235516236578,12.263492236319419,14.963177879430376,6.383326630963953,1.0781109154800395,0.5279898135851998,0.2024618376119775
0.7860495516236576,12.148492236319417,14.891777879430375,6.272226630963953,1.0552209154800396,0.6525016135851998,0.23542083761197752
0.6035545516236578,12.223892236319418,14.963177879430376,6.232626630963953,1.0488109154800398,0.8319446135851998,0.21527883761197752
0.6035545516236578,12.148492236319417,14.927477879430377,6.1572266309639545,1.0726209154800395,0.9436396135851999,0.1887288376119775
0.4924705516236577,12.037392236319416,14.780677879430375,6.046126630963954,1.0900109154800397,0.9921626135851997,0.22260283761197752
0.5281765516236577,11.811292236319417,14.709277879430378,5.935026630963954,1.0900109154800397,0.9637806135851998,0.1685868376119775
0.5281765516236577,11.660492236319417,14.562477879430375,5.895326630963954,1.0488109154800398,0.8877916135851998,0.1685868376119775
0.5281765516236577,11.660492236319417,14.562477879430375,5.895326630963954,1.0488109154800398,0.8877916135851998,0.1685868376119775
0.6392605516236578,11.509792236319417,14.598177879430377,5.895326630963954,0.9371209154800396,0.6662346135851998,0.1887288376119775
0.7503445516236578,11.319292236319416,14.562477879430375,5.970726630963954,0.9426109154800396,0.5133414135851998,0.1823198376119775
1.0042505516236577,11.021792236319417,14.633877879430376,6.006426630963954,0.9728209154800397,0.4858756135851998,0.14203663761197752
1.0796285516236577,10.946392236319419,14.669577879430378,6.006426630963954,1.0433209154800398,0.7559566135851998,0.14844533761197753
1.3017955516236577,10.644892236319418,14.816377879430377,6.046126630963954,1.0488109154800398,0.9289906135851997,0.14203663761197752
1.4485855516236577,10.870992236319417,14.816377879430377,6.196926630963954,1.0195209154800398,0.8603266135851998,0.1749958376119775
1.3375055516236576,11.243892236319418,14.856077879430376,6.307926630963953,1.0021209154800395,0.8182116135851998,0.14203663761197752
1.5557055516236578,11.771592236319417,14.856077879430376,6.534126630963954,0.9133109154800397,0.6250356135851998,0.1685868376119775
1.4485855516236577,11.585092236319419,14.856077879430376,6.5738266309639535,0.8840209154800397,0.5691886135851998,0.10175343761197753
1.4089155516236576,11.208192236319416,14.816377879430377,6.534126630963954,0.9014109154800397,0.7010246135851999,0.08802053761197752
1.2621255516236576,10.870992236319417,14.744977879430376,6.534126630963954,1.0195209154800398,0.9088496135851998,0.08161183761197752
1.3017955516236577,10.870992236319417,14.562477879430375,6.534126630963954,1.0552209154800396,0.7422236135851998,0.06787893761197752
1.2621255516236576,11.057492236319419,14.522777879430375,6.6491566309639545,1.0433209154800398,0.5069327135851998,0.08161183761197752
1.0042505516236577,11.283592236319418,14.415677879430376,6.835616630963953,0.8904309154800397,0.6662346135851998,0.09442923761197752
0.9685445516236577,11.358992236319416,14.633877879430376,6.7999166309639545,0.8016209154800397,0.7284906135851998,0.08161183761197752
1.1153345516236577,11.243892236319418,14.669577879430378,6.6491566309639545,0.7668309154800396,0.6872916135851999,0.05414603761197752
1.3732055516236576,11.16859223631942,14.780677879430375,6.4587266309639535,0.8373309154800396,0.7211656135851998,0.06787893761197752
1.2621255516236576,10.870992236319417,14.633877879430376,6.232626630963953,0.9252209154800396,0.7559566135851998,0.04773733761197752
1.3017955516236577,10.680592236319416,14.522777879430375,6.081826630963954,0.9078209154800397,0.6726436135851999,0.04773733761197752
1.3017955516236577,10.680592236319416,14.522777879430375,6.081826630963954,0.9078209154800397,0.6726436135851999,0.04773733761197752
1.2621255516236576,10.56949223631942,14.451377879430375,5.935026630963954,0.8840209154800397,0.5554556135851998,0.01477833761197752
1.3375055516236576,10.41869223631942,14.268877879430375,5.8596266309639535,0.8785209154800396,0.4172110135851998,0.019096162388022475
1.0439235516236578,10.228292236319419,14.233177879430375,5.8200266309639535,0.8428209154800396,0.4794669135851998,0.0010454376119775205
1.0796285516236577,10.117192236319418,14.340277879430378,5.593826630963953,0.8254209154800397,0.6872916135851999,0.04773733761197752
1.2621255516236576,10.117192236319418,14.268877879430375,5.633526630963953,0.7842309154800396,0.8740596135851998,0.0010454376119775205
1.4842955516236576,10.192592236319417,14.379977879430378,5.482726630963954,0.7073209154800396,0.8740596135851998,0.03400443761197752
1.5953755516236576,10.267992236319419,14.522777879430375,5.407426630963954,0.6954209154800396,0.8667346135851999,0.02759573761197752
1.6310855516236578,10.41869223631942,14.451377879430375,5.5185266309639545,0.7073209154800396,0.8465936135851998,0.03282906238802248
1.5199955516236576,10.870992236319417,14.451377879430375,5.633526630963953,0.7430309154800397,0.8118036135851998,0.03400443761197752
1.5199955516236576,11.319292236319416,14.451377879430375,5.558126630963953,0.7256309154800397,0.6451776135851999,0.007454137611977524
1.5199955516236576,11.319292236319416,14.451377879430375,5.558126630963953,0.7256309154800397,0.6451776135851999,0.007454137611977524
1.5557055516236578,11.057492236319419,14.487077879430377,5.5185266309639545,0.6542219154800396,0.5966546135851998,0.01477833761197752
1.4089155516236576,10.720292236319416,14.340277879430378,5.593826630963953,0.6542219154800396,0.7770136135851998,0.012687462388022472
1.3017955516236577,10.605192236319418,14.268877879430375,5.633526630963953,0.7137309154800396,0.9289906135851997,0.02550486238802248
1.3732055516236576,10.529792236319416,14.304577879430376,5.5185266309639545,0.7668309154800396,0.9152576135851997,0.012687462388022472
1.4089155516236576,10.605192236319418,14.233177879430375,5.5185266309639545,0.8016209154800397,0.7843376135851998,0.05297116238802248
1.4089155516236576,10.605192236319418,14.233177879430375,5.5185266309639545,0.8016209154800397,0.7843376135851998,0.05297116238802248
1.3732055516236576,10.755992236319418,14.193477879430375,5.558126630963953,0.8080309154800397,0.6662346135851998,0.059379162388022474
1.2621255516236576,11.097192236319419,14.304577879430376,5.708926630963953,0.7311309154800397,0.7147576135851998,0.005363262388022483
1.2264155516236577,11.057492236319419,14.522777879430375,5.895326630963954,0.6661209154800397,0.7770136135851998,0.012687462388022472
1.3375055516236576,10.906692236319419,14.669577879430378,5.8200266309639535,0.6542219154800396,0.7284906135851998,0.07311216238802247
1.5557055516236578,10.946392236319419,14.744977879430376,5.593826630963953,0.6661209154800397,0.6937006135851997,0.05297116238802248
1.6667855516236576,10.795592236319418,14.709277879430378,5.407426630963954,0.7430309154800397,0.7980706135851998,0.07952116238802247
1.8492855516236577,10.454492236319417,14.598177879430377,5.256626630963954,0.8666209154800396,0.8603266135851998,0.08592916238802246
1.9246655516236577,10.228292236319419,14.522777879430375,5.066226630963953,0.9014109154800397,0.7559566135851998,0.04564616238802248
2.035745551623658,10.041892236319416,14.415677879430376,5.181226630963954,0.8904309154800397,0.5554556135851998,0.09966216238802249
2.035745551623658,9.966492236319418,14.379977879430378,5.105926630963953,0.8016209154800397,0.4996085135851998,0.05297116238802248
1.9246655516236577,9.966492236319418,14.193477879430375,5.181226630963954,0.5425269154800396,0.6314446135851999,0.09966216238802249
1.9246655516236577,9.775992236319418,14.233177879430375,5.443126630963954,0.5251319154800397,0.6662346135851998,0.03923816238802248
1.8492855516236577,9.966492236319418,14.193477879430375,5.633526630963953,0.6313339154800396,0.7980706135851998,0.10607116238802249
1.7778755516236577,10.117192236319418,14.193477879430375,5.558126630963953,0.6542219154800396,0.8530016135851999,0.06578816238802247
1.7024955516236577,10.37909223631942,14.046777879430376,5.558126630963953,0.6487289154800396,0.8465936135851998,0.11339516238802248
1.1153345516236577,10.982092236319417,13.792777879430377,5.8596266309639535,0.6130229154800396,0.6726436135851999,0.10607116238802249
0.9685445516236577,10.906692236319419,13.757077879430376,5.8200266309639535,0.5370339154800396,0.6589106135851999,0.10607116238802249
0.7503445516236578,10.454492236319417,13.499277879430377,5.8200266309639535,0.4601299154800397,0.8319446135851998,0.14635416238802246
0.4924705516236577,9.966492236319418,13.169977879430377,5.744626630963953,0.47844091548003964,1.0196276135851998,0.1262131623880225
0.38138655162365775,10.117192236319418,13.058877879430376,5.744626630963953,0.5196389154800396,0.8667346135851999,0.1399461623880225
0.30997555162365775,10.37909223631942,13.098577879430376,5.895326630963954,0.5132309154800396,0.6451776135851999,0.16008716238802245
0.16318595162365773,10.41869223631942,13.169977879430377,5.935026630963954,0.4189309154800397,0.7358146135851997,0.16008716238802245
0.4170925516236577,10.343392236319417,13.463577879430376,5.8200266309639535,0.43083291548003966,0.7770136135851998,0.1738201623880225
0.5638815516236577,10.192592236319417,13.534977879430375,5.708926630963953,0.4958359154800397,0.7559566135851998,0.1335371623880225
0.7860495516236576,9.891092236319416,13.570677879430376,5.482726630963954,0.5608379154800396,0.7422236135851998,0.11980416238802248
0.9328395516236576,9.629292236319419,13.499277879430377,5.292326630963954,0.5718239154800396,0.8118036135851998,0.18663716238802247
1.1153345516236577,9.212692236319416,13.499277879430377,5.181226630963954,0.5608379154800396,0.7980706135851998,0.1399461623880225
1.2264155516236577,9.06189223631942,13.534977879430375,5.105926630963953,0.5370339154800396,0.6662346135851998,0.1738201623880225
1.4485855516236577,8.835792236319417,13.570677879430376,5.066226630963953,0.5251319154800397,0.5618643135851998,0.18663716238802247
1.4485855516236577,8.835792236319417,13.570677879430376,5.066226630963953,0.5251319154800397,0.5618643135851998,0.18663716238802247
1.4485855516236577,8.760392236319419,13.681777879430376,5.066226630963953,0.4839339154800396,0.4648184475851998,0.1335371623880225
1.5199955516236576,8.800092236319419,13.757077879430376,5.066226630963953,0.4427349154800396,0.5829216135851998,0.1664961623880225
1.6667855516236576,8.760392236319419,13.828577879430377,5.030526630963953,0.4482279154800396,0.7843376135851998,0.1939621623880225
1.8492855516236577,8.835792236319417,13.828577879430377,4.955126630963953,0.4427349154800396,0.8804676135851999,0.1335371623880225
2.035745551623658,9.06189223631942,13.864277879430377,4.879726630963953,0.4546369154800396,0.8255366135851998,0.18663716238802247
2.035745551623658,9.363492236319416,13.903877879430375,5.105926630963953,0.4894269154800397,0.7770136135851998,0.1802291623880225
2.035745551623658,9.363492236319416,13.903877879430375,5.105926630963953,0.4894269154800397,0.7770136135851998,0.1802291623880225
1.8492855516236577,10.152892236319417,13.792777879430377,5.367726630963954,0.3484359154800396,0.8118036135851998,0.18663716238802247
1.8492855516236577,10.077592236319418,13.681777879430376,5.216926630963954,0.27244691548003963,0.7843376135851998,0.1399461623880225
1.7024955516236577,9.775992236319418,13.681777879430376,5.181226630963954,0.23674091548003962,0.7696886135851998,0.1802291623880225
1.5199955516236576,9.553892236319417,13.570677879430376,5.216926630963954,0.2898419154800397,0.8182116135851998,0.20037016238802247
1.2621255516236576,9.514192236319417,13.463577879430376,5.181226630963954,0.3777319154800396,0.8667346135851999,0.18663716238802247
1.0796285516236577,9.70069223631942,13.352477879430376,5.066226630963953,0.4427349154800396,0.7632806135851998,0.1664961623880225
1.0439235516236578,9.926792236319418,13.316777879430376,4.879726630963953,0.4427349154800396,0.6872916135851999,0.1738201623880225
0.7503445516236578,9.891092236319416,13.352477879430376,4.617926630963954,0.33104091548003967,0.8118036135851998,0.20677916238802252
0.6035545516236578,9.926792236319418,13.316777879430376,4.617926630963954,0.30174391548003965,0.9848376135851997,0.1802291623880225
0.5638815516236577,9.775992236319418,13.352477879430376,4.502826630963954,0.30174391548003965,1.0333606135851998,0.1738201623880225
0.5638815516236577,9.775992236319418,13.352477879430376,4.502826630963954,0.30174391548003965,1.0333606135851998,0.1738201623880225
0.6035545516236578,9.403092236319416,13.316777879430376,4.241026630963953,0.30174391548003965,0.9775136135851998,0.21410316238802252
0.7860495516236576,9.10159223631942,13.098577879430376,4.090226630963954,0.29533491548003965,0.9152576135851997,0.21410316238802252
0.7860495516236576,9.06189223631942,12.912077879430376,3.975226630963954,0.30174391548003965,0.8392696135851998,0.1939621623880225
0.8574605516236578,8.911192236319419,12.840677879430377,4.125926630963953,0.3072369154800396,0.4721426635851998,0.16008716238802245
0.7860495516236576,8.724692236319417,12.804977879430377,4.241026630963953,0.26603791548003963,0.3403066135851998,0.1802291623880225
0.9328395516236576,8.684992236319417,12.765277879430377,4.316426630963953,0.1717389154800396,0.4025626135851998,0.20037016238802247
0.9328395516236576,8.684992236319417,12.765277879430377,4.316426630963953,0.1717389154800396,0.4025626135851998,0.20037016238802247
0.9328395516236576,8.573992236319416,12.804977879430377,4.502826630963954,0.15434391548003967,0.6937006135851997,0.1664961623880225
1.1510395516236578,8.573992236319416,13.023177879430376,4.689326630963954,0.24864291548003958,0.9985706135851997,0.20037016238802247
1.4089155516236576,8.724692236319417,12.987477879430376,4.915426630963953,0.24223391548003959,1.0058946135851998,0.1738201623880225
1.3732055516236576,9.026192236319417,13.023177879430376,4.990826630963953,0.21934591548003968,0.9573726135851999,0.20677916238802252
1.3017955516236577,9.438792236319419,12.912077879430376,5.105926630963953,0.16624591548003964,0.9573726135851999,0.1939621623880225
1.3732055516236576,9.553892236319417,12.804977879430377,5.181226630963954,0.11863791548003966,0.9088496135851998,0.1939621623880225
1.1907125516236576,9.327692236319418,12.876377879430375,5.332026630963954,0.10124291548003966,0.8392696135851998,0.2269211623880225
1.1907125516236576,8.875492236319417,12.804977879430377,5.332026630963954,0.10124291548003966,0.8182116135851998,0.1738201623880225
1.0796285516236577,8.609692236319418,12.804977879430377,5.292326630963954,0.15983691548003964,0.9015246135851998,0.20037016238802247
1.1153345516236577,8.573992236319416,12.622477879430376,5.216926630963954,0.21934591548003968,0.9711046135851997,0.22051216238802251
1.1510395516236578,8.684992236319417,12.693877879430376,5.256626630963954,0.3072369154800396,0.9088496135851998,0.1738201623880225
1.1510395516236578,8.950892236319419,12.693877879430376,5.292326630963954,0.30174391548003965,0.7074336135851998,0.24706216238802248
1.1510395516236578,9.212692236319416,12.729577879430376,5.292326630963954,0.30174391548003965,0.6039786135851998,0.21410316238802252
1.0042505516236577,9.252392236319416,12.840677879430377,5.367726630963954,0.21934591548003968,0.6589106135851999,0.18663716238802247
0.9685445516236577,9.363492236319416,13.023177879430376,5.332026630963954,0.15983691548003964,0.8182116135851998,0.20037016238802247
1.0796285516236577,9.212692236319416,13.098577879430376,5.105926630963953,0.11314491548003963,0.9921626135851997,0.18663716238802247
1.0439235516236578,8.875492236319417,13.023177879430376,4.840026630963953,0.15434391548003967,1.0196276135851998,0.20037016238802247
1.1153345516236577,8.573992236319416,12.987477879430376,4.653626630963954,0.23124791548003965,0.9500476135851998,0.21410316238802252
1.1907125516236576,8.498592236319418,12.876377879430375,4.542526630963954,0.33653391548003964,0.8465936135851998,0.21410316238802252
1.0439235516236578,8.27239223631942,12.729577879430376,4.352126630963953,0.3484359154800396,0.7495476135851998,0.1939621623880225
1.0439235516236578,8.197092236319417,12.582777879430376,4.201326630963953,0.29533491548003965,0.6039786135851998,0.2269211623880225
1.0042505516236577,8.161392236319418,12.435977879430377,4.050626630963954,0.20103591548003963,0.4721426635851998,0.20677916238802252
0.9685445516236577,8.046292236319417,12.400277879430377,3.975226630963954,0.10124291548003966,0.3961539135851998,0.1939621623880225
0.9328395516236576,8.085992236319417,12.511377879430375,4.014926630963954,0.03624091548003966,0.4996085135851998,0.21410316238802252
0.8217555516236577,8.161392236319418,12.622477879430376,3.975226630963954,0.010451084519960352,0.7074336135851998,0.16008716238802245
0.9328395516236576,8.197092236319417,12.622477879430376,3.824426630963954,0.027846084519960346,0.8667346135851999,0.1664961623880225
1.0796285516236577,8.347792236319417,12.511377879430375,3.7887266309639536,0.027846084519960346,0.9225816135851999,0.21410316238802252
1.1153345516236577,8.835792236319417,12.475677879430377,3.6737266309639534,0.015944084519960378,0.8951166135851998,0.1738201623880225
0.8971335516236578,9.327692236319418,12.475677879430377,3.7133266309639534,0.01335291548003964,0.8182116135851998,0.21410316238802252
0.6749655516236577,9.363492236319416,12.475677879430377,3.824426630963954,0.01884591548003961,0.6937006135851997,0.2342451623880225
0.5281765516236577,8.986592236319417,12.364577879430376,3.8641266309639537,0.006943915480039642,0.6799676135851997,0.1802291623880225
0.45676555162365773,8.498592236319418,12.253477879430376,4.050626630963954,0.022353084519960376,0.7211656135851998,0.1939621623880225
0.3456815516236577,8.383492236319416,12.328877879430376,4.050626630963954,0.03624091548003966,0.8877916135851998,0.2269211623880225
0.45676555162365773,8.232792236319419,12.435977879430377,4.090226630963954,0.15434391548003967,0.9637806135851998,0.1802291623880225
0.6749655516236577,8.347792236319417,12.435977879430377,4.241026630963953,0.26603791548003963,0.8804676135851999,0.2406541623880225
0.7106715516236577,8.534292236319416,12.582777879430376,4.276726630963953,0.2898419154800397,0.7770136135851998,0.22051216238802251
0.7106715516236577,8.724692236319417,12.658177879430376,4.427526630963953,0.26054491548003966,0.7980706135851998,0.1939621623880225
0.7860495516236576,8.573992236319416,12.765277879430377,4.427526630963953,0.19004891548003966,0.9152576135851997,0.1802291623880225
0.7860495516236576,8.458892236319418,12.876377879430375,4.427526630963953,0.13053991548003963,0.9848376135851997,0.22051216238802251
0.8574605516236578,8.197092236319417,12.912077879430376,4.316426630963953,0.11314491548003963,0.9637806135851998,0.1664961623880225
0.9685445516236577,7.895592236319416,12.729577879430376,4.241026630963953,0.1717389154800396,0.9637806135851998,0.21410316238802252
0.9685445516236577,7.895592236319416,12.729577879430376,4.241026630963953,0.1717389154800396,0.9637806135851998,0.21410316238802252
1.0796285516236577,7.593992236319419,12.622477879430376,4.125926630963953,0.25413591548003966,0.8877916135851998,0.22051216238802251
1.2264155516236577,7.482992236319419,12.511377879430375,4.014926630963954,0.2834329154800397,0.8465936135851998,0.1939621623880225
1.4485855516236577,7.482992236319419,12.364577879430376,3.939526630963954,0.25413591548003966,0.7284906135851998,0.22051216238802251
1.3375055516236576,7.593992236319419,12.364577879430376,3.939526630963954,0.2074439154800396,0.5902456135851998,0.20677916238802252
1.3375055516236576,7.518692236319417,12.253477879430376,4.014926630963954,0.10765191548003966,0.5618643135851998,0.1939621623880225
1.4089155516236576,7.367892236319417,12.253477879430376,4.1656266309639545,0.01335291548003964,0.6177116135851998,0.20037016238802247
1.4089155516236576,7.367892236319417,12.217777879430376,4.1656266309639545,0.04615708451996037,0.7495476135851998,0.21410316238802252
1.5199955516236576,7.407592236319417,12.328877879430376,4.125926630963953,0.015944084519960378,0.8877916135851998,0.15367916238802248
1.5199955516236576,7.367892236319417,12.182077879430375,4.125926630963953,0.06645291548003962,1.0058946135851998,0.2269211623880225
1.4842955516236576,7.669392236319418,11.959977879430376,4.014926630963954,0.12504691548003966,1.0260366135851997,0.22051216238802251
1.3017955516236577,8.046292236319417,11.741777879430376,3.8641266309639537,0.15983691548003964,0.9225816135851999,0.20037016238802247
1.0439235516236578,8.161392236319418,11.559277879430375,3.7490266309639537,0.12504691548003966,0.7907466135851998,0.2406541623880225
0.7860495516236576,7.935192236319416,11.448177879430377,3.824426630963954,0.05455091548003965,0.7358146135851997,0.21410316238802252
0.4924705516236577,7.669392236319418,11.265677879430376,3.7133266309639534,0.06355208451996036,0.7358146135851997,0.20677916238802252
0.38138655162365775,7.407592236319417,11.229977879430376,3.7133266309639534,0.11665208451996037,0.7980706135851998,0.21410316238802252
0.19889152162365772,7.443292236319419,11.194277879430375,3.6737266309639534,0.06904508451996039,0.8465936135851998,0.1939621623880225
0.16318595162365773,7.518692236319417,11.265677879430376,3.6737266309639534,0.03624091548003966,0.8667346135851999,0.1738201623880225
0.23459705162365774,7.784492236319419,11.154577879430375,3.6737266309639534,0.09574991548003964,0.8118036135851998,0.2342451623880225
0.3456815516236577,7.935192236319416,11.229977879430376,3.7133266309639534,0.11863791548003966,0.7770136135851998,0.1939621623880225
0.27030265162365774,8.085992236319417,11.448177879430377,3.7887266309639536,0.09574991548003964,0.8182116135851998,0.21410316238802252
0.16318595162365773,8.161392236319418,11.483877879430375,3.824426630963954,0.05455091548003965,0.8877916135851998,0.21410316238802252
0.16318595162365773,8.010592236319418,11.523577879430377,3.824426630963954,0.01884591548003961,0.9573726135851999,0.20037016238802247
0.3456815516236577,7.558292236319417,11.412477879430377,3.939526630963954,0.01335291548003964,0.9921626135851997,0.1939621623880225
0.7503445516236578,6.840292236319417,11.301377879430376,3.8641266309639537,0.13694891548003962,0.9500476135851998,0.1738201623880225
1.0796285516236577,6.653792236319418,11.301377879430376,3.8641266309639537,0.2074439154800396,0.9500476135851998,0.22051216238802251
1.2264155516236577,6.502992236319418,11.483877879430375,4.050626630963954,0.09574991548003964,0.6039786135851998,0.1664961623880225
1.2621255516236576,6.467292236319418,11.523577879430377,4.201326630963953,0.004958084519960382,0.5343985135851999,0.18663716238802247
1.4089155516236576,6.502992236319418,11.594977879430376,4.542526630963954,0.06355208451996036,0.6314446135851999,0.20037016238802247
1.3375055516236576,6.689492236319417,11.813177879430375,4.391726630963953,0.06355208451996036,0.7843376135851998,0.15367916238802248
1.3375055516236576,6.689492236319417,11.813177879430375,4.391726630963953,0.06355208451996036,0.7843376135851998,0.15367916238802248
1.4089155516236576,6.764892236319417,11.888577879430375,4.427526630963953,0.030747915480039634,0.9775136135851998,0.21410316238802252
1.5199955516236576,6.955292236319419,11.813177879430375,4.352126630963953,0.15983691548003964,1.1368156135852,0.22051216238802251
1.6667855516236576,7.2924922363194185,11.706077879430376,4.241026630963953,0.25413591548003966,1.1926626135851999,0.1802291623880225
1.6310855516236578,7.558292236319417,11.741777879430376,4.1656266309639545,0.23674091548003962,1.1716056135851998,0.2342451623880225
1.3732055516236576,7.558292236319417,11.594977879430376,4.090226630963954,0.14244191548003965,1.0745596135851998,0.2269211623880225
1.2621255516236576,7.407592236319417,11.483877879430375,4.090226630963954,0.0014509154800396162,0.9225816135851999,0.15367916238802248
0.9328395516236576,7.106092236319419,11.301377879430376,4.090226630963954,0.11665208451996037,0.7632806135851998,0.21410316238802252
0.7860495516236576,7.0306922363194175,11.229977879430376,3.939526630963954,0.12214508451996037,0.6872916135851999,0.18663716238802247
0.7106715516236577,7.181392236319418,11.265677879430376,3.824426630963954,0.08094708451996036,0.6525016135851998,0.15367916238802248
0.6749655516236577,7.367892236319417,11.265677879430376,3.7133266309639534,0.025253915480039635,0.7010246135851999,0.20677916238802252
0.8217555516236577,7.709092236319417,11.229977879430376,3.562626630963953,0.09574991548003964,0.7907466135851998,0.1939621623880225
0.5281765516236577,7.784492236319419,11.412477879430377,3.487226630963953,0.10124291548003966,0.9921626135851997,0.20677916238802252
0.4170925516236577,7.558292236319417,11.412477879430377,3.447526630963953,0.10765191548003966,1.1230826135852,0.1939621623880225
0.27030265162365774,7.2924922363194185,11.265677879430376,3.4118266309639544,0.08384791548003961,1.0956166135852,0.1802291623880225
0.16318595162365773,6.955292236319419,11.118877879430377,3.3722266309639544,0.11314491548003963,0.9848376135851997,0.18663716238802247
0.19889152162365772,6.7291922363194185,10.972077879430376,3.2968266309639542,0.12504691548003966,0.8392696135851998,0.20037016238802247
0.16318595162365773,6.618092236319418,10.825277879430375,3.4118266309639544,0.13694891548003962,0.8044786135851998,0.20677916238802252
0.19889152162365772,6.467292236319418,10.642777879430376,3.3722266309639544,0.06004391548003962,0.7559566135851998,0.2269211623880225
0.30997555162365775,6.241192236319417,10.531677879430376,3.447526630963953,0.03974808451996037,0.7147576135851998,0.16008716238802245
0.30997555162365775,6.241192236319417,10.531677879430376,3.447526630963953,0.03974808451996037,0.7147576135851998,0.16008716238802245
0.45676555162365773,6.165792236319417,10.531677879430376,3.598326630963953,0.15144208451996036,0.7559566135851998,0.16008716238802245
0.3456815516236577,6.015092236319418,10.607077879430376,3.598326630963953,0.17524608451996035,0.8319446135851998,0.20677916238802252
0.38138655162365775,6.090392236319417,10.571377879430376,3.7133266309639534,0.18073908451996037,0.9573726135851999,0.16008716238802245
0.45676555162365773,6.090392236319417,10.571377879430376,3.6737266309639534,0.12214508451996037,1.0196276135851998,0.1738201623880225
0.5638815516236577,6.201492236319417,10.571377879430376,3.562626630963953,0.03974808451996037,0.9711046135851997,0.2406541623880225
0.7106715516236577,6.502992236319418,10.571377879430376,3.598326630963953,0.04264891548003963,0.9363146135851999,0.20037016238802247
0.6392605516236578,6.915592236319419,10.571377879430376,3.6737266309639534,0.04814291548003963,0.9500476135851998,0.20677916238802252
0.6749655516236577,6.201492236319417,10.678477879430377,3.824426630963954,0.08735508451996038,0.8740596135851998,0.1664961623880225
0.5638815516236577,5.788892236319418,10.571377879430376,3.7490266309639537,0.16334408451996035,0.8667346135851999,0.1939621623880225
0.38138655162365775,5.749292236319418,10.495977879430376,3.522926630963953,0.03974808451996037,0.8118036135851998,0.21410316238802252
0.38138655162365775,5.749292236319418,10.495977879430376,3.522926630963953,0.03974808451996037,0.8118036135851998,0.21410316238802252
0.30997555162365775,5.824592236319418,10.571377879430376,3.185726630963954,0.06645291548003962,0.6937006135851997,0.2342451623880225
0.30997555162365775,6.015092236319418,10.495977879430376,3.1103266309639537,0.13053991548003963,0.6103876135851998,0.1939621623880225
0.38138655162365775,6.126092236319417,10.460277879430375,2.959626630963953,0.12504691548003966,0.6387686135851998,0.20037016238802247
0.5638815516236577,6.201492236319417,10.678477879430377,2.7334266309639528,0.06645291548003962,0.7495476135851998,0.24706216238802248
0.4924705516236577,6.126092236319417,10.900677879430376,2.582726630963954,0.03624091548003966,0.8951166135851998,0.20677916238802252
0.6035545516236578,5.899992236319418,10.936377879430376,2.4716266309639536,0.006943915480039642,1.0196276135851998,0.16008716238802245
0.8217555516236577,5.713492236319418,10.860977879430376,2.3565266309639537,0.006943915480039642,1.0058946135851998,0.2406541623880225
0.9328395516236576,5.598492236319418,10.718177879430376,2.3208266309639534,0.006943915480039642,0.8465936135851998,0.15367916238802248
0.9328395516236576,5.5230922363194175,10.642777879430376,2.3962266309639535,0.07194591548003965,0.6662346135851998,0.2342451623880225
0.9328395516236576,5.447692236319417,10.495977879430376,2.582726630963954,0.04814291548003963,0.5618643135851998,0.1939621623880225
0.8574605516236578,5.296992236319417,10.460277879430375,2.7334266309639528,0.01884591548003961,0.5279898135851998,0.21410316238802252
0.8574605516236578,5.296992236319417,10.349177879430377,2.923826630963953,0.0014509154800396162,0.6872916135851999,0.22051216238802251
0.8971335516236578,5.411992236319417,10.349177879430377,3.0349266309639535,0.01884591548003961,0.9088496135851998,0.20677916238802252
0.8217555516236577,5.598492236319418,10.384877879430377,3.0349266309639535,0.01335291548003964,1.0608266135851998,0.16008716238802245
0.7860495516236576,5.713492236319418,10.277777879430376,3.0746266309639534,0.010451084519960352,1.1514636135851999,0.2342451623880225
0.7860495516236576,5.9753922363194185,10.242077879430376,3.185726630963954,0.03974808451996037,1.1853386135851998,0.2342451623880225
0.6392605516236578,6.467292236319418,10.130977879430375,3.3364266309639543,0.08094708451996036,1.0397696135851997,0.1738201623880225
0.4924705516236577,6.542692236319418,10.130977879430375,3.2254266309639537,0.11024408451996037,0.8465936135851998,0.2406541623880225
0.45676555162365773,6.241192236319417,9.948477879430376,3.185726630963954,0.12855408451996037,0.7770136135851998,0.1664961623880225
0.38138655162365775,6.015092236319418,9.837477879430375,3.1500266309639535,0.10475008451996037,0.8465936135851998,0.15367916238802248
0.38138655162365775,6.015092236319418,9.837477879430375,3.1500266309639535,0.10475008451996037,0.8465936135851998,0.15367916238802248
0.23459705162365774,5.939692236319418,9.948477879430376,2.959626630963953,0.03974808451996037,0.9152576135851997,0.2342451623880225
0.19889152162365772,5.824592236319418,9.984277879430376,2.7731266309639544,0.030747915480039634,0.9436396135851999,0.1939621623880225
0.23459705162365774,6.050792236319417,9.908877879430376,2.507326630963954,0.030747915480039634,0.8182116135851998,0.2342451623880225
0.23459705162365774,6.201492236319417,9.873177879430376,2.2811266309639535,0.03974808451996037,0.8465936135851998,0.1939621623880225
0.23459705162365774,6.090392236319417,9.908877879430376,2.2454266309639532,0.09834208451996035,0.9225816135851999,0.1939621623880225
0.16318595162365773,5.939692236319418,10.095277879430377,2.055026630963953,0.13404708451996036,0.9363146135851999,0.1664961623880225
0.38138655162365775,5.749292236319418,10.095277879430377,1.9043266309639542,0.14594908451996036,0.9225816135851999,0.16008716238802245
0.6392605516236578,5.447692236319417,10.277777879430376,1.8686266309639539,0.13404708451996036,0.8951166135851998,0.1802291623880225
0.7860495516236576,5.185892236319418,10.277777879430376,1.7932266309639537,0.09284908451996038,0.7843376135851998,0.1738201623880225
0.8217555516236577,4.999392236319418,10.384877879430377,1.9439266309639542,0.027846084519960346,0.6589106135851999,0.1664961623880225
1.0042505516236577,4.924092236319417,10.277777879430376,2.0193266309639544,0.030747915480039634,0.6314446135851999,0.2269211623880225
1.1153345516236577,4.848692236319417,10.313477879430376,2.2811266309639535,0.07194591548003965,0.6314446135851999,0.1738201623880225
1.0796285516236577,4.658292236319419,10.277777879430376,2.3565266309639537,0.05455091548003965,0.5966546135851998,0.1738201623880225
1.0796285516236577,4.5828922363194184,10.242077879430376,2.582726630963954,0.03624091548003966,0.6662346135851998,0.2543871623880225
1.2621255516236576,4.733592236319417,10.130977879430375,2.884226630963953,0.004958084519960382,0.7907466135851998,0.1939621623880225
1.2621255516236576,4.733592236319417,10.130977879430375,2.884226630963953,0.004958084519960382,0.7907466135851998,0.1939621623880225
1.1907125516236576,4.808992236319417,10.166677879430376,2.959626630963953,0.022353084519960376,0.8951166135851998,0.16008716238802245
1.0439235516236578,4.924092236319417,10.202477879430376,3.1103266309639537,0.034255084519960344,0.9225816135851999,0.24706216238802248
1.1510395516236578,5.074792236319418,10.019977879430376,3.185726630963954,0.06904508451996039,0.9363146135851999,0.15367916238802248
1.0796285516236577,5.598492236319418,9.908877879430376,3.3364266309639543,0.09834208451996035,0.9500476135851998,0.1939621623880225
0.8971335516236578,5.788892236319418,9.984277879430376,3.4118266309639544,0.11024408451996037,0.9088496135851998,0.20037016238802247
0.7503445516236578,5.447692236319417,9.948477879430376,3.487226630963953,0.17524608451996035,0.8877916135851998,0.18663716238802247
0.6035545516236578,5.2215922363194185,9.726377879430377,3.522926630963953,0.14594908451996036,0.9637806135851998,0.22051216238802251
0.4924705516236577,5.261292236319418,9.619277879430376,3.447526630963953,0.08094708451996036,1.0882926135851998,0.21410316238802252
0.3456815516236577,5.2215922363194185,9.543877879430376,3.1103266309639537,0.04264891548003963,1.1166736135851998,0.1738201623880225
0.12351305162365772,5.411992236319417,9.325677879430376,2.622326630963954,0.14244191548003965,0.8603266135851998,0.2406541623880225
0.023276448376342268,5.447692236319417,9.143177879430375,2.431926630963954,0.03624091548003966,0.8255366135851998,0.21410316238802252
0.35256144837634223,5.487392236319417,9.214577879430376,2.2811266309639535,0.10475008451996037,0.9015246135851998,0.1664961623880225
0.4993504483763423,5.372392236319417,9.067777879430375,2.130426630963953,0.23384008451996036,0.9637806135851998,0.20677916238802252
0.3882664483763422,4.959792236319418,8.920977879430376,1.9043266309639542,0.29884228451996037,0.9289906135851997,0.16008716238802245
0.31685544837634233,4.658292236319419,8.849577879430376,1.8328266309639538,0.24574178451996037,0.9289906135851997,0.1939621623880225
0.3882664483763422,4.471792236319418,8.702777879430377,1.8328266309639538,0.15785108451996036,1.0196276135851998,0.18663716238802247
0.42397244837634224,4.356692236319418,8.667077879430376,1.9043266309639542,0.04615708451996037,1.0544176135852,0.16008716238802245
0.24147744837634227,4.055192236319417,8.520277879430376,2.055026630963953,0.015944084519960378,0.9289906135851997,0.22051216238802251
0.24147744837634227,3.9044922363194186,8.591677879430376,2.170126630963953,0.05165008451996034,0.7907466135851998,0.1802291623880225
0.0946874483763423,3.9044922363194186,8.555977879430376,2.3962266309639535,0.08735508451996038,0.7495476135851998,0.1802291623880225
0.13039344837634226,3.9044922363194186,8.627377879430377,2.507326630963954,0.10475008451996037,0.8182116135851998,0.2269211623880225
0.13039344837634226,3.944092236319417,8.702777879430377,2.622326630963954,0.11665208451996037,0.8530016135851999,0.16008716238802245
0.45676555162365773,4.170292236319417,8.774177879430376,2.6580266309639544,0.13954008451996036,0.9152576135851997,0.2269211623880225
0.4170925516236577,4.170292236319417,8.885277879430376,2.6580266309639544,0.18714808451996037,1.0260366135851997,0.14635416238802246
0.38138655162365775,4.924092236319417,8.849577879430376,2.7334266309639528,0.2576435845199604,1.0544176135852,0.20677916238802252
0.27030265162365774,4.6224922363194185,8.885277879430376,2.6580266309639544,0.2576435845199604,0.8530016135851999,0.16008716238802245
0.27030265162365774,4.320992236319418,8.885277879430376,2.5470266309639538,0.21095208451996036,0.7422236135851998,0.20037016238802247
0.23459705162365774,4.320992236319418,8.774177879430376,2.431926630963954,0.11665208451996037,0.8603266135851998,0.1664961623880225
0.16318595162365773,4.507492236319418,8.920977879430376,2.205826630963953,0.025253915480039635,1.0397696135851997,0.1664961623880225
0.12351305162365772,4.507492236319418,9.032077879430377,2.0947266309639545,0.09574991548003964,1.0196276135851998,0.20677916238802252
0.3456815516236577,4.5828922363194184,9.032077879430377,1.8686266309639539,0.09574991548003964,0.8667346135851999,0.22051216238802251
0.3456815516236577,4.5828922363194184,9.032077879430377,1.8686266309639539,0.09574991548003964,0.8667346135851999,0.22051216238802251
0.4924705516236577,4.6224922363194185,8.956677879430377,1.8328266309639538,0.004958084519960382,0.7284906135851998,0.22051216238802251
0.3456815516236577,4.432092236319418,9.067777879430375,1.7932266309639537,0.10475008451996037,0.8118036135851998,0.21410316238802252
0.12351305162365772,4.2059922363194175,9.214577879430376,1.7178266309639536,0.19264108451996037,0.9848376135851997,0.14635416238802246
0.16318595162365773,4.094892236319417,9.103477879430375,1.6067266309639532,0.21644508451996036,1.0196276135851998,0.21410316238802252
0.38138655162365775,3.793392236319418,8.956677879430377,1.7178266309639536,0.17524608451996035,0.8804676135851999,0.1738201623880225
0.5638815516236577,3.6068922363194176,8.738477879430375,1.7178266309639536,0.05714308451996036,0.7010246135851999,0.20677916238802252
0.3456815516236577,3.5671922363194177,8.627377879430377,1.9043266309639542,0.10124291548003966,0.7980706135851998,0.20037016238802247
0.45676555162365773,3.380792236319417,8.409177879430375,2.055026630963953,0.03624091548003966,0.9015246135851998,0.1939621623880225
0.3456815516236577,3.1149922363194182,8.409177879430375,2.130426630963953,0.12214508451996037,0.8255366135851998,0.1939621623880225
0.3456815516236577,3.1149922363194182,8.409177879430375,2.130426630963953,0.12214508451996037,0.8255366135851998,0.1939621623880225
0.3456815516236577,3.265692236319417,8.226727879430376,2.3565266309639537,0.12855408451996037,0.8740596135851998,0.14635416238802246
0.30997555162365775,3.341092236319417,8.151347879430377,2.5470266309639538,0.15785108451996036,0.9363146135851999,0.1802291623880225
0.12351305162365772,3.456192236319417,8.115637879430375,2.582726630963954,0.19264108451996037,0.9637806135851998,0.1664961623880225
0.05210155162365773,3.642592236319418,8.151347879430377,2.431926630963954,0.22834708451996036,0.9921626135851997,0.18663716238802247
0.30997555162365775,3.8687922363194183,8.044227879430377,2.4716266309639536,0.21644508451996036,1.0196276135851998,0.18663716238802247
0.27030265162365774,3.944092236319417,7.968847879430377,2.2811266309639535,0.24024808451996038,0.9637806135851998,0.1738201623880225
0.016396551623657718,3.6068922363194176,8.004557879430376,2.0947266309639545,0.22193808451996036,0.9088496135851998,0.14635416238802246
0.17006644837634227,3.341092236319417,8.044227879430377,1.9439266309639542,0.19905008451996037,0.9015246135851998,0.21410316238802252
0.016396551623657718,3.2299922363194185,7.9331478794303765,1.6067266309639532,0.17524608451996035,0.9289906135851997,0.1802291623880225
0.0946874483763423,3.380792236319417,7.861737879430376,1.531326630963953,0.16975308451996035,0.8951166135851998,0.2269211623880225
0.24147744837634227,3.456192236319417,7.968847879430377,1.3409266309639545,0.12855408451996037,0.7980706135851998,0.2269211623880225
0.27718244837634226,3.642592236319418,7.968847879430377,1.3409266309639545,0.11665208451996037,0.6937006135851997,0.1939621623880225
0.016396551623657718,3.5671922363194177,7.9331478794303765,1.5670266309639533,0.15144208451996036,0.7284906135851998,0.20037016238802247
0.016396551623657718,3.2299922363194185,8.226727879430376,1.531326630963953,0.19905008451996037,1.1368156135852,0.21410316238802252
0.27030265162365774,2.964192236319418,8.044227879430377,1.6424266309639535,0.16334408451996035,1.1999866135851998,0.22051216238802251
0.3456815516236577,2.702392236319417,7.9331478794303765,1.6821266309639533,0.09834208451996035,1.0544176135852,0.1939621623880225
0.23459705162365774,2.587292236319417,8.079937879430377,1.6821266309639533,0.004958084519960382,0.8319446135851998,0.2406541623880225
0.38138655162365775,2.4761922363194184,8.004557879430376,1.7575266309639535,0.04264891548003963,0.7010246135851999,0.1802291623880225
0.6035545516236578,2.4761922363194184,7.750647879430377,1.7575266309639535,0.034255084519960344,0.6872916135851999,0.20677916238802252
0.5281765516236577,2.285792236319418,7.750647879430377,1.6424266309639535,0.08735508451996038,0.6872916135851999,0.2269211623880225
0.45676555162365773,2.250092236319418,7.861737879430376,1.491726630963953,0.13954008451996036,0.7010246135851999,0.21410316238802252
0.5281765516236577,2.4365922363194183,7.8220578794303774,1.491726630963953,0.20454308451996037,0.7147576135851998,0.1802291623880225
0.8574605516236578,2.587292236319417,7.786357879430377,1.491726630963953,0.2750385845199604,0.7211656135851998,0.20677916238802252
0.8574605516236578,2.5515922363194186,7.897437879430377,1.3052266309639542,0.35743608451996034,0.7696886135851998,0.18663716238802247
0.5281765516236577,2.777792236319417,8.004557879430376,1.0791266309639536,0.37574658451996035,0.8877916135851998,0.1738201623880225
0.45676555162365773,3.4164922363194172,7.861737879430376,1.0791266309639536,0.33454788451996037,0.9848376135851997,0.22051216238802251
0.4170925516236577,3.4918922363194174,7.639567879430376,1.0394266309639537,0.28694048451996035,0.8465936135851998,0.18663716238802247
0.0946874483763423,3.003892236319418,7.639567879430376,0.9283266309639533,0.21644508451996036,0.5481314135851998,0.2342451623880225
0.24147744837634227,2.964192236319418,7.385657879430377,1.1901266309639542,0.23384008451996036,0.7495476135851998,0.1664961623880225
0.35256144837634223,2.964192236319418,7.274577879430377,1.1901266309639542,0.2576435845199604,0.9573726135851999,0.1939621623880225
0.42397244837634224,3.039592236319418,7.274577879430377,1.1901266309639542,0.24024808451996038,0.9436396135851999,0.20677916238802252
0.3882664483763422,3.154692236319418,7.1634878794303765,1.3409266309639545,0.16975308451996035,0.8804676135851999,0.21410316238802252
0.3882664483763422,3.2299922363194185,7.092077879430376,1.4163266309639528,0.14594908451996036,0.8804676135851999,0.2406541623880225
0.5350564483763423,3.039592236319418,6.945287879430377,1.531326630963953,0.16975308451996035,1.0058946135851998,0.14635416238802246
0.6461404483763422,2.964192236319418,6.909587879430377,1.531326630963953,0.24024808451996038,1.1441396135851998,0.21410316238802252
0.8286344483763424,2.7380922363194173,6.798497879430378,1.5670266309639533,0.26954548451996035,1.1441396135851998,0.21410316238802252
0.7572244483763422,2.361192236319418,6.6874178794303765,1.4163266309639528,0.29884228451996037,0.9921626135851997,0.22051216238802251
0.5350564483763423,2.361192236319418,6.469217879430377,1.5670266309639533,0.24574178451996037,0.7980706135851998,0.20037016238802247
0.6104344483763422,2.250092236319418,6.469217879430377,1.5670266309639533,0.19264108451996037,0.7010246135851999,0.18663716238802247
0.6104344483763422,2.250092236319418,6.469217879430377,1.5670266309639533,0.19264108451996037,0.7010246135851999,0.18663716238802247
0.4636454483763423,1.9128922363194185,6.576337879430377,1.229826630963954,0.2750385845199604,0.9088496135851998,0.1802291623880225
0.4636454483763423,1.9128922363194185,6.576337879430377,1.229826630963954,0.2750385845199604,0.9088496135851998,0.1802291623880225
0.27718244837634226,1.873192236319417,6.723127879430376,0.9283266309639533,0.35194291451996035,0.8804676135851999,0.1664961623880225
0.4993504483763423,1.8374922363194184,6.8342078794303776,0.777526630963953,0.34004105451996036,0.8182116135851998,0.20677916238802252
0.3882664483763422,1.9128922363194185,6.762797879430377,0.7022266309639544,0.3281391845199604,0.8667346135851999,0.1802291623880225
0.27718244837634226,2.250092236319418,6.945287879430377,0.7022266309639544,0.32264608451996035,0.8804676135851999,0.21410316238802252
0.3882664483763422,2.285792236319418,6.980997879430377,0.9640266309639536,0.24024808451996038,0.8740596135851998,0.20677916238802252
0.3882664483763422,1.873192236319417,6.980997879430377,1.154426630963954,0.19264108451996037,0.8465936135851998,0.21410316238802252
0.24147744837634227,1.7224922363194182,6.909587879430377,1.2655266309639543,0.19905008451996037,0.8465936135851998,0.1738201623880225
0.24147744837634227,1.7620922363194182,7.052407879430377,1.3409266309639545,0.19264108451996037,0.9015246135851998,0.1738201623880225
0.27718244837634226,1.873192236319417,7.052407879430377,1.3806266309639543,0.12214508451996037,0.9500476135851998,0.21410316238802252
0.27718244837634226,2.1389922363194174,7.052407879430377,1.531326630963953,0.08735508451996038,0.8951166135851998,0.1939621623880225
0.27718244837634226,2.1389922363194174,7.052407879430377,1.531326630963953,0.08735508451996038,0.8951166135851998,0.1939621623880225
0.023276448376342268,2.5119922363194185,7.092077879430376,1.491726630963953,0.10475008451996037,0.7843376135851998,0.2269211623880225
0.19889152162365772,2.4761922363194184,7.052407879430377,1.3052266309639542,0.17524608451996035,0.9225816135851999,0.1399461623880225
0.23459705162365774,2.325492236319418,7.127787879430376,1.0037266309639534,0.2576435845199604,1.0745596135851998,0.18663716238802247
0.27030265162365774,2.0635922363194172,7.1634878794303765,0.8529266309639532,0.31074418451996033,1.1514636135851999,0.20037016238802247
0.30997555162365775,1.873192236319417,7.092077879430376,0.6268266309639543,0.3638447845199604,1.0058946135851998,0.14635416238802246
0.23459705162365774,1.4605922363194175,6.8342078794303776,0.24992663096395518,0.29884228451996037,0.6250356135851998,0.14635416238802246
0.12351305162365772,1.0836922363194184,6.6874178794303765,0.05157336903604559,0.21644508451996036,0.6177116135851998,0.18663716238802247
0.13039344837634226,1.0082922363194182,6.723127879430376,0.08727336903604765,0.18714808451996037,0.6799676135851997,0.20037016238802247
0.13039344837634226,1.0082922363194182,6.723127879430376,0.08727336903604765,0.18714808451996037,0.6799676135851997,0.20037016238802247
0.058982448376342256,0.8179122363194171,6.540627879430377,0.32532663096395353,0.3281391845199604,0.7211656135851998,0.1664961623880225
0.023276448376342268,1.0082922363194182,6.469217879430377,0.44032663096395197,0.35194291451996035,0.7980706135851998,0.1664961623880225
0.17006644837634227,1.0440922363194183,6.433507879430377,0.6625266309639528,0.3812397845199604,0.9363146135851999,0.20037016238802247
0.17006644837634227,1.0440922363194183,6.433507879430377,0.6625266309639528,0.3812397845199604,0.9363146135851999,0.20037016238802247
0.17006644837634227,1.2344922363194168,6.433507879430377,0.737926630963953,0.4105366845199604,1.0058946135851998,0.15367916238802248
0.24147744837634227,1.6867922363194179,6.286717879430378,1.0394266309639537,0.3638447845199604,0.9289906135851997,0.1664961623880225
0.3882664483763422,1.7620922363194182,5.993147879430377,1.154426630963954,0.3281391845199604,0.7211656135851998,0.16008716238802245
0.3882664483763422,1.4962922363194178,5.810647879430377,1.1901266309639542,0.31074418451996033,0.8392696135851998,0.2269211623880225
0.5350564483763423,1.647092236319418,5.735267879430377,1.229826630963954,0.2814472845199604,1.0260366135851997,0.1939621623880225
0.6461404483763422,1.6113922363194177,5.735267879430377,1.1148266309639538,0.26954548451996035,1.0681506135852,0.21410316238802252
0.6104344483763422,1.647092236319418,5.481367879430377,0.777526630963953,0.31074418451996033,0.9152576135851997,0.21410316238802252
0.6104344483763422,1.6113922363194177,5.370277879430377,0.6268266309639543,0.35194291451996035,0.8877916135851998,0.1664961623880225
0.7175514483763423,1.5359922363194176,5.441687879430377,0.44032663096395197,0.4105366845199604,0.8951166135851998,0.1802291623880225
0.6818454483763423,1.2701922363194171,5.588477879430377,0.09912663096395491,0.4874410845199604,0.8740596135851998,0.1939621623880225
0.6818454483763423,1.0082922363194182,5.517067879430377,0.09912663096395491,0.5222310845199604,0.8182116135851998,0.1664961623880225
0.6461404483763422,0.6711222363194178,5.552777879430377,0.08727336903604765,0.46363708451996033,0.7284906135851998,0.21410316238802252
0.6461404483763422,0.4449822363194169,5.481367879430377,0.05157336903604559,0.3986347845199604,0.6662346135851998,0.1939621623880225
0.4993504483763423,0.3299322363194186,5.481367879430377,0.011873369036045744,0.33454788451996037,0.6451776135851999,0.1335371623880225
0.4636454483763423,0.1434722363194183,5.481367879430377,0.17452663096395327,0.23384008451996036,0.6387686135851998,0.26720416238802247
0.4636454483763423,0.007287763680581705,5.517067879430377,0.3650266309639534,0.26954548451996035,0.6451776135851999,0.15367916238802248
0.4636454483763423,0.04695776368058269,5.588477879430377,0.5117266309639525,0.31074418451996033,0.6525016135851998,0.1939621623880225
0.42397244837634224,0.06809223631941741,5.517067879430377,0.737926630963953,0.31074418451996033,0.6872916135851999,0.21410316238802252
0.20577144837634226,0.21885223631941741,5.552777879430377,0.8133266309639531,0.33454788451996037,0.7284906135851998,0.1664961623880225
0.20577144837634226,0.21885223631941741,5.552777879430377,0.8133266309639531,0.33454788451996037,0.7284906135851998,0.1664961623880225
0.0946874483763423,0.3696122363194174,5.588477879430377,0.8886266309639534,0.35743608451996034,0.7495476135851998,0.1335371623880225
0.058982448376342256,0.5203622363194178,5.588477879430377,0.8529266309639532,0.35194291451996035,0.7495476135851998,0.22051216238802251
0.08780755162365772,0.5560722363194177,5.588477879430377,0.777526630963953,0.32264608451996035,0.8118036135851998,0.15367916238802248
0.016396551623657718,1.0440922363194183,5.699567879430377,0.5871266309639545,0.32264608451996035,0.7980706135851998,0.20677916238802252
0.058982448376342256,1.194792236319417,5.699567879430377,0.47602663096395403,0.30433548451996034,0.7074336135851998,0.20677916238802252
0.023276448376342268,1.0082922363194182,5.624187879430377,0.32532663096395353,0.37574658451996035,0.5829216135851998,0.20677916238802252
0.0946874483763423,0.893292236319418,5.481367879430377,0.06342663096395285,0.4343403845199604,0.6103876135851998,0.15367916238802248
0.0946874483763423,0.893292236319418,5.481367879430377,0.06342663096395285,0.4343403845199604,0.6103876135851998,0.15367916238802248
0.27718244837634226,0.893292236319418,5.663857879430377,0.20237336903604586,0.4169453845199604,0.6726436135851999,0.1738201623880225
0.4636454483763423,0.9686922363194181,5.663857879430377,0.3134733690360463,0.4105366845199604,0.6726436135851999,0.20037016238802247
0.31685544837634233,1.1193922363194169,5.517067879430377,0.277673369036048,0.42243848451996036,0.6387686135851998,0.21410316238802252
0.20577144837634226,0.9329922363194179,5.294897879430377,0.20237336903604586,0.46913008451996036,0.6177116135851998,0.15367916238802248
0.35256144837634223,0.7068322363194177,5.370277879430377,0.1269733690360475,0.49293408451996035,0.6525016135851998,0.18663716238802247
0.5707614483763424,0.4053122363194177,5.334577879430377,0.08727336903604765,0.5103290845199604,0.7422236135851998,0.22051216238802251
0.6104344483763422,0.2942322363194183,5.259197879430377,0.023826630963952766,0.4874410845199604,0.8392696135851998,0.1738201623880225
0.6104344483763422,0.007287763680581705,5.148107879430377,0.17452663096395327,0.38673298451996035,0.7696886135851998,0.22051216238802251
0.6104344483763422,0.1580377636805821,4.965617879430377,0.13882663096395476,0.31074418451996033,0.6177116135851998,0.20037016238802247
0.4993504483763423,0.3484677636805831,4.672037879430377,0.011873369036045744,0.26313678451996037,0.4996085135851998,0.1664961623880225
0.5350564483763423,0.5349277636805816,4.600627879430377,0.17452663096395327,0.2814472845199604,0.4931998135851998,0.22051216238802251
0.6461404483763422,0.5349277636805816,4.600627879430377,0.3650266309639534,0.35194291451996035,0.5343985135851999,0.14635416238802246
0.7929294483763423,0.5746077636805822,4.564917879430377,0.44032663096395197,0.4462420845199604,0.5902456135851998,0.18663716238802247
0.7572244483763422,0.4992277636805831,4.453837879430377,0.4007266309639519,0.5405410845199603,0.6039786135851998,0.18663716238802247
0.6104344483763422,0.4238477636805822,4.382427879430377,0.24992663096395518,0.5698380845199604,0.6387686135851998,0.1664961623880225
0.6818454483763423,0.3484677636805831,4.271337879430377,0.023826630963952766,0.5698380845199604,0.6726436135851999,0.1802291623880225
0.7929294483763423,0.4238477636805822,4.271337879430377,0.08727336903604765,0.6165300845199604,0.6872916135851999,0.1802291623880225
0.9040144483763424,0.4595577636805821,4.235637879430377,0.162673369036046,0.6110370845199604,0.6872916135851999,0.15367916238802248
1.0111344483763423,0.1977177636805827,4.307047879430377,0.20237336903604586,0.5817400845199604,0.6726436135851999,0.20677916238802252
1.1579244483763422,0.06809223631941741,4.307047879430377,0.23807336903604792,0.5634300845199604,0.6103876135851998,0.16008716238802245
1.1222144483763423,0.3087977636805821,4.160257879430377,0.162673369036046,0.5341330845199603,0.5206656135851998,0.16008716238802245
1.1222144483763423,0.4992277636805831,4.013467879430377,0.023826630963952766,0.5048360845199604,0.4996085135851998,0.20677916238802252
1.1975944483763423,0.5746077636805822,4.013467879430377,0.32532663096395353,0.5103290845199604,0.5618643135851998,0.1399461623880225
1.3086744483763424,0.4992277636805831,4.195957879430377,0.3650266309639534,0.42243848451996036,0.6937006135851997,0.1939621623880225
1.3800844483763424,0.384177763680583,4.235637879430377,0.3650266309639534,0.34553422051996036,0.7843376135851998,0.21410316238802252
1.1579244483763422,0.4992277636805831,3.977757879430377,0.3650266309639534,0.3812397845199604,0.7843376135851998,0.20037016238802247
1.0508044483763423,0.5349277636805816,3.8666778794303767,0.44032663096395197,0.3638447845199604,0.7358146135851997,0.15367916238802248
0.9754244483763423,0.4992277636805831,3.977757879430377,0.4007266309639519,0.3986347845199604,0.6726436135851999,0.21410316238802252
1.0111344483763423,0.6856877636805816,4.195957879430377,0.2142266309639531,0.42793168451996033,0.6937006135851997,0.15367916238802248
0.9397144483763424,0.7610677636805825,4.160257879430377,0.011873369036045744,0.46363708451996033,0.7632806135851998,0.18663716238802247
0.8286344483763424,0.8364477636805816,4.053137879430377,0.20237336903604586,0.45814408451996036,0.7495476135851998,0.20677916238802252
0.8643444483763423,0.9475277636805828,4.124547879430377,0.5038733690360466,0.5103290845199604,0.5902456135851998,0.1664961623880225
0.7929294483763423,1.249047763680582,4.124547879430377,0.614973369036047,0.5048360845199604,0.3961539135851998,0.1738201623880225
0.6461404483763422,1.364097763680582,4.053137879430377,0.7299733690360455,0.49293408451996035,0.29910761358519977,0.22051216238802251
0.6104344483763422,1.3997977636805823,4.088847879430377,0.7299733690360455,0.5048360845199604,0.3338976135851998,0.14635416238802246
0.7929294483763423,1.4751777636805823,4.160257879430377,0.7299733690360455,0.5341330845199603,0.3888297135851998,0.1939621623880225
0.7929294483763423,1.4751777636805823,4.235637879430377,0.6902733690360456,0.5222310845199604,0.4648184475851998,0.2269211623880225
0.7929294483763423,1.4751777636805823,4.160257879430377,0.4284733690360447,0.5222310845199604,0.4996085135851998,0.1738201623880225
0.7929294483763423,1.4751777636805823,4.160257879430377,0.4284733690360447,0.5222310845199604,0.4996085135851998,0.1738201623880225
0.6818454483763423,1.439477763680582,4.053137879430377,0.23807336903604792,0.4874410845199604,0.5279898135851998,0.21410316238802252
0.7929294483763423,1.4751777636805823,4.088847879430377,0.162673369036046,0.3986347845199604,0.5765126135851998,0.14635416238802246
0.9040144483763424,1.5148477636805824,4.124547879430377,0.09912663096395491,0.37574658451996035,0.6525016135851998,0.1802291623880225
0.7929294483763423,1.249047763680582,4.013467879430377,0.32532663096395353,0.3812397845199604,0.7284906135851998,0.20677916238802252
0.7572244483763422,0.7967777636805824,3.9420578794303767,0.4007266309639519,0.4105366845199604,0.6525016135851998,0.18663716238802247
0.7929294483763423,0.9118277636805825,3.977757879430377,0.44032663096395197,0.42243848451996036,0.4858756135851998,0.2269211623880225
0.7572244483763422,1.0625777636805829,3.8666778794303767,0.5871266309639545,0.5103290845199604,0.4098868135851998,0.18663716238802247
0.6461404483763422,0.8721477636805819,3.684187879430377,0.737926630963953,0.5341330845199603,0.4858756135851998,0.16008716238802245
0.6818454483763423,0.6499877636805831,3.7952678794303774,0.6268266309639543,0.5460350845199604,0.6387686135851998,0.20677916238802252
0.8643444483763423,0.4992277636805831,3.977757879430377,0.32532663096395353,0.5753310845199604,0.7074336135851998,0.24706216238802248
0.6461404483763422,0.3087977636805821,3.8666778794303767,0.011873369036045744,0.5634300845199604,0.6872916135851999,0.1664961623880225
0.4993504483763423,0.1977177636805827,3.6127678794303772,0.162673369036046,0.5222310845199604,0.6039786135851998,0.1664961623880225
0.6818454483763423,0.4238477636805822,3.648477879430377,0.3134733690360463,0.5515280845199604,0.5417227135851999,0.20037016238802247
0.6818454483763423,0.4238477636805822,3.648477879430377,0.3134733690360463,0.5515280845199604,0.5417227135851999,0.20037016238802247
0.8643444483763423,0.6499877636805831,3.7952678794303774,0.6902733690360456,0.5991350845199603,0.5691886135851998,0.1802291623880225
0.9754244483763423,0.9118277636805825,3.648477879430377,0.8410733690360459,0.6229390845199604,0.6662346135851998,0.16008716238802245
0.9397144483763424,1.3244177636805823,3.3548978794303768,0.9164733690360478,0.6751240845199604,0.6589106135851999,0.20037016238802247
1.0111344483763423,1.6259377636805823,3.3548978794303768,0.9521733690360463,0.6522360845199604,0.4996085135851998,0.1399461623880225
1.1579244483763422,1.9671177636805819,3.319187879430377,0.8410733690360459,0.6110370845199604,0.3201656135851998,0.1939621623880225
1.0865044483763424,2.193257763680582,3.1009878794303773,0.6902733690360456,0.5872330845199604,0.2853746135851998,0.2342451623880225
1.0508044483763423,2.340047763680582,2.843117879430377,0.5395733690360451,0.5634300845199604,0.3613636135851998,0.15367916238802248
1.1579244483763422,2.415427763680582,2.843117879430377,0.579273369036045,0.5405410845199603,0.4996085135851998,0.18663716238802247
1.3443844483763423,2.415427763680582,2.914527879430377,0.579273369036045,0.5103290845199604,0.5618643135851998,0.18663716238802247
1.3443844483763423,2.2289677636805827,2.7717078794303767,0.5038733690360466,0.46913008451996036,0.5343985135851999,0.1262131623880225
1.1579244483763422,2.0782077636805827,2.6606278794303773,0.5395733690360451,0.4810320845199604,0.4931998135851998,0.20037016238802247
1.1579244483763422,2.0782077636805827,2.6606278794303773,0.5395733690360451,0.4810320845199604,0.4931998135851998,0.20037016238802247
1.1975944483763423,1.8917477636805824,2.8074178794303766,0.8410733690360459,0.6522360845199604,0.5765126135851998,0.1664961623880225
1.0508044483763423,1.7766977636805823,2.8074178794303766,0.9164733690360478,0.7053360845199603,0.6177116135851998,0.18663716238802247
1.0111344483763423,1.213337763680582,2.8074178794303766,1.0671733690360448,0.7639300845199604,0.5279898135851998,0.16008716238802245
1.0865044483763424,1.0982877636805828,2.8788278794303768,1.1425733690360467,0.7575210845199604,0.3613636135851998,0.18663716238802247
1.1222144483763423,1.364097763680582,2.7717078794303767,1.293373369036047,0.7346330845199603,0.2295276135851998,0.1802291623880225
1.0865044483763424,1.5505577636805823,2.6963278794303767,1.217973369036045,0.7227310845199604,0.2853746135851998,0.11339516238802248
1.2690044483763423,1.5902277636805824,2.6606278794303773,1.217973369036045,0.7401260845199604,0.4858756135851998,0.16008716238802245
1.4157944483763423,1.7409877636805824,2.6606278794303773,1.1028733690360468,0.6696310845199603,0.6314446135851999,0.20037016238802247
1.3086744483763424,2.0028277636805827,2.6963278794303767,0.9918733690360462,0.6522360845199604,0.6103876135851998,0.16008716238802245
1.1975944483763423,2.0782077636805827,2.6606278794303773,0.8410733690360459,0.5927270845199604,0.5481314135851998,0.1939621623880225
1.0865044483763424,2.1535877636805827,2.5852478794303773,0.614973369036047,0.5222310845199604,0.4584097535851998,0.1939621623880225
1.1975944483763423,2.1535877636805827,2.7320378794303766,0.35307336903604636,0.42793168451996033,0.5481314135851998,0.1262131623880225
1.0111344483763423,2.340047763680582,2.6963278794303767,0.35307336903604636,0.46913008451996036,0.6103876135851998,0.2342451623880225
0.8286344483763424,2.7566077636805826,2.6963278794303767,0.08727336903604765,0.5048360845199604,0.3750968135851998,0.2406541623880225
0.8643444483763423,2.8676977636805825,2.7320378794303766,0.162673369036046,0.5103290845199604,0.3686881135851998,0.1262131623880225
0.7572244483763422,2.8676977636805825,2.6963278794303767,0.35307336903604636,0.5698380845199604,0.5069327135851998,0.16008716238802245
0.6104344483763422,2.8319877636805826,2.6249178794303774,0.6545733690360471,0.5579360845199604,0.5691886135851998,0.1939621623880225
0.6818454483763423,2.7923177636805825,2.6606278794303773,0.8053733690360474,0.5991350845199603,0.4721426635851998,0.1738201623880225
0.7929294483763423,2.605857763680582,2.7320378794303766,0.8807733690360458,0.6696310845199603,0.3265736135851998,0.2406541623880225
0.7929294483763423,2.455097763680582,2.6249178794303774,0.8410733690360459,0.7758320845199604,0.2917836135851998,0.16008716238802245
0.6818454483763423,2.6415577636805825,2.5495378794303774,0.7656733690360475,0.8518210845199604,0.3824210135851998,0.1664961623880225
0.7572244483763422,2.7923177636805825,2.5852478794303773,0.8053733690360474,0.8582290845199604,0.4510855135851998,0.22051216238802251
0.9040144483763424,2.9827477636805826,2.6249178794303774,0.6545733690360471,0.8170310845199604,0.4794669135851998,0.15367916238802248
0.9754244483763423,2.7566077636805826,2.438457879430377,0.4284733690360447,0.6696310845199603,0.4794669135851998,0.18663716238802247
0.9754244483763423,2.7566077636805826,2.438457879430377,0.4284733690360447,0.6696310845199603,0.4794669135851998,0.18663716238802247
1.1222144483763423,2.605857763680582,2.402747879430377,0.20237336903604586,0.5048360845199604,0.4584097535851998,0.22051216238802251
1.1579244483763422,2.8319877636805826,2.1091678794303768,0.05157336903604559,0.4462420845199604,0.5069327135851998,0.22051216238802251
1.0111344483763423,2.7566077636805826,2.0377578794303766,0.09912663096395491,0.45814408451996036,0.6177116135851998,0.1664961623880225
1.2690044483763423,2.681237763680582,2.1845478794303768,0.023826630963952766,0.49293408451996035,0.7010246135851999,0.2406541623880225
1.3800844483763424,2.455097763680582,2.1845478794303768,0.20237336903604586,0.5817400845199604,0.7358146135851997,0.1802291623880225
1.3800844483763424,2.455097763680582,2.1845478794303768,0.20237336903604586,0.5817400845199604,0.7358146135851997,0.1802291623880225
1.1579244483763422,2.1535877636805827,2.0020578794303763,0.5395733690360451,0.7163230845199604,0.4996085135851998,0.2543871623880225
1.1222144483763423,2.0782077636805827,1.9623778794303768,0.9164733690360478,0.8170310845199604,0.4721426635851998,0.10607116238802249
1.2690044483763423,2.117877763680582,2.0377578794303766,1.1782733690360452,0.8463280845199603,0.5279898135851998,0.2406541623880225
1.3443844483763423,2.2289677636805827,1.9623778794303768,1.253673369036047,0.8930190845199604,0.5481314135851998,0.1399461623880225
1.3086744483763424,2.605857763680582,1.8552678794303767,1.4044733690360474,0.9406270845199604,0.44467681358519984,0.1335371623880225
1.3800844483763424,2.8676977636805825,1.6330978794303765,1.4044733690360474,0.9113300845199603,0.3201656135851998,0.2269211623880225
1.5268744483763423,3.244587763680582,1.4863078794303768,1.3687733690360453,0.8582290845199604,0.3128406135851998,0.14635416238802246
1.7093744483763422,3.435017763680582,1.4148978794303766,1.253673369036047,0.8051290845199603,0.3888297135851998,0.1738201623880225
1.7847544483763422,3.8476177636805824,1.2681078794303768,1.0275733690360447,0.7465350845199603,0.4648184475851998,0.20037016238802247
1.7847544483763422,3.8476177636805824,1.2681078794303768,1.0275733690360447,0.7465350845199603,0.4648184475851998,0.20037016238802247
1.8204544483763425,3.998367763680582,1.0856078794303767,0.8807733690360458,0.7227310845199604,0.4721426635851998,0.11339516238802248
1.9315444483763424,3.9229977636805824,1.0856078794303767,0.7299733690360455,0.6870260845199604,0.4996085135851998,0.22051216238802251
1.8958344483763425,3.8476177636805824,0.9745278794303769,0.5038733690360466,0.6989280845199604,0.4931998135851998,0.20037016238802247
1.8958344483763425,3.8833177636805827,0.8674078794303768,0.23807336903604792,0.7465350845199603,0.4996085135851998,0.1939621623880225
1.8958344483763425,3.8833177636805827,0.8277378794303767,0.20237336903604586,0.7877340845199603,0.5618643135851998,0.15367916238802248
1.9315444483763424,3.9229977636805824,0.9031178794303767,0.1269733690360475,0.7813250845199604,0.6387686135851998,0.18663716238802247
1.9315444483763424,3.8079477636805823,0.9388178794303765,0.162673369036046,0.7758320845199604,0.6525016135851998,0.15367916238802248
1.8204544483763425,3.359637763680582,0.8277378794303767,0.38877336903604487,0.7639300845199604,0.6039786135851998,0.18663716238802247
1.7093744483763422,3.1335077636805826,0.7563278794303765,0.579273369036045,0.6870260845199604,0.5069327135851998,0.21410316238802252
1.6736644483763423,3.284257763680582,0.9031178794303767,0.8410733690360459,0.6577290845199604,0.43735261358519983,0.20037016238802247
1.6379644483763423,3.244587763680582,0.7920278794303768,1.0671733690360448,0.7108300845199604,0.4510855135851998,0.18663716238802247
1.6736644483763423,3.359637763680582,0.9031178794303767,1.1425733690360467,0.8399190845199603,0.5554556135851998,0.1939621623880225
1.8561644483763424,3.470727763680582,1.0102378794303768,1.1425733690360467,0.8875260845199604,0.5902456135851998,0.14635416238802246
1.7490444483763423,3.6968577636805824,0.9388178794303765,1.1782733690360452,0.9461200845199603,0.4794669135851998,0.20037016238802247
1.6736644483763423,3.7325677636805823,0.8674078794303768,1.217973369036045,0.9992210845199604,0.3403066135851998,0.22051216238802251
1.6736644483763423,3.7722377636805824,0.6809478794303765,0.8807733690360458,0.9113300845199603,0.3201656135851998,0.14635416238802246
1.8561644483763424,3.7722377636805824,0.7920278794303768,0.8053733690360474,0.8811180845199603,0.3961539135851998,0.1802291623880225
1.7490444483763423,3.998367763680582,0.8277378794303767,0.8807733690360458,0.8051290845199603,0.5133414135851998,0.20677916238802252
1.6022544483763423,4.149127763680582,0.9031178794303767,0.8807733690360458,0.7813250845199604,0.6039786135851998,0.1262131623880225
1.6379644483763423,4.450647763680582,0.8674078794303768,0.9164733690360478,0.6815330845199603,0.6525016135851998,0.21410316238802252
1.6022544483763423,4.561727763680582,0.8277378794303767,0.9164733690360478,0.6522360845199604,0.5133414135851998,0.24706216238802248
1.6736644483763423,4.752157763680582,0.7920278794303768,1.1782733690360452,0.6641380845199604,0.4309439135851998,0.1262131623880225
1.5625844483763422,4.712487763680582,0.7206178794303766,1.3687733690360453,0.6870260845199604,0.3888297135851998,0.18663716238802247
1.5268744483763423,4.601397763680582,0.7206178794303766,1.670273369036046,0.7282250845199604,0.3201656135851998,0.21410316238802252
1.4911744483763423,4.526017763680582,0.7206178794303766,1.9717733690360468,0.8289330845199603,0.2157946135851998,0.1738201623880225
1.4911744483763423,4.149127763680582,0.6452378794303766,2.0828733690360473,0.9580220845199604,0.2569936135851998,0.18663716238802247
1.3443844483763423,4.184837763680583,0.7206178794303766,2.1224733690360473,1.0404190845199603,0.3265736135851998,0.11339516238802248
1.3443844483763423,4.184837763680583,0.7206178794303766,2.1224733690360473,1.0404190845199603,0.3265736135851998,0.11339516238802248
1.4554644483763424,4.260217763680583,0.7563278794303765,2.1224733690360473,1.1109150845199602,0.3888297135851998,0.1738201623880225
1.4911744483763423,4.410967763680582,0.7206178794303766,1.9717733690360468,1.0697160845199605,0.4858756135851998,0.16008716238802245
1.6379644483763423,4.450647763680582,0.6452378794303766,1.7813733690360465,1.0340110845199604,0.5343985135851999,0.10607116238802249
1.6022544483763423,4.073747763680582,0.5341578794303767,1.5551733690360479,0.9223160845199604,0.4510855135851998,0.1939621623880225
1.6379644483763423,4.034077763680583,0.5341578794303767,1.253673369036047,0.7987200845199603,0.2853746135851998,0.1738201623880225
1.6736644483763423,4.224507763680582,0.42703787943037663,1.1782733690360452,0.7575210845199604,0.29910761358519977,0.14635416238802246
1.5268744483763423,4.335587763680582,0.3159578794303768,0.9521733690360463,0.7401260845199604,0.4648184475851998,0.2269211623880225
1.6022544483763423,4.335587763680582,0.42703787943037663,0.9918733690360462,0.7163230845199604,0.6525016135851998,0.15367916238802248
1.8204544483763425,4.450647763680582,0.4984578794303769,0.9521733690360463,0.7465350845199603,0.6799676135851997,0.16008716238802245
1.7093744483763422,4.526017763680582,0.3913378794303768,0.8053733690360474,0.8106220845199603,0.5618643135851998,0.20677916238802252
1.4911744483763423,4.526017763680582,0.09775787943037662,0.9164733690360478,0.8756240845199603,0.4648184475851998,0.1399461623880225
1.6379644483763423,4.486347763680582,0.1691678794303768,1.1028733690360468,0.8756240845199603,0.4309439135851998,0.1664961623880225
1.6379644483763423,4.450647763680582,0.1691678794303768,1.4440733690360474,0.8225240845199604,0.4648184475851998,0.1664961623880225
1.6736644483763423,4.450647763680582,0.1691678794303768,1.670273369036046,0.8106220845199603,0.4309439135851998,0.1664961623880225
1.6022544483763423,4.637107763680582,0.09775787943037662,1.856673369036045,0.8399190845199603,0.30551661358519977,0.20037016238802247
1.5268744483763423,4.902917763680582,0.022377879430376613,1.896373369036045,0.8701310845199604,0.23685261358519982,0.18663716238802247
1.6022544483763423,5.164757763680583,0.13346787943037675,1.8209733690360466,0.9580220845199604,0.2569936135851998,0.1399461623880225
1.6022544483763423,5.466267763680582,0.01332212056962323,1.7455733690360447,0.9992210845199604,0.3403066135851998,0.1664961623880225
1.6736644483763423,5.501977763680582,0.04903212056962336,1.5551733690360479,0.9699240845199604,0.3540396135851998,0.1664961623880225
1.8204544483763425,5.577347763680582,0.04903212056962336,1.217973369036045,0.8875260845199604,0.3540396135851998,0.15367916238802248
1.7093744483763422,5.466267763680582,0.08474212056962327,0.9918733690360462,0.8811180845199603,0.2716426135851998,0.1802291623880225
1.7093744483763422,5.466267763680582,0.08474212056962327,0.9918733690360462,0.8811180845199603,0.2716426135851998,0.1802291623880225
1.6736644483763423,5.390887763680582,0.1601121205696232,0.8410733690360459,0.8051290845199603,0.3128406135851998,0.18663716238802247
1.6379644483763423,5.240137763680583,0.27120212056962334,0.7299733690360455,0.8289330845199603,0.4858756135851998,0.18663716238802247
1.6736644483763423,5.164757763680583,0.19582212056962334,0.6545733690360471,0.8518210845199604,0.5691886135851998,0.1399461623880225
1.7847544483763422,5.200457763680582,0.19582212056962334,0.7656733690360475,0.8875260845199604,0.5902456135851998,0.15367916238802248
1.6736644483763423,5.200457763680582,0.3426121205696233,0.8807733690360458,0.8875260845199604,0.6103876135851998,0.1939621623880225
1.8204544483763425,5.089377763680583,0.3783121205696234,1.0275733690360447,0.8994280845199604,0.5829216135851998,0.16008716238802245
1.8204544483763425,4.410967763680582,0.5251021205696234,1.3290733690360454,0.8994280845199604,0.4794669135851998,0.18663716238802247
1.9315444483763424,4.224507763680582,0.4536921205696234,1.5948733690360477,0.8930190845199604,0.3403066135851998,0.1802291623880225
1.7490444483763423,4.260217763680583,0.6004821205696234,1.670273369036046,0.9635150845199604,0.2643176135851998,0.1664961623880225
1.7847544483763422,4.073747763680582,0.6361921205696233,1.670273369036046,1.0459130845199605,0.3201656135851998,0.1738201623880225
1.8561644483763424,4.260217763680583,0.5251021205696234,1.7059733690360481,1.1640160845199605,0.43735261358519983,0.1664961623880225
1.8958344483763425,4.526017763680582,0.4536921205696234,1.7059733690360481,1.2345110845199603,0.5765126135851998,0.09325416238802249
1.6379644483763423,4.752157763680582,0.5251021205696234,1.5551733690360479,1.2226090845199602,0.6250356135851998,0.2342451623880225
1.7093744483763422,4.712487763680582,0.6361921205696233,1.479773369036046,1.1164080845199602,0.5765126135851998,0.1335371623880225
1.8204544483763425,4.827537763680582,0.6004821205696234,1.4440733690360474,0.9992210845199604,0.4584097535851998,0.1738201623880225
1.7847544483763422,5.013997763680583,0.7076021205696232,1.293373369036047,0.9049210845199603,0.3888297135851998,0.20677916238802252
1.6736644483763423,5.351217763680582,0.7076021205696232,1.1782733690360452,0.9113300845199603,0.43735261358519983,0.11980416238802248
1.6736644483763423,5.577347763680582,0.7472741205696233,1.217973369036045,0.8994280845199604,0.4510855135851998,0.20677916238802252
1.6379644483763423,5.954247763680582,0.7472741205696233,1.1425733690360467,0.8875260845199604,0.4584097535851998,0.21410316238802252
1.6022544483763423,6.104997763680583,0.7472741205696233,0.9918733690360462,0.9342180845199604,0.4648184475851998,0.09966216238802249
1.5268744483763423,6.295427763680582,0.8186851205696233,0.9918733690360462,0.9223160845199604,0.4309439135851998,0.1802291623880225
1.4911744483763423,6.220047763680583,0.8543911205696233,1.1028733690360468,0.8811180845199603,0.4025626135851998,0.21410316238802252
1.5268744483763423,6.180377763680582,0.9297691205696232,1.1782733690360452,0.8930190845199604,0.4510855135851998,0.1399461623880225
1.6022544483763423,5.954247763680582,0.9297691205696232,1.3290733690360454,0.8930190845199604,0.3476306135851998,0.1939621623880225
1.5268744483763423,5.541647763680582,0.9297691205696232,1.4044733690360474,0.9223160845199604,0.3201656135851998,0.20037016238802247
1.5268744483763423,5.617027763680582,0.8940641205696233,1.479773369036046,1.0111220845199602,0.3540396135851998,0.14635416238802246
1.5625844483763422,5.577347763680582,0.9297691205696232,1.5194733690360458,1.1109150845199602,0.4025626135851998,0.1399461623880225
1.4911744483763423,5.692407763680582,0.9654751205696233,1.5194733690360458,1.1347190845199604,0.4996085135851998,0.1664961623880225
1.5268744483763423,5.803487763680582,0.9297691205696232,1.4044733690360474,1.0697160845199605,0.5069327135851998,0.20677916238802252
1.6736644483763423,6.0692977636805825,1.0011801205696234,1.3290733690360454,1.0047140845199602,0.4721426635851998,0.1664961623880225
1.6379644483763423,5.617027763680582,1.1122641205696233,1.1782733690360452,0.9287250845199604,0.4309439135851998,0.14635416238802246
1.7490444483763423,5.466267763680582,1.2590541205696233,0.9918733690360462,0.8701310845199604,0.4236197135851998,0.1802291623880225
1.6736644483763423,5.501977763680582,1.2947601205696233,0.9918733690360462,0.8811180845199603,0.4025626135851998,0.1738201623880225
1.6736644483763423,5.466267763680582,1.3304651205696234,0.9521733690360463,0.9168230845199603,0.4510855135851998,0.16008716238802245
1.5625844483763422,5.577347763680582,1.2947601205696233,0.9164733690360478,0.9580220845199604,0.5417227135851999,0.14635416238802246
1.6736644483763423,5.617027763680582,1.2590541205696233,1.1782733690360452,0.9937270845199604,0.6387686135851998,0.1335371623880225
1.6379644483763423,5.617027763680582,1.2233481205696233,1.5194733690360458,1.0166160845199603,0.7010246135851999,0.1262131623880225
1.5625844483763422,5.501977763680582,1.3701381205696233,1.7813733690360465,1.0047140845199602,0.5966546135851998,0.1939621623880225
1.5625844483763422,5.501977763680582,1.3701381205696233,1.7813733690360465,1.0047140845199602,0.5966546135851998,0.1939621623880225
1.6022544483763423,5.541647763680582,1.3701381205696233,2.047173369036045,1.0459130845199605,0.4025626135851998,0.18663716238802247
1.8204544483763425,5.7677777636805825,1.5526331205696233,2.384373369036048,1.1228170845199603,0.1745966135851998,0.2406541623880225
1.8204544483763425,5.7677777636805825,1.5526331205696233,2.384373369036048,1.1228170845199603,0.1745966135851998,0.2406541623880225
1.7093744483763422,5.878867763680582,1.5883391205696233,2.535073369036045,1.1988060845199604,0.1608636135851998,0.18663716238802247
1.7490444483763423,6.557267763680582,1.7351283205696233,2.4200733690360465,1.2400040845199602,0.2231196135851998,0.2269211623880225
1.7847544483763422,6.708027763680582,1.8462121205696234,2.2692733690360463,1.1759170845199605,0.2853746135851998,0.1335371623880225
1.6736644483763423,6.819107763680583,1.9176231205696233,2.0828733690360473,1.0752090845199604,0.3201656135851998,0.14635416238802246
1.8561644483763424,6.894487763680582,1.8462121205696234,1.8209733690360466,0.9992210845199604,0.3338976135851998,0.2342451623880225
1.9672444483763423,6.783407763680582,1.9533291205696233,1.6305733690360462,0.9342180845199604,0.3128406135851998,0.15367916238802248
1.9672444483763423,6.521567763680583,1.9890341205696234,1.3290733690360454,0.9287250845199604,0.3403066135851998,0.16008716238802245
1.9315444483763424,6.481897763680582,2.0644131205696232,1.253673369036047,0.9580220845199604,0.3888297135851998,0.26720416238802247
1.8561644483763424,6.406517763680583,2.0287071205696234,0.9521733690360463,1.0642230845199605,0.4172110135851998,0.15367916238802248
1.7847544483763422,6.331137763680582,1.9533291205696233,0.8410733690360459,1.1347190845199604,0.4931998135851998,0.18663716238802247
1.8561644483763424,6.370807763680583,2.0287071205696234,0.9164733690360478,1.0990130845199604,0.5206656135851998,0.22051216238802251
1.8958344483763425,6.331137763680582,2.0287071205696234,1.1782733690360452,1.0990130845199604,0.5554556135851998,0.1802291623880225
1.8204544483763425,6.0692977636805825,2.2112021205696233,1.4044733690360474,1.0752090845199604,0.5069327135851998,0.16008716238802245
1.8958344483763425,5.541647763680582,2.246908120569623,1.6305733690360462,1.0404190845199603,0.3824210135851998,0.20037016238802247
2.078334448376342,5.501977763680582,2.135824120569623,1.856673369036045,1.0990130845199604,0.3128406135851998,0.16008716238802245
2.0426244483763423,5.728107763680582,2.2826141205696233,1.7813733690360465,1.1402120845199604,0.2716426135851998,0.1939621623880225
1.9672444483763423,5.7677777636805825,2.5047821205696232,1.7813733690360465,1.2290180845199603,0.3540396135851998,0.1738201623880225
1.9672444483763423,5.7677777636805825,2.5047821205696232,1.7813733690360465,1.2290180845199603,0.3540396135851998,0.1738201623880225
2.1497444483763424,6.596947763680582,2.465109120569623,1.7059733690360481,1.2226090845199602,0.5133414135851998,0.2342451623880225
2.1894144483763425,6.632647763680582,2.6515711205696233,1.5194733690360458,1.1878190845199603,0.5069327135851998,0.1802291623880225
2.260824448376342,6.668357763680582,2.798362120569623,1.4044733690360474,1.0111220845199602,0.3403066135851998,0.1802291623880225
2.3362044483763422,6.858787763680582,2.834062120569623,1.4044733690360474,1.0340110845199604,0.3201656135851998,0.21410316238802252
2.296534448376342,7.045247763680582,2.9054821205696233,1.479773369036046,1.0871110845199605,0.3824210135851998,0.15367916238802248
2.3719044483763425,7.196007763680583,3.016562120569623,1.5551733690360479,1.1759170845199605,0.44467681358519984,0.14635416238802246
2.3362044483763422,7.346757763680582,2.9808521205696232,1.7455733690360447,1.1402120845199604,0.4584097535851998,0.1664961623880225
2.260824448376342,7.497517763680582,3.016562120569623,1.9717733690360468,1.1347190845199604,0.4236197135851998,0.16008716238802245
2.1894144483763425,7.497517763680582,3.0522621205696234,2.2335733690360478,1.0871110845199605,0.3750968135851998,0.18663716238802247
2.1894144483763425,7.386437763680583,3.1276421205696234,2.308973369036046,1.0578140845199604,0.3201656135851998,0.1738201623880225
2.296534448376342,7.311057763680582,3.1276421205696234,2.384373369036048,1.0285180845199604,0.2716426135851998,0.1738201623880225
2.4076144483763424,7.196007763680583,3.0879721205696233,2.2692733690360463,1.1466210845199605,0.1608636135851998,0.20037016238802247
2.296534448376342,7.084917763680583,3.2347621205696235,2.1978733690360457,1.2812030845199605,0.10501661358519981,0.20677916238802252
2.3362044483763422,7.160297763680582,3.3101421205696235,2.0074733690360453,1.4047990845199605,0.1608636135851998,0.11339516238802248
2.4829944483763424,7.271387763680583,3.3458421205696234,1.5194733690360458,1.4524090845199602,0.4172110135851998,0.11339516238802248
2.4433244483763423,7.386437763680583,3.3458421205696234,1.3687733690360453,1.3819090845199602,0.4996085135851998,0.1939621623880225
2.4829944483763424,7.537187763680582,3.528342120569623,1.293373369036047,1.2519060845199603,0.5206656135851998,0.2269211623880225
2.629784448376342,7.196007763680583,3.603722120569623,1.253673369036047,1.1466210845199605,0.4996085135851998,0.11980416238802248
2.7011944483763424,6.858787763680582,3.7505121205696232,1.1028733690360468,1.0523210845199604,0.43735261358519983,0.2342451623880225
2.7369044483763423,7.045247763680582,3.8219221205696234,1.1425733690360467,1.0523210845199604,0.3476306135851998,0.2342451623880225
2.6654844483763425,7.271387763680583,3.9330021205696237,1.0275733690360447,1.1640160845199605,0.3403066135851998,0.1939621623880225
2.6654844483763425,7.497517763680582,3.9687121205696236,1.0671733690360448,1.2638080845199604,0.4510855135851998,0.14635416238802246
2.7011944483763424,7.7990277636805825,3.9687121205696236,1.3687733690360453,1.2638080845199604,0.5554556135851998,0.1939621623880225
2.7369044483763423,7.989457763680583,3.9330021205696237,1.5551733690360479,1.2757100845199605,0.5554556135851998,0.11339516238802248
2.7369044483763423,7.838707763680582,4.040122120569623,1.856673369036045,1.2519060845199603,0.4584097535851998,0.1939621623880225
2.7369044483763423,7.838707763680582,4.040122120569623,1.856673369036045,1.2519060845199603,0.4584097535851998,0.1939621623880225
2.6654844483763425,7.8744077636805825,4.004412120569623,2.047173369036045,1.2226090845199602,0.18100461358519981,0.1262131623880225
2.6654844483763425,7.8744077636805825,4.004412120569623,2.047173369036045,1.2226090845199602,0.18100461358519981,0.1262131623880225
2.5901144483763425,7.989457763680583,4.004412120569623,2.1224733690360473,1.2995140845199602,0.13248161358519983,0.16008716238802245
2.4433244483763423,8.251302763680583,3.9687121205696236,2.0828733690360473,1.2812030845199605,0.29910761358519977,0.22051216238802251
2.554404448376342,8.362386763680583,3.8933321205696236,2.0074733690360453,1.2400040845199602,0.44467681358519984,0.1399461623880225
2.5186944483763423,8.588521763680582,3.8219221205696234,1.7813733690360465,1.1759170845199605,0.4584097535851998,0.1738201623880225
2.260824448376342,8.965413763680582,4.040122120569623,1.5551733690360479,1.0871110845199605,0.4858756135851998,0.1802291623880225
2.4076144483763424,9.005086763680582,4.079792120569623,1.5551733690360479,1.0871110845199605,0.5554556135851998,0.20037016238802247
2.6654844483763425,8.778951763680583,4.115502120569623,1.5948733690360477,1.0816180845199603,0.4794669135851998,0.22051216238802251
2.7369044483763423,8.628194763680582,4.115502120569623,1.5194733690360458,1.1109150845199602,0.2917836135851998,0.1399461623880225
2.629784448376342,8.362386763680583,4.333702120569623,1.6305733690360462,1.2812030845199605,0.1745966135851998,0.22051216238802251
2.629784448376342,8.362386763680583,4.333702120569623,1.6305733690360462,1.2812030845199605,0.1745966135851998,0.22051216238802251
2.5901144483763425,8.362386763680583,4.4804921205696235,1.7813733690360465,1.2931050845199603,0.2569936135851998,0.20677916238802252
2.629784448376342,8.287007763680583,4.333702120569623,2.0074733690360453,1.3526190845199602,0.4236197135851998,0.1335371623880225
2.7765744483763424,8.100547763680582,4.369402120569624,2.308973369036046,1.3407120845199603,0.5765126135851998,0.21410316238802252
2.7369044483763423,7.9497877636805825,4.369402120569624,2.4597733690360464,1.3581090845199602,0.6177116135851998,0.20677916238802252
2.7369044483763423,7.914087763680582,4.409082120569623,2.495473369036045,1.2702170845199605,0.4858756135851998,0.16008716238802245
2.7765744483763424,7.572897763680582,4.5558721205696235,2.495473369036045,1.3169090845199602,0.30551661358519977,0.22051216238802251
2.8836844483763424,7.235677763680583,4.591572120569623,2.384373369036048,1.3462090845199604,0.2643176135851998,0.1939621623880225
2.8836844483763424,7.422137763680582,4.738362120569623,2.3446733690360446,1.3938090845199604,0.2716426135851998,0.10607116238802249
2.847984448376342,7.7990277636805825,4.809772120569623,2.158173369036046,1.3938090845199604,0.3201656135851998,0.22051216238802251
2.8836844483763424,8.140217763680582,4.774072120569623,2.047173369036045,1.4231090845199605,0.3403066135851998,0.11980416238802248
3.030474448376342,8.588521763680582,4.809772120569623,1.896373369036045,1.3938090845199604,0.4172110135851998,0.16008716238802245
3.030474448376342,8.739278763680582,4.920862120569623,1.7455733690360447,1.3050070845199604,0.4584097535851998,0.20037016238802247
2.9590644483763424,8.739278763680582,4.992272120569623,1.7059733690360481,1.2400040845199602,0.4858756135851998,0.1738201623880225
2.8836844483763424,8.663899763680583,5.067652120569623,1.7813733690360465,1.1933120845199605,0.4584097535851998,0.2406541623880225
2.8836844483763424,8.663899763680583,5.0319421205696235,1.7059733690360481,1.1521140845199604,0.3824210135851998,0.2543871623880225
2.923364448376342,8.588521763680582,4.9565621205696235,1.5194733690360458,1.1402120845199604,0.2917836135851998,0.20037016238802247
2.9590644483763424,8.739278763680582,4.885152120569623,1.5948733690360477,1.1521140845199604,0.3201656135851998,0.18663716238802247
2.847984448376342,8.854329763680582,4.9565621205696235,1.7455733690360447,1.2812030845199605,0.4172110135851998,0.18663716238802247
2.7011944483763424,9.191548963680582,4.992272120569623,1.9717733690360468,1.3462090845199604,0.4996085135851998,0.2342451623880225
2.629784448376342,9.155843463680583,5.0319421205696235,2.1224733690360473,1.3874090845199603,0.4172110135851998,0.14635416238802246
2.7765744483763424,9.266927363680582,4.992272120569623,2.158173369036046,1.3407120845199603,0.09128361358519982,0.27452816238802247
2.812274448376342,9.342305763680582,5.067652120569623,2.0074733690360453,1.2812030845199605,0.026819386414800195,0.18663716238802247
2.923364448376342,9.306599763680582,5.067652120569623,2.0828733690360473,1.2757100845199605,0.029027613585199785,0.1335371623880225
2.8836844483763424,9.266927363680582,5.103352120569624,2.0828733690360473,1.2638080845199604,0.14621461358519983,0.2873451623880225
2.847984448376342,9.231221863680583,5.0319421205696235,1.896373369036045,1.2995140845199602,0.3338976135851998,0.21410316238802252
2.6654844483763425,9.266927363680582,5.067652120569623,1.5551733690360479,1.2876120845199603,0.4098868135851998,0.15367916238802248
2.5901144483763425,9.191548963680582,5.103352120569624,1.253673369036047,1.2757100845199605,0.4172110135851998,0.2342451623880225
2.5901144483763425,9.266927363680582,5.067652120569623,1.1782733690360452,1.2638080845199604,0.4584097535851998,0.21410316238802252
2.629784448376342,9.266927363680582,4.992272120569623,1.253673369036047,1.2702170845199605,0.5902456135851998,0.15367916238802248
2.629784448376342,9.080464963680582,5.0319421205696235,1.4440733690360474,1.2519060845199603,0.6387686135851998,0.27452816238802247
2.629784448376342,8.663899763680583,5.103352120569624,1.5948733690360477,1.1988060845199604,0.4931998135851998,0.22051216238802251
2.7011944483763424,8.362386763680583,4.992272120569623,1.670273369036046,1.1576070845199604,0.20938661358519983,0.18663716238802247
2.629784448376342,8.326680763680582,5.103352120569624,1.7455733690360447,1.2226090845199602,0.0015616135851997948,0.24706216238802248
2.5901144483763425,8.552815763680583,5.250142120569623,2.0074733690360453,1.3462090845199604,0.11234061358519981,0.24706216238802248
2.629784448376342,8.778951763680583,5.285852120569623,2.3446733690360446,1.4459990845199604,0.4098868135851998,0.20037016238802247
2.7011944483763424,9.080464963680582,5.178732120569624,2.535073369036045,1.4524090845199602,0.6250356135851998,0.24706216238802248
2.7011944483763424,9.080464963680582,5.178732120569624,2.535073369036045,1.4524090845199602,0.6250356135851998,0.24706216238802248
2.7011944483763424,9.231221863680583,5.468342120569623,2.535073369036045,1.4350090845199603,0.20938661358519983,0.15367916238802248
2.7011944483763424,9.231221863680583,5.468342120569623,2.535073369036045,1.4350090845199603,0.20938661358519983,0.15367916238802248
2.7369044483763423,9.231221863680583,5.579432120569623,2.4200733690360465,1.3938090845199604,0.01529461358519979,0.20037016238802247
2.812274448376342,9.342305763680582,5.579432120569623,2.384373369036048,1.3993090845199605,0.07022661358519983,0.20677916238802252
2.8836844483763424,9.568440763680583,5.468342120569623,2.1224733690360473,1.4405090845199604,0.3201656135851998,0.22051216238802251
2.812274448376342,9.754903763680582,5.543722120569623,1.856673369036045,1.4231090845199605,0.30551661358519977,0.1939621623880225
2.7369044483763423,10.056416763680582,5.615132120569624,1.5551733690360479,1.4166990845199603,0.2716426135851998,0.21410316238802252
2.7765744483763424,10.096089763680583,5.6508421205696235,1.5194733690360458,1.2400040845199602,0.3824210135851998,0.1939621623880225
2.847984448376342,9.945332763680582,5.5080121205696235,1.479773369036046,1.1759170845199605,0.5206656135851998,0.22051216238802251
2.8836844483763424,9.643819763680582,5.579432120569623,1.4440733690360474,1.1109150845199602,0.5279898135851998,0.24706216238802248
2.7369044483763423,9.342305763680582,5.690512120569624,1.253673369036047,1.2290180845199603,0.3540396135851998,0.2406541623880225
2.6654844483763425,9.417683763680582,5.797632120569623,1.3290733690360454,1.3407120845199603,0.1947376135851998,0.2269211623880225
2.7369044483763423,9.417683763680582,5.797632120569623,1.3687733690360453,1.3938090845199604,0.3128406135851998,0.22051216238802251
2.7369044483763423,9.417683763680582,5.797632120569623,1.3687733690360453,1.3938090845199604,0.3128406135851998,0.22051216238802251
2.7765744483763424,9.231221863680583,5.797632120569623,1.5948733690360477,1.5283990845199602,0.5765126135851998,0.14635416238802246
2.812274448376342,9.116170563680582,5.726222120569623,1.7813733690360465,1.5174090845199601,0.6451776135851999,0.22051216238802251
2.812274448376342,9.191548963680582,5.726222120569623,1.8209733690360466,1.4697990845199604,0.4721426635851998,0.1738201623880225
2.7765744483763424,9.342305763680582,5.726222120569623,1.932073369036047,1.4112090845199603,0.3128406135851998,0.20677916238802252
2.7765744483763424,9.191548963680582,6.019792120569623,1.856673369036045,1.3343040845199603,0.3338976135851998,0.2406541623880225
2.923364448376342,8.965413763680582,6.019792120569623,1.7813733690360465,1.3114150845199604,0.3961539135851998,0.1738201623880225
2.9947744483763423,9.155843463680583,6.091212120569623,1.5551733690360479,1.4350090845199603,0.4510855135851998,0.21410316238802252
2.8836844483763424,9.493062763680582,6.349082120569623,1.4440733690360474,1.5228990845199601,0.5279898135851998,0.1738201623880225
3.105854448376342,9.981038763680582,6.384782120569623,1.5551733690360479,1.3462090845199604,0.5417227135851999,0.21410316238802252
3.1415644483763425,9.905660763680583,6.460162120569623,1.7455733690360447,1.3114150845199604,0.3403066135851998,0.1939621623880225
3.105854448376342,9.754903763680582,6.495872120569623,2.0074733690360453,1.2464130845199604,0.1398066135851998,0.2543871623880225
3.1415644483763425,9.608113763680583,6.460162120569623,2.2335733690360478,1.2812030845199605,0.042760613585199836,0.24706216238802248
3.0701544483763423,9.679524763680583,6.420492120569623,2.4597733690360464,1.3754990845199604,0.10501661358519981,0.24706216238802248
2.923364448376342,9.643819763680582,6.384782120569623,2.610473369036047,1.4816990845199602,0.18100461358519981,0.1939621623880225
2.847984448376342,9.830281763680583,6.313372120569623,2.6461733690360454,1.5998090845199604,0.2643176135851998,0.1664961623880225
2.812274448376342,9.869954763680582,6.238002120569623,2.8365733690360457,1.6290990845199604,0.29910761358519977,0.20677916238802252
2.812274448376342,10.056416763680582,6.273702120569623,2.8365733690360457,1.5759990845199603,0.29910761358519977,0.20677916238802252
2.847984448376342,10.096089763680583,6.420492120569623,2.7969733690360457,1.5640990845199605,0.3128406135851998,0.22051216238802251
2.847984448376342,10.282547763680583,6.531572120569623,2.6461733690360454,1.4459990845199604,0.18832961358519978,0.15367916238802248
2.9947744483763423,10.357927763680582,6.602992120569623,2.2335733690360478,1.3343040845199603,0.046961386414800244,0.14635416238802246
2.9947744483763423,10.322227763680582,6.678362120569623,1.9717733690360468,1.3581090845199602,0.13248161358519983,0.20037016238802247
2.9590644483763424,10.433307763680583,6.602992120569623,1.7455733690360447,1.3343040845199603,0.3476306135851998,0.2873451623880225
2.8836844483763424,10.357927763680582,6.495872120569623,1.479773369036046,1.3407120845199603,0.5691886135851998,0.1802291623880225
2.812274448376342,10.056416763680582,6.567282120569623,1.4440733690360474,1.2995140845199602,0.5206656135851998,0.3615031623880225
2.923364448376342,9.981038763680582,6.678362120569623,1.4044733690360474,1.3938090845199604,0.3824210135851998,0.2406541623880225
3.0701544483763423,9.945332763680582,6.789452120569623,1.5194733690360458,1.4524090845199602,0.3476306135851998,0.2946701623880225
3.0701544483763423,9.945332763680582,6.789452120569623,1.5194733690360458,1.4524090845199602,0.3476306135851998,0.2946701623880225
3.105854448376342,9.679524763680583,6.825152120569623,1.6305733690360462,1.4990990845199605,0.2643176135851998,0.11980416238802248
3.0701544483763423,9.719197763680583,6.896562120569623,1.8209733690360466,1.4697990845199604,0.2020616135851998,0.2873451623880225
3.105854448376342,10.171467763680582,6.896562120569623,2.0074733690360453,1.4643090845199604,0.1947376135851998,0.21410316238802252
3.1772644483763424,10.433307763680583,7.007652120569623,2.1224733690360473,1.5586090845199605,0.3540396135851998,0.18663716238802247
3.1415644483763425,10.734827763680583,7.118732120569623,2.2335733690360478,1.5228990845199601,0.4721426635851998,0.27452816238802247
3.1772644483763424,10.960957763680582,7.190142120569623,2.1978733690360457,1.5228990845199601,0.4025626135851998,0.24706216238802248
3.2169444483763425,10.960957763680582,7.190142120569623,2.047173369036045,1.4816990845199602,0.2020616135851998,0.15367916238802248
3.2169444483763425,10.849877763680583,7.154442120569623,1.932073369036047,1.4350090845199603,0.029027613585199785,0.27452816238802247
3.2526444483763424,10.774497763680582,7.265522120569623,1.7813733690360465,1.3581090845199602,0.10501661358519981,0.20037016238802247
3.1415644483763425,10.925247763680582,7.265522120569623,1.5551733690360479,1.3635990845199601,0.2853746135851998,0.22051216238802251
2.923364448376342,11.147417763680583,7.007652120569623,1.6305733690360462,1.3700090845199604,0.4510855135851998,0.27452816238802247
2.847984448376342,11.111717763680582,7.190142120569623,1.7059733690360481,1.3938090845199604,0.5481314135851998,0.20037016238802247
3.030474448376342,11.187097763680583,7.225852120569623,1.7813733690360465,1.3526190845199602,0.5481314135851998,0.16008716238802245
3.1772644483763424,11.187097763680583,7.154442120569623,1.9717733690360468,1.3819090845199602,0.3888297135851998,0.22051216238802251
3.0701544483763423,11.147417763680583,7.190142120569623,2.1978733690360457,1.3938090845199604,0.2643176135851998,0.1664961623880225
2.847984448376342,11.000627763680582,7.372642120569623,2.2692733690360463,1.4697990845199604,0.2157946135851998,0.2342451623880225
2.9947744483763423,10.774497763680582,7.265522120569623,2.384373369036048,1.4350090845199603,0.2295276135851998,0.2543871623880225
3.0701544483763423,10.584067763680583,7.154442120569623,2.535073369036045,1.5055090845199603,0.2020616135851998,0.1939621623880225
2.9590644483763424,10.548357763680583,7.190142120569623,2.4597733690360464,1.6052990845199604,0.2231196135851998,0.27452816238802247
2.812274448376342,10.623737763680582,7.336932120569623,2.308973369036046,1.6757990845199604,0.3686881135851998,0.1664961623880225
2.812274448376342,10.659447763680582,7.265522120569623,2.2692733690360463,1.6876990845199602,0.5206656135851998,0.20677916238802252
2.812274448376342,10.659447763680582,7.265522120569623,2.2692733690360463,1.6876990845199602,0.5206656135851998,0.20677916238802252
2.923364448376342,10.699117763680583,7.265522120569623,2.158173369036046,1.6464990845199603,0.5618643135851998,0.2543871623880225
2.9947744483763423,10.734827763680583,7.412312120569623,2.1224733690360473,1.5640990845199605,0.5691886135851998,0.15367916238802248
3.105854448376342,10.925247763680582,7.483722120569623,1.9717733690360468,1.4350090845199603,0.44467681358519984,0.2269211623880225
2.9947744483763423,10.849877763680583,7.555132120569623,1.8209733690360466,1.3114150845199604,0.3201656135851998,0.27452816238802247
3.1772644483763424,10.623737763680582,7.594812120569623,1.5948733690360477,1.3581090845199602,0.2505846135851998,0.1939621623880225
3.0701544483763423,10.810197763680582,7.519432120569623,1.5551733690360479,1.3938090845199604,0.3403066135851998,0.26720416238802247
3.030474448376342,11.262467763680583,7.701922120569623,1.479773369036046,1.4816990845199602,0.5069327135851998,0.20037016238802247
3.2169444483763425,11.373557763680582,7.594812120569623,1.4440733690360474,1.3993090845199605,0.4172110135851998,0.2543871623880225
3.2169444483763425,11.222797763680582,7.701922120569623,1.3687733690360453,1.3754990845199604,0.3476306135851998,0.1802291623880225
3.105854448376342,10.960957763680582,7.813012120569623,1.4440733690360474,1.4643090845199604,0.3403066135851998,0.20677916238802252
3.1415644483763425,10.774497763680582,7.741602120569623,1.6305733690360462,1.4112090845199603,0.3476306135851998,0.20037016238802247
3.1772644483763424,10.774497763680582,7.594812120569623,1.7455733690360447,1.5174090845199601,0.2505846135851998,0.24706216238802248
2.923364448376342,10.849877763680583,7.666222120569623,1.7813733690360465,1.5695990845199606,0.07755061358519982,0.20037016238802247
2.812274448376342,10.925247763680582,7.701922120569623,1.7813733690360465,1.5879090845199602,0.08395861358519979,0.20037016238802247
2.9590644483763424,11.222797763680582,7.519432120569623,1.8209733690360466,1.6107890845199604,0.2020616135851998,0.1939621623880225
2.9590644483763424,11.488607763680582,7.630512120569623,2.0074733690360453,1.6107890845199604,0.2853746135851998,0.2406541623880225
2.7765744483763424,11.524307763680582,7.741602120569623,2.0828733690360473,1.5521990845199602,0.2569936135851998,0.20037016238802247
2.847984448376342,11.639367763680582,7.813012120569623,1.932073369036047,1.4166990845199603,0.14621461358519983,0.22051216238802251
2.923364448376342,11.750447763680583,7.741602120569623,1.7455733690360447,1.2757100845199605,0.021703613585199788,0.24706216238802248
2.8836844483763424,11.675067763680582,7.888392120569623,1.5948733690360477,1.2107070845199603,0.06381761358519983,0.1939621623880225
2.923364448376342,11.563987763680583,7.813012120569623,1.6305733690360462,1.3114150845199604,0.2295276135851998,0.1939621623880225
2.6654844483763425,11.413227763680583,7.848712120569623,1.670273369036046,1.4350090845199603,0.4931998135851998,0.24706216238802248
2.7765744483763424,11.262467763680583,7.848712120569623,1.7813733690360465,1.4697990845199604,0.4309439135851998,0.22051216238802251
2.847984448376342,11.147417763680583,7.924092120569623,1.932073369036047,1.5055090845199603,0.2917836135851998,0.1802291623880225
2.9590644483763424,11.147417763680583,7.848712120569623,2.1224733690360473,1.6052990845199604,0.2020616135851998,0.15367916238802248
2.9590644483763424,11.111717763680582,7.888392120569623,2.4200733690360465,1.6052990845199604,0.14621461358519983,0.24706216238802248
2.8836844483763424,10.849877763680583,7.959802120569623,2.6858733690360452,1.5814990845199604,0.16727161358519982,0.20037016238802247
2.923364448376342,10.699117763680583,7.995502120569623,2.8723733690360476,1.5467090845199603,0.09128361358519982,0.1939621623880225
3.0701544483763423,10.774497763680582,8.031212120569624,2.947673369036046,1.4762090845199602,0.042760613585199836,0.27452816238802247
3.0701544483763423,10.849877763680583,8.142292120569623,2.8365733690360457,1.5402990845199604,0.07755061358519982,0.1802291623880225
2.923364448376342,11.187097763680583,8.324792120569624,2.9119733690360476,1.5998090845199604,0.16727161358519982,0.21410316238802252
2.9947744483763423,11.563987763680583,8.289082120569624,2.8723733690360476,1.6345990845199605,0.3265736135851998,0.24706216238802248
2.9947744483763423,11.563987763680583,8.289082120569624,2.8723733690360476,1.6345990845199605,0.3265736135851998,0.24706216238802248
3.105854448376342,11.940877763680582,8.289082120569624,2.7969733690360457,1.5879090845199602,0.4996085135851998,0.1399461623880225
3.105854448376342,12.091637763680582,8.400172120569623,2.610473369036047,1.5109990845199603,0.4858756135851998,0.2873451623880225
3.030474448376342,12.167017763680583,8.324792120569624,2.4200733690360465,1.3993090845199605,0.2295276135851998,0.2946701623880225
2.9590644483763424,11.940877763680582,8.435872120569623,2.047173369036045,1.3050070845199604,0.09769161358519979,0.11339516238802248
2.9590644483763424,11.865497763680583,8.364462120569623,1.932073369036047,1.3050070845199604,0.13248161358519983,0.20037016238802247
2.9590644483763424,11.750447763680583,8.324792120569624,1.5948733690360477,1.4643090845199604,0.5417227135851999,0.18663716238802247
2.9590644483763424,11.750447763680583,8.289082120569624,1.4044733690360474,1.5402990845199604,0.7010246135851999,0.22051216238802251
2.9590644483763424,11.750447763680583,8.289082120569624,1.4044733690360474,1.5402990845199604,0.7010246135851999,0.22051216238802251
2.9947744483763423,11.750447763680583,8.253382120569624,1.4044733690360474,1.5283990845199602,0.6726436135851999,0.1939621623880225
2.9947744483763423,11.825827763680582,8.364462120569623,1.217973369036045,1.5174090845199601,0.5902456135851998,0.18663716238802247
3.030474448376342,11.675067763680582,8.435872120569623,1.253673369036047,1.4578990845199602,0.43735261358519983,0.26720416238802247
3.2169444483763425,11.599687763680581,8.471582120569623,1.293373369036047,1.3169090845199602,0.3265736135851998,0.26720416238802247
3.2526444483763424,11.675067763680582,8.507282120569624,1.4044733690360474,1.3754990845199604,0.2231196135851998,0.20037016238802247
3.1772644483763424,11.675067763680582,8.507282120569624,1.4440733690360474,1.3819090845199602,0.13248161358519983,0.22051216238802251
3.1772644483763424,11.790117763680582,8.582662120569623,1.3687733690360453,1.4459990845199604,0.07022661358519983,0.2406541623880225
3.1772644483763424,11.750447763680583,8.507282120569624,1.4044733690360474,1.5879090845199602,0.1535396135851998,0.1664961623880225
2.9947744483763423,11.865497763680583,8.507282120569624,1.4440733690360474,1.6638890845199605,0.2853746135851998,0.18663716238802247
2.9590644483763424,11.750447763680583,8.471582120569623,1.4044733690360474,1.6876990845199602,0.4584097535851998,0.24706216238802248
2.8836844483763424,11.675067763680582,8.400172120569623,1.3687733690360453,1.7343890845199605,0.5554556135851998,0.1664961623880225
2.9590644483763424,11.639367763680582,8.471582120569623,1.4044733690360474,1.6107890845199604,0.4584097535851998,0.27452816238802247
3.030474448376342,11.639367763680582,8.618372120569623,1.217973369036045,1.4285990845199605,0.30551661358519977,0.21410316238802252
3.0701544483763423,11.639367763680582,8.618372120569623,1.1425733690360467,1.4405090845199604,0.1745966135851998,0.18663716238802247
3.105854448376342,11.825827763680582,8.618372120569623,1.293373369036047,1.3993090845199605,0.23685261358519982,0.22051216238802251
3.0701544483763423,11.714737763680581,8.546962120569624,1.5194733690360458,1.4697990845199604,0.3540396135851998,0.20677916238802252
2.9590644483763424,11.825827763680582,8.654072120569623,1.6305733690360462,1.4871990845199603,0.3403066135851998,0.2946701623880225
2.9947744483763423,12.051957763680582,8.693742120569624,1.856673369036045,1.5759990845199603,0.23685261358519982,0.1939621623880225
3.0701544483763423,11.940877763680582,8.729452120569624,1.9717733690360468,1.6290990845199604,0.20938661358519983,0.1802291623880225
3.0701544483763423,11.901207763680581,8.800862120569624,2.1978733690360457,1.5695990845199606,0.2295276135851998,0.2342451623880225
3.1415644483763425,11.825827763680582,8.654072120569623,2.308973369036046,1.5467090845199603,0.1608636135851998,0.22051216238802251
2.9947744483763423,11.563987763680583,8.765162120569624,2.4200733690360465,1.5586090845199605,0.01529461358519979,0.16008716238802245
2.923364448376342,11.675067763680582,8.800862120569624,2.3446733690360446,1.5109990845199603,0.03543661358519978,0.2342451623880225
2.923364448376342,11.901207763680581,8.693742120569624,2.384373369036048,1.5695990845199606,0.1608636135851998,0.20037016238802247
2.8836844483763424,12.016257763680581,8.800862120569624,2.4200733690360465,1.6171990845199602,0.30551661358519977,0.1335371623880225
2.9590644483763424,12.167017763680583,8.693742120569624,2.308973369036046,1.6822090845199602,0.30551661358519977,0.2406541623880225
2.923364448376342,12.317767763680582,8.876242120569623,2.1978733690360457,1.6410090845199603,0.2643176135851998,0.27452816238802247
3.0701544483763423,12.242387763680583,8.947652120569623,2.1978733690360457,1.6052990845199604,0.20938661358519983,0.15367916238802248
3.2169444483763425,12.353477763680582,9.094442120569623,2.0074733690360453,1.5348090845199605,0.18832961358519978,0.20037016238802247
3.2169444483763425,12.278097763680583,9.169822120569624,2.047173369036045,1.4459990845199604,0.08395861358519979,0.2543871623880225
3.2526444483763424,12.317767763680582,9.276942120569624,1.856673369036045,1.4524090845199602,0.1260736135851998,0.20037016238802247
3.2526444483763424,12.242387763680583,9.316612120569623,1.7455733690360447,1.4524090845199602,0.2505846135851998,0.1802291623880225
3.3637344483763423,12.278097763680583,9.316612120569623,1.6305733690360462,1.4524090845199602,0.4648184475851998,0.2543871623880225
3.4708444483763423,12.202717763680582,9.388022120569623,1.5551733690360479,1.5759990845199603,0.5902456135851998,0.18663716238802247
3.4708444483763423,12.167017763680583,9.459432120569623,1.479773369036046,1.5814990845199604,0.6589106135851999,0.18663716238802247
3.4708444483763423,12.091637763680582,9.459432120569623,1.479773369036046,1.5879090845199602,0.6039786135851998,0.2946701623880225
3.5462244483763423,12.127337763680583,9.534812120569624,1.4440733690360474,1.5695990845199606,0.4858756135851998,0.1335371623880225
3.5462244483763423,12.127337763680583,9.534812120569624,1.4440733690360474,1.5695990845199606,0.4858756135851998,0.1335371623880225
3.7287244483763424,12.127337763680583,9.534812120569624,1.3687733690360453,1.5348090845199605,0.3961539135851998,0.16008716238802245
3.7683944483763425,12.317767763680582,9.645892120569624,1.293373369036047,1.5109990845199603,0.3750968135851998,0.27452816238802247
3.7683944483763425,12.468527763680582,9.792682120569625,1.293373369036047,1.5402990845199604,0.4025626135851998,0.1738201623880225
3.8398044483763423,12.428857763680583,9.792682120569625,1.3687733690360453,1.5348090845199605,0.3888297135851998,0.20037016238802247
3.8398044483763423,12.504227763680582,9.753012120569624,1.4044733690360474,1.4697990845199604,0.4025626135851998,0.27452816238802247
3.8040944483763424,12.278097763680583,9.792682120569625,1.4440733690360474,1.4936090845199606,0.4648184475851998,0.1399461623880225
3.6573144483763422,12.428857763680583,9.935502120569623,1.479773369036046,1.5228990845199601,0.4309439135851998,0.20037016238802247
3.6573144483763422,12.841447763680582,10.010882120569624,1.479773369036046,1.5228990845199601,0.3265736135851998,0.2607951623880225
3.6930144483763425,12.916827763680583,10.010882120569624,1.5194733690360458,1.5055090845199603,0.3338976135851998,0.21410316238802252
3.7683944483763425,12.916827763680583,9.899802120569625,1.479773369036046,1.4871990845199603,0.3476306135851998,0.21410316238802252
3.7683944483763425,13.067587763680582,9.864092120569625,1.479773369036046,1.3754990845199604,0.3128406135851998,0.20677916238802252
3.6573144483763422,13.067587763680582,9.899802120569625,1.293373369036047,1.4112090845199603,0.3128406135851998,0.1939621623880225
3.6216044483763423,12.881127763680581,9.828392120569625,1.3290733690360454,1.5521990845199602,0.2505846135851998,0.16008716238802245
3.7683944483763425,12.805747763680582,9.792682120569625,1.4044733690360474,1.5879090845199602,0.3128406135851998,0.15367916238802248
3.6930144483763425,12.690697763680582,9.753012120569624,1.670273369036046,1.5933990845199602,0.30551661358519977,0.26720416238802247
3.5462244483763423,12.730367763680583,9.753012120569624,1.7813733690360465,1.6638890845199605,0.18832961358519978,0.20677916238802252
3.3637344483763423,12.805747763680582,9.717302120569624,1.856673369036045,1.5998090845199604,0.03543661358519978,0.1939621623880225
3.4708444483763423,13.067587763680582,9.645892120569624,2.047173369036045,1.5933990845199602,0.07022661358519983,0.1664961623880225
3.3637344483763423,13.218347763680583,9.570512120569623,2.2335733690360478,1.5759990845199603,0.1745966135851998,0.18663716238802247
3.3637344483763423,13.218347763680583,9.570512120569623,2.2335733690360478,1.5759990845199603,0.1745966135851998,0.18663716238802247
3.324054448376342,13.182637763680582,9.606222120569624,2.3446733690360446,1.4990990845199605,0.16727161358519982,0.2607951623880225
3.324054448376342,13.182637763680582,9.606222120569624,2.3446733690360446,1.4990990845199605,0.16727161358519982,0.2607951623880225
3.324054448376342,13.182637763680582,9.606222120569624,2.3446733690360446,1.4990990845199605,0.16727161358519982,0.2607951623880225
3.3637344483763423,13.333397763680583,9.935502120569623,2.1978733690360457,1.4871990845199603,0.14621461358519983,0.2607951623880225
3.4351444483763425,13.293717763680583,10.082292120569624,2.047173369036045,1.6052990845199604,0.2917836135851998,0.11339516238802248
3.4708444483763423,13.293717763680583,10.121972120569623,2.047173369036045,1.6226990845199603,0.2020616135851998,0.2406541623880225
3.6216044483763423,13.333397763680583,10.193382120569623,1.9717733690360468,1.6464990845199603,0.11874861358519984,0.1802291623880225
3.6573144483763422,13.218347763680583,10.340172120569624,2.0074733690360453,1.6583990845199605,0.10501661358519981,0.1399461623880225
3.6930144483763425,12.916827763680583,10.375872120569625,1.8209733690360466,1.5998090845199604,0.1535396135851998,0.2607951623880225
3.7683944483763425,12.654987763680582,10.340172120569624,1.670273369036046,1.5348090845199605,0.3265736135851998,0.18663716238802247
3.9151844483763423,12.543907763680583,10.268762120569624,1.670273369036046,1.6410090845199603,0.5069327135851998,0.15367916238802248
3.7683944483763425,12.468527763680582,10.411582120569625,1.5551733690360479,1.6052990845199604,0.5343985135851999,0.26720416238802247
3.6930144483763425,12.579607763680581,10.486962120569624,1.3687733690360453,1.5814990845199604,0.5618643135851998,0.24706216238802248
3.6930144483763425,12.916827763680583,10.375872120569625,1.293373369036047,1.5933990845199602,0.5206656135851998,0.1738201623880225
3.7683944483763425,12.916827763680583,10.375872120569625,1.217973369036045,1.5174090845199601,0.4172110135851998,0.2269211623880225
3.875514448376342,13.067587763680582,10.486962120569624,1.1028733690360468,1.5467090845199603,0.4510855135851998,0.2269211623880225
3.9151844483763423,13.107257763680582,10.633752120569625,0.9918733690360462,1.5402990845199604,0.5279898135851998,0.14635416238802246
3.9508844483763426,13.142967763680582,10.633752120569625,0.8807733690360458,1.5228990845199601,0.4648184475851998,0.20677916238802252
3.9151844483763423,13.107257763680582,10.633752120569625,0.8807733690360458,1.4643090845199604,0.4098868135851998,0.2406541623880225
3.875514448376342,13.067587763680582,10.705162120569623,0.9521733690360463,1.4936090845199606,0.44467681358519984,0.26720416238802247
3.875514448376342,13.067587763680582,10.780542120569624,1.293373369036047,1.4871990845199603,0.43735261358519983,0.22051216238802251
3.9151844483763423,13.142967763680582,10.887652120569625,1.4440733690360474,1.5521990845199602,0.4098868135851998,0.2543871623880225
3.9508844483763426,13.333397763680583,10.927332120569623,1.479773369036046,1.6464990845199603,0.4648184475851998,0.1262131623880225
3.9865944483763425,13.333397763680583,10.887652120569625,1.4044733690360474,1.6583990845199605,0.3540396135851998,0.18663716238802247
4.022304448376342,13.484147763680582,10.927332120569623,1.4440733690360474,1.6226990845199603,0.1608636135851998,0.28093716238802247
3.9865944483763425,13.595237763680583,10.963032120569624,1.3290733690360454,1.6345990845199605,0.10501661358519981,0.2406541623880225
3.9865944483763425,13.595237763680583,10.963032120569624,1.3290733690360454,1.6345990845199605,0.10501661358519981,0.2406541623880225
3.9151844483763423,13.484147763680582,10.998742120569624,1.293373369036047,1.5933990845199602,0.13248161358519983,0.1664961623880225
3.875514448376342,13.444477763680581,10.927332120569623,1.217973369036045,1.5174090845199601,0.2780506135851998,0.2342451623880225
3.8398044483763423,13.484147763680582,10.780542120569624,1.1425733690360467,1.5467090845199603,0.3613636135851998,0.24706216238802248
3.7287244483763424,13.408777763680582,10.816242120569624,1.0671733690360448,1.5055090845199603,0.3613636135851998,0.21410316238802252
3.6216044483763423,13.444477763680581,10.851952120569624,0.9918733690360462,1.5228990845199601,0.3476306135851998,0.18663716238802247
3.6573144483763422,13.559527763680581,10.744832120569624,1.1028733690360468,1.5055090845199603,0.2505846135851998,0.2269211623880225
3.6930144483763425,13.670617763680582,10.927332120569623,1.217973369036045,1.5814990845199604,0.3201656135851998,0.2342451623880225
3.7287244483763424,13.896747763680583,11.034442120569624,1.4044733690360474,1.6464990845199603,0.3403066135851998,0.21410316238802252
3.875514448376342,13.936417763680582,11.074122120569625,1.5551733690360479,1.5998090845199604,0.2020616135851998,0.3010781623880225
3.9865944483763425,13.785667763680582,11.145532120569625,1.670273369036046,1.5402990845199604,0.11874861358519984,0.1802291623880225
4.022304448376342,13.785667763680582,11.181232120569623,1.7813733690360465,1.6107890845199604,0.14621461358519983,0.20037016238802247
3.9865944483763425,13.710287763680583,11.403402120569623,1.932073369036047,1.5814990845199604,0.2780506135851998,0.27452816238802247
3.9508844483763426,13.710287763680583,11.181232120569623,1.932073369036047,1.6702990845199603,0.3750968135851998,0.1664961623880225
3.875514448376342,13.821367763680582,11.292322120569624,2.047173369036045,1.6757990845199604,0.3265736135851998,0.21410316238802252
3.8398044483763423,13.861047763680581,11.439112120569623,2.0828733690360473,1.6583990845199605,0.30551661358519977,0.2342451623880225
3.9151844483763423,14.011797763680583,11.474812120569624,2.0074733690360453,1.6345990845199605,0.30551661358519977,0.20677916238802252
4.097674448376343,14.233967763680582,11.585902120569624,1.932073369036047,1.5174090845199601,0.30551661358519977,0.1802291623880225
4.133384448376343,14.233967763680582,11.585902120569624,2.047173369036045,1.5055090845199603,0.30551661358519977,0.2269211623880225
4.133384448376343,14.158587763680583,11.657312120569625,1.856673369036045,1.4990990845199605,0.4309439135851998,0.27452816238802247
4.0619744483763425,14.083207763680583,11.768422120569625,1.7059733690360481,1.5348090845199605,0.4648184475851998,0.20677916238802252
4.0619744483763425,14.083207763680583,11.768422120569625,1.7059733690360481,1.5348090845199605,0.4648184475851998,0.20677916238802252
4.097674448376343,14.158587763680583,11.696982120569624,1.4044733690360474,1.5879090845199602,0.5133414135851998,0.2269211623880225
4.022304448376342,13.972127763680582,11.732722120569624,1.4044733690360474,1.6107890845199604,0.5966546135851998,0.2607951623880225
4.097674448376343,13.785667763680582,11.657312120569625,1.253673369036047,1.5998090845199604,0.6250356135851998,0.21410316238802252
4.0619744483763425,13.745987763680581,11.657312120569625,1.1028733690360468,1.5879090845199602,0.6314446135851999,0.20677916238802252
3.9865944483763425,13.745987763680581,11.696982120569624,0.9521733690360463,1.5814990845199604,0.5902456135851998,0.2543871623880225
4.133384448376343,13.972127763680582,11.657312120569625,0.579273369036045,1.5174090845199601,0.3888297135851998,0.2946701623880225
4.133384448376343,14.158587763680583,11.657312120569625,0.579273369036045,1.5109990845199603,0.4309439135851998,0.20677916238802252
4.169084448376342,14.158587763680583,11.732722120569624,0.614973369036047,1.5586090845199605,0.3888297135851998,0.18663716238802247
4.133384448376343,14.198267763680583,11.696982120569624,0.614973369036047,1.5640990845199605,0.3476306135851998,0.2406541623880225
4.133384448376343,14.233967763680582,11.732722120569624,0.579273369036045,1.5521990845199602,0.3888297135851998,0.20037016238802247
4.022304448376342,14.158587763680583,11.768422120569625,0.579273369036045,1.5640990845199605,0.4648184475851998,0.1802291623880225
3.9151844483763423,14.233967763680582,11.550192120569625,0.614973369036047,1.5283990845199602,0.4721426635851998,0.3010781623880225
3.8040944483763424,14.198267763680583,11.550192120569625,0.6545733690360471,1.5521990845199602,0.4794669135851998,0.26720416238802247
3.6216044483763423,14.158587763680583,11.328022120569624,0.8053733690360474,1.5521990845199602,0.4931998135851998,0.1939621623880225
3.6216044483763423,14.158587763680583,11.328022120569624,0.8053733690360474,1.5521990845199602,0.4931998135851998,0.1939621623880225
3.5105244483763425,14.083207763680583,11.292322120569624,0.9164733690360478,1.5174090845199601,0.30551661358519977,0.24706216238802248
3.4708444483763423,14.122887763680582,11.363732120569624,1.1028733690360468,1.6638890845199605,0.09769161358519979,0.1802291623880225
3.5462244483763423,14.047507763680581,11.510522120569624,1.1425733690360467,1.7114990845199602,0.06381761358519983,0.28093716238802247
3.6930144483763425,14.047507763680581,11.439112120569623,1.1425733690360467,1.7233990845199605,0.06381761358519983,0.20037016238802247
3.7683944483763425,13.972127763680582,11.585902120569624,1.217973369036045,1.6876990845199602,0.09769161358519979,0.18663716238802247
3.6930144483763425,14.047507763680581,11.696982120569624,1.253673369036047,1.6345990845199605,0.2853746135851998,0.27452816238802247
3.7287244483763424,14.122887763680582,11.585902120569624,1.217973369036045,1.5586090845199605,0.4098868135851998,0.1738201623880225
3.6930144483763425,14.233967763680582,11.621602120569625,1.1425733690360467,1.4459990845199604,0.4236197135851998,0.21410316238802252
3.5819344483763422,14.273637763680583,11.696982120569624,1.0275733690360447,1.4697990845199604,0.3824210135851998,0.24706216238802248
3.5819344483763422,14.233967763680582,11.732722120569624,0.9918733690360462,1.5402990845199604,0.3403066135851998,0.26720416238802247
3.6930144483763425,14.273637763680583,11.696982120569624,0.9918733690360462,1.5640990845199605,0.2780506135851998,0.2543871623880225
3.7683944483763425,14.273637763680583,11.657312120569625,1.0671733690360448,1.6226990845199603,0.24326061358519982,0.2342451623880225
3.7287244483763424,14.083207763680583,11.768422120569625,1.1782733690360452,1.6702990845199603,0.18100461358519981,0.1939621623880225
3.7287244483763424,14.083207763680583,11.768422120569625,1.1782733690360452,1.6702990845199603,0.18100461358519981,0.1939621623880225
3.6930144483763425,14.122887763680582,11.696982120569624,1.293373369036047,1.6464990845199603,0.2020616135851998,0.2269211623880225
3.6930144483763425,14.083207763680583,11.732722120569624,1.479773369036046,1.6583990845199605,0.24326061358519982,0.2607951623880225
3.6930144483763425,14.158587763680583,11.696982120569624,1.7059733690360481,1.6876990845199602,0.2780506135851998,0.22051216238802251
3.6216044483763423,14.011797763680583,11.696982120569624,1.7455733690360447,1.5998090845199604,0.4996085135851998,0.27452816238802247
3.5462244483763423,14.083207763680583,11.732722120569624,1.856673369036045,1.5695990845199606,0.5966546135851998,0.3340371623880225
3.6573144483763422,14.083207763680583,11.696982120569624,1.9717733690360468,1.5402990845199604,0.44467681358519984,0.16008716238802245
3.6573144483763422,14.083207763680583,11.696982120569624,1.9717733690360468,1.5402990845199604,0.44467681358519984,0.16008716238802245
3.5462244483763423,14.122887763680582,11.879522120569623,1.896373369036045,1.5521990845199602,0.2853746135851998,0.2406541623880225
3.5819344483763422,14.198267763680583,11.915222120569624,1.856673369036045,1.5814990845199604,0.20938661358519983,0.2946701623880225
3.6573144483763422,14.122887763680582,11.915222120569624,1.7813733690360465,1.6052990845199604,0.2716426135851998,0.1939621623880225
3.5819344483763422,14.233967763680582,11.839822120569623,1.7455733690360447,1.6757990845199604,0.4236197135851998,0.1399461623880225
3.399434448376342,14.460107763680583,11.839822120569623,1.670273369036046,1.6995990845199604,0.4584097535851998,0.24706216238802248
3.324054448376342,14.349017763680582,11.839822120569623,1.5194733690360458,1.6519890845199603,0.4309439135851998,0.1738201623880225
3.2169444483763425,14.158587763680583,11.839822120569623,1.3290733690360454,1.5586090845199605,0.4236197135851998,0.11980416238802248
3.1772644483763424,14.122887763680582,11.879522120569623,1.293373369036047,1.4936090845199606,0.3128406135851998,0.3074871623880225
3.2169444483763425,14.083207763680583,11.839822120569623,1.217973369036045,1.5055090845199603,0.2505846135851998,0.2406541623880225
3.2883544483763423,13.936417763680582,11.839822120569623,1.253673369036047,1.5521990845199602,0.3686881135851998,0.1802291623880225
3.324054448376342,13.936417763680582,11.915222120569624,1.1028733690360468,1.5998090845199604,0.43735261358519983,0.3212201623880225
3.3637344483763423,14.011797763680583,12.133422120569623,0.9918733690360462,1.6822090845199602,0.3128406135851998,0.2543871623880225
3.5819344483763422,14.047507763680581,12.173022120569623,0.8053733690360474,1.6702990845199603,0.18832961358519978,0.1738201623880225
3.5819344483763422,14.047507763680581,12.173022120569623,0.8053733690360474,1.6702990845199603,0.18832961358519978,0.1738201623880225
3.7683944483763425,13.519857763680582,12.355522120569624,0.7299733690360455,1.6822090845199602,0.3824210135851998,0.2269211623880225
3.7683944483763425,13.519857763680582,12.355522120569624,0.7299733690360455,1.6822090845199602,0.3824210135851998,0.2269211623880225
3.875514448376342,13.408777763680582,12.280222120569624,0.8053733690360474,1.6876990845199602,0.5343985135851999,0.1335371623880225
3.7287244483763424,13.333397763680583,12.315922120569624,0.6902733690360456,1.6464990845199603,0.4996085135851998,0.1939621623880225
3.5819344483763422,13.670617763680582,12.391222120569624,0.579273369036045,1.7343890845199605,0.3686881135851998,0.22051216238802251
3.5462244483763423,14.047507763680581,12.462622120569623,0.5038733690360466,1.7407990845199603,0.2295276135851998,0.21410316238802252
3.7287244483763424,14.158587763680583,12.462622120569623,0.5395733690360451,1.6052990845199604,0.1947376135851998,0.24706216238802248
3.875514448376342,14.349017763680582,12.280222120569624,0.6902733690360456,1.5467090845199603,0.3265736135851998,0.2406541623880225
3.6216044483763423,14.460107763680583,12.426922120569625,0.7656733690360475,1.4936090845199606,0.4098868135851998,0.2342451623880225
3.4708444483763423,14.535477763680582,12.573722120569624,0.9164733690360478,1.4871990845199603,0.4648184475851998,0.20037016238802247
3.6216044483763423,14.686237763680582,12.426922120569625,0.8807733690360458,1.5174090845199601,0.43735261358519983,0.20677916238802252
3.7287244483763424,14.575157763680583,12.391222120569624,0.8053733690360474,1.5402990845199604,0.3613636135851998,0.20677916238802252
3.5462244483763423,14.233967763680582,12.462622120569623,0.9521733690360463,1.6226990845199603,0.3338976135851998,0.21410316238802252
3.3637344483763423,14.122887763680582,12.426922120569625,1.0671733690360448,1.7462890845199603,0.3338976135851998,0.20037016238802247
3.324054448376342,14.083207763680583,12.355522120569624,1.217973369036045,1.7755890845199604,0.4025626135851998,0.1939621623880225
3.4351444483763425,14.083207763680583,12.208722120569623,1.3687733690360453,1.6995990845199604,0.4510855135851998,0.20677916238802252
3.4708444483763423,14.122887763680582,12.061922120569625,1.4440733690360474,1.6226990845199603,0.44467681358519984,0.21410316238802252
3.2883544483763423,14.273637763680583,12.097722120569625,1.3290733690360454,1.4697990845199604,0.4794669135851998,0.2269211623880225
3.030474448376342,14.499777763680584,11.950922120569624,1.1782733690360452,1.5521990845199602,0.4172110135851998,0.24706216238802248
3.1415644483763425,14.349017763680582,12.061922120569625,0.7299733690360455,1.5640990845199605,0.6589106135851999,0.1335371623880225
3.0701544483763423,14.349017763680582,12.061922120569625,0.579273369036045,1.5759990845199603,0.4858756135851998,0.21410316238802252
2.923364448376342,14.349017763680582,12.097722120569625,0.5038733690360466,1.5348090845199605,0.2853746135851998,0.2543871623880225
2.9590644483763424,14.424397763680583,12.244422120569624,0.35307336903604636,1.6052990845199604,0.3265736135851998,0.1262131623880225
3.2169444483763425,14.499777763680584,12.244422120569624,0.4284733690360447,1.5521990845199602,0.5206656135851998,0.2406541623880225
3.399434448376342,14.424397763680583,12.280222120569624,0.4284733690360447,1.4459990845199604,0.5829216135851998,0.2543871623880225
3.3637344483763423,14.424397763680583,12.426922120569625,0.579273369036045,1.5586090845199605,0.5279898135851998,0.18663716238802247
3.324054448376342,14.384727763680583,12.315922120569624,0.579273369036045,1.6171990845199602,0.3686881135851998,0.22051216238802251
3.3637344483763423,14.158587763680583,12.538022120569623,0.614973369036047,1.5759990845199603,0.3403066135851998,0.18663716238802247
3.5462244483763423,14.011797763680583,12.573722120569624,0.6545733690360471,1.7114990845199602,0.3686881135851998,0.20677916238802252
3.6216044483763423,13.972127763680582,12.609422120569624,0.8053733690360474,1.8057990845199603,0.3403066135851998,0.2543871623880225
3.5105244483763425,13.861047763680581,12.791922120569623,0.9521733690360463,1.7645990845199604,0.29910761358519977,0.20677916238802252
3.5462244483763423,13.861047763680581,12.684822120569624,0.9918733690360462,1.7993890845199605,0.20938661358519983,0.15367916238802248
3.6216044483763423,13.861047763680581,12.791922120569623,1.0275733690360447,1.7050890845199604,0.23685261358519982,0.15367916238802248
3.5819344483763422,14.083207763680583,13.014122120569624,1.0671733690360448,1.6583990845199605,0.3128406135851998,0.1802291623880225
3.5105244483763425,14.384727763680583,12.756222120569625,1.1028733690360468,1.7526990845199601,0.2643176135851998,0.1262131623880225
3.399434448376342,14.535477763680582,12.903022120569624,1.1425733690360467,1.6702990845199603,0.18100461358519981,0.1939621623880225
3.4708444483763423,14.535477763680582,12.938722120569624,1.1425733690360467,1.6757990845199604,0.1608636135851998,0.3138961623880225
3.5105244483763425,14.575157763680583,12.756222120569625,1.1028733690360468,1.6995990845199604,0.2569936135851998,0.15367916238802248
3.3637344483763423,14.650537763680582,13.049822120569624,1.1425733690360467,1.6107890845199604,0.2716426135851998,0.2269211623880225
3.2526444483763424,14.384727763680583,12.756222120569625,1.1425733690360467,1.6519890845199603,0.4172110135851998,0.18663716238802247
3.1772644483763424,14.198267763680583,12.831622120569625,1.1425733690360467,1.5879090845199602,0.5133414135851998,0.18663716238802247
3.1415644483763425,14.158587763680583,12.573722120569624,1.1028733690360468,1.6638890845199605,0.4236197135851998,0.24706216238802248
3.0701544483763423,14.198267763680583,12.573722120569624,1.1425733690360467,1.6107890845199604,0.29910761358519977,0.16008716238802245
3.030474448376342,14.273637763680583,12.684822120569624,1.1028733690360468,1.5998090845199604,0.30551661358519977,0.1939621623880225
3.030474448376342,14.273637763680583,12.684822120569624,1.1028733690360468,1.5998090845199604,0.30551661358519977,0.1939621623880225
2.9947744483763423,14.309347763680583,12.462622120569623,0.9918733690360462,1.6995990845199604,0.3128406135851998,0.21410316238802252
2.8836844483763424,14.384727763680583,12.609422120569624,0.8410733690360459,1.6638890845199605,0.2569936135851998,0.2342451623880225
3.030474448376342,14.535477763680582,12.573722120569624,0.8410733690360459,1.6702990845199603,0.3888297135851998,0.20037016238802247
3.1415644483763425,14.575157763680583,12.538022120569623,0.579273369036045,1.7233990845199605,0.4648184475851998,0.2269211623880225
3.1415644483763425,14.575157763680583,12.938722120569624,0.5395733690360451,1.5109990845199603,0.5133414135851998,0.2873451623880225
3.1772644483763424,14.575157763680583,12.831622120569625,0.35307336903604636,1.5879090845199602,0.5554556135851998,0.21410316238802252
3.2883544483763423,14.761617763680583,12.649122120569624,0.3134733690360463,1.5402990845199604,0.6177116135851998,0.22051216238802251
3.1415644483763425,14.650537763680582,12.938722120569624,0.20237336903604586,1.3635990845199601,0.6799676135851997,0.2342451623880225
3.1772644483763424,14.650537763680582,12.831622120569625,0.023826630963952766,1.5467090845199603,0.6872916135851999,0.22051216238802251
3.2169444483763425,14.686237763680582,12.978422120569624,0.011873369036045744,1.5759990845199603,0.4584097535851998,0.2543871623880225
3.2526444483763424,14.686237763680582,13.125222120569624,0.023826630963952766,1.5521990845199602,0.3403066135851998,0.1939621623880225
3.4351444483763425,14.650537763680582,12.903022120569624,0.023826630963952766,1.7114990845199602,0.3265736135851998,0.2269211623880225
3.2526444483763424,14.610857763680581,13.160922120569625,0.1269733690360475,1.5695990845199606,0.4098868135851998,0.20037016238802247
3.2883544483763423,14.424397763680583,12.978422120569624,0.08727336903604765,1.5695990845199606,0.4721426635851998,0.20677916238802252
3.2169444483763425,14.309347763680583,12.791922120569623,0.277673369036048,1.5640990845199605,0.4794669135851998,0.22051216238802251
3.1415644483763425,14.011797763680583,12.978422120569624,0.23807336903604792,1.5586090845199605,0.4584097535851998,0.16008716238802245
3.0701544483763423,13.936417763680582,12.791922120569623,0.162673369036046,1.6822090845199602,0.44467681358519984,0.2406541623880225
2.9590644483763424,13.936417763680582,12.903022120569624,0.277673369036048,1.6822090845199602,0.3476306135851998,0.28093716238802247
3.030474448376342,14.083207763680583,12.903022120569624,0.277673369036048,1.7169990845199603,0.3338976135851998,0.15367916238802248
2.9590644483763424,14.384727763680583,12.720522120569624,0.4284733690360447,1.7819990845199603,0.2917836135851998,0.2342451623880225
2.629784448376342,14.499777763680584,12.791922120569623,0.5395733690360451,1.5879090845199602,0.2917836135851998,0.27452816238802247
2.5901144483763425,14.610857763680581,12.502322120569623,0.5395733690360451,1.5174090845199601,0.2231196135851998,0.1802291623880225
2.4433244483763423,14.725907763680581,12.355522120569624,0.579273369036045,1.4231090845199605,0.10501661358519981,0.20037016238802247
2.3362044483763422,14.686237763680582,12.462622120569623,0.579273369036045,1.4166990845199603,0.16727161358519982,0.26720416238802247
2.260824448376342,14.686237763680582,12.244422120569624,0.614973369036047,1.5283990845199602,0.2231196135851998,0.22051216238802251
2.2251244483763424,14.535477763680582,12.609422120569624,0.579273369036045,1.5695990845199606,0.3750968135851998,0.14635416238802246
2.4076144483763424,14.575157763680583,12.609422120569624,0.614973369036047,1.7343890845199605,0.4172110135851998,0.20037016238802247
2.5901144483763425,14.499777763680584,12.609422120569624,0.5395733690360451,1.7343890845199605,0.3476306135851998,0.26720416238802247
2.7369044483763423,14.424397763680583,13.014122120569624,0.579273369036045,1.5998090845199604,0.2505846135851998,0.20037016238802247
2.812274448376342,14.384727763680583,12.649122120569624,0.614973369036047,1.5998090845199604,0.2569936135851998,0.21410316238802252
2.7011944483763424,14.424397763680583,12.684822120569624,0.7299733690360455,1.3993090845199605,0.3686881135851998,0.2873451623880225
2.629784448376342,14.460107763680583,12.756222120569625,0.579273369036045,1.4459990845199604,0.4584097535851998,0.18663716238802247
2.7369044483763423,14.535477763680582,12.609422120569624,0.4284733690360447,1.5814990845199604,0.5133414135851998,0.1939621623880225
2.7011944483763424,14.535477763680582,13.049822120569624,0.277673369036048,1.4816990845199602,0.5343985135851999,0.22051216238802251
2.8836844483763424,14.575157763680583,12.978422120569624,0.08727336903604765,1.5879090845199602,0.4931998135851998,0.22051216238802251
2.8836844483763424,14.575157763680583,12.978422120569624,0.08727336903604765,1.5879090845199602,0.4931998135851998,0.22051216238802251
2.9590644483763424,14.384727763680583,13.379122120569624,0.162673369036046,1.5109990845199603,0.6314446135851999,0.1939621623880225
2.9590644483763424,14.384727763680583,13.379122120569624,0.162673369036046,1.5109990845199603,0.6314446135851999,0.1939621623880225
3.0701544483763423,14.499777763680584,13.160922120569625,0.20237336903604586,1.5814990845199604,0.6103876135851998,0.21410316238802252
3.030474448376342,14.349017763680582,13.379122120569624,0.23807336903604792,1.5055090845199603,0.5765126135851998,0.2269211623880225
3.105854448376342,14.424397763680583,13.379122120569624,0.277673369036048,1.5348090845199605,0.5279898135851998,0.20037016238802247
3.1415644483763425,14.610857763680581,13.307722120569624,0.277673369036048,1.6107890845199604,0.4648184475851998,0.21410316238802252
3.0701544483763423,14.575157763680583,13.490222120569625,0.35307336903604636,1.6290990845199604,0.43735261358519983,0.2269211623880225
2.9947744483763423,14.499777763680584,13.343422120569624,0.4284733690360447,1.7050890845199604,0.4025626135851998,0.22051216238802251
3.030474448376342,14.384727763680583,13.343422120569624,0.5038733690360466,1.6638890845199605,0.3961539135851998,0.3138961623880225
2.923364448376342,14.273637763680583,13.343422120569624,0.579273369036045,1.6107890845199604,0.3540396135851998,0.20037016238802247
2.923364448376342,14.011797763680583,13.307722120569624,0.6902733690360456,1.5879090845199602,0.3476306135851998,0.1939621623880225
2.923364448376342,13.896747763680583,13.379122120569624,0.7299733690360455,1.6107890845199604,0.3403066135851998,0.26720416238802247
2.8836844483763424,13.821367763680582,13.490222120569625,0.7656733690360475,1.6583990845199605,0.3613636135851998,0.2607951623880225
2.9947744483763423,13.936417763680582,13.672722120569624,0.7299733690360455,1.7581890845199601,0.3128406135851998,0.1939621623880225
3.105854448376342,14.083207763680583,13.672722120569624,0.7299733690360455,1.8469990845199602,0.3265736135851998,0.21410316238802252
3.105854448376342,14.083207763680583,13.672722120569624,0.7299733690360455,1.8469990845199602,0.3265736135851998,0.21410316238802252
3.1415644483763425,14.233967763680582,13.855222120569623,0.8410733690360459,1.7343890845199605,0.3476306135851998,0.2607951623880225
3.2169444483763425,14.535477763680582,13.819522120569625,0.8053733690360474,1.7114990845199602,0.3338976135851998,0.1664961623880225
3.1772644483763424,14.686237763680582,13.637022120569624,0.8807733690360458,1.5695990845199606,0.14621461358519983,0.15367916238802248
2.923364448376342,14.650537763680582,13.930522120569623,0.8410733690360459,1.4350090845199603,0.11874861358519984,0.3074871623880225
2.7765744483763424,14.725907763680581,13.855222120569623,0.7656733690360475,1.5998090845199604,0.2020616135851998,0.20677916238802252
2.923364448376342,14.761617763680583,13.890922120569623,0.6902733690360456,1.6171990845199602,0.3540396135851998,0.1335371623880225
3.0701544483763423,14.761617763680583,13.855222120569623,0.7299733690360455,1.6052990845199604,0.5691886135851998,0.3541791623880225
2.8836844483763424,14.686237763680582,13.819522120569625,0.6902733690360456,1.6876990845199602,0.6726436135851999,0.20037016238802247
2.7369044483763423,14.499777763680584,13.855222120569623,0.6545733690360471,1.6931890845199602,0.5279898135851998,0.1664961623880225
2.7765744483763424,14.309347763680583,13.744122120569624,0.6545733690360471,1.6226990845199603,0.29910761358519977,0.26720416238802247
2.812274448376342,14.198267763680583,13.708422120569624,0.5395733690360451,1.6107890845199604,0.3201656135851998,0.1939621623880225
2.847984448376342,14.158587763680583,13.525922120569623,0.5395733690360451,1.6107890845199604,0.4309439135851998,0.22051216238802251
2.7369044483763423,14.309347763680583,13.414822120569625,0.38877336903604487,1.5879090845199602,0.4584097535851998,0.27452816238802247
2.5901144483763425,14.384727763680583,13.196622120569623,0.35307336903604636,1.5933990845199602,0.5765126135851998,0.1939621623880225
2.3719044483763425,14.424397763680583,13.196622120569623,0.1269733690360475,1.5283990845199602,0.6250356135851998,0.20677916238802252
2.2251244483763424,14.424397763680583,13.196622120569623,0.13882663096395476,1.4762090845199602,0.6103876135851998,0.2269211623880225
2.0426244483763423,14.424397763680583,12.903022120569624,0.289626630963955,1.4524090845199602,0.5417227135851999,0.16008716238802245
1.8204544483763425,14.233967763680582,12.867322120569623,0.3650266309639534,1.4405090845199604,0.4309439135851998,0.2342451623880225
1.8204544483763425,14.273637763680583,12.791922120569623,0.3650266309639534,1.5402990845199604,0.5133414135851998,0.2607951623880225
1.7847544483763422,14.309347763680583,12.938722120569624,0.32532663096395353,1.5640990845199605,0.5966546135851998,0.26720416238802247
1.9315444483763424,14.384727763680583,13.085522120569625,0.289626630963955,1.5348090845199605,0.4996085135851998,0.21410316238802252
2.078334448376342,14.499777763680584,13.014122120569624,0.17452663096395327,1.5228990845199601,0.3403066135851998,0.22051216238802251
2.0426244483763423,14.499777763680584,13.268022120569624,0.17452663096395327,1.4578990845199602,0.30551661358519977,0.2342451623880225
2.078334448376342,14.460107763680583,13.014122120569624,0.17452663096395327,1.4231090845199605,0.3824210135851998,0.2269211623880225
2.078334448376342,14.349017763680582,13.085522120569625,0.08727336903604765,1.3462090845199604,0.5417227135851999,0.21410316238802252
1.9672444483763423,14.309347763680583,13.160922120569625,0.20237336903604586,1.4816990845199602,0.5343985135851999,0.20677916238802252
2.2251244483763424,14.158587763680583,13.196622120569623,0.20237336903604586,1.5879090845199602,0.3403066135851998,0.2342451623880225
2.4433244483763423,13.634907763680582,13.490222120569625,0.1269733690360475,1.6171990845199602,0.1947376135851998,0.15367916238802248
2.4433244483763423,13.559527763680581,13.637022120569624,0.20237336903604586,1.6876990845199602,0.3750968135851998,0.2269211623880225
2.4433244483763423,13.559527763680581,13.637022120569624,0.20237336903604586,1.6876990845199602,0.3750968135851998,0.2269211623880225
2.4076144483763424,13.670617763680582,13.601322120569623,0.38877336903604487,1.6638890845199605,0.5133414135851998,0.28093716238802247
2.4076144483763424,13.710287763680583,13.637022120569624,0.38877336903604487,1.6410090845199603,0.5279898135851998,0.11980416238802248
2.4433244483763423,13.785667763680582,13.490222120569625,0.35307336903604636,1.5814990845199604,0.3201656135851998,0.26720416238802247
2.4433244483763423,13.896747763680583,13.672722120569624,0.38877336903604487,1.4990990845199605,0.2780506135851998,0.27452816238802247
2.4829944483763424,14.198267763680583,13.601322120569623,0.38877336903604487,1.5228990845199601,0.2716426135851998,0.14635416238802246
2.5186944483763423,14.460107763680583,13.637022120569624,0.4641733690360468,1.4990990845199605,0.3613636135851998,0.2406541623880225
2.260824448376342,14.460107763680583,13.708422120569624,0.4641733690360468,1.4350090845199603,0.4794669135851998,0.18663716238802247
2.1497444483763424,14.384727763680583,13.525922120569623,0.4641733690360468,1.4990990845199605,0.4510855135851998,0.18663716238802247
2.1894144483763425,14.349017763680582,13.672722120569624,0.38877336903604487,1.4871990845199603,0.3265736135851998,0.3010781623880225
2.2251244483763424,14.460107763680583,13.819522120569625,0.38877336903604487,1.5521990845199602,0.2917836135851998,0.2406541623880225
2.4076144483763424,14.460107763680583,13.855222120569623,0.35307336903604636,1.6702990845199603,0.43735261358519983,0.1664961623880225
2.629784448376342,14.424397763680583,14.037722120569624,0.5038733690360466,1.6638890845199605,0.5902456135851998,0.2269211623880225
2.7369044483763423,14.309347763680583,13.966222120569624,0.5395733690360451,1.6410090845199603,0.7559566135851998,0.1802291623880225
2.923364448376342,14.122887763680582,13.930522120569623,0.5395733690360451,1.6107890845199604,0.7284906135851998,0.16008716238802245
2.812274448376342,14.198267763680583,13.819522120569625,0.4284733690360447,1.4350090845199603,0.5966546135851998,0.20677916238802252
2.5901144483763425,14.198267763680583,14.148722120569625,0.20237336903604586,1.3114150845199604,0.5618643135851998,0.27452816238802247
2.7765744483763424,14.273637763680583,14.295522120569624,0.023826630963952766,1.5467090845199603,0.4309439135851998,0.20677916238802252
2.9947744483763423,14.384727763680583,14.295522120569624,0.17452663096395327,1.5879090845199602,0.6250356135851998,0.3010781623880225
3.1415644483763425,14.460107763680583,14.366922120569624,0.289626630963955,1.6931890845199602,0.7980706135851998,0.20677916238802252
3.030474448376342,14.460107763680583,14.442322120569624,0.47602663096395403,1.5933990845199602,0.7358146135851997,0.2607951623880225
2.847984448376342,14.650537763680582,14.513722120569623,0.6625266309639528,1.4936090845199606,0.5343985135851999,0.2873451623880225
2.9590644483763424,14.610857763680581,14.366922120569624,0.6625266309639528,1.5109990845199603,0.4584097535851998,0.21410316238802252
2.8836844483763424,14.686237763680582,14.295522120569624,0.6625266309639528,1.4112090845199603,0.5902456135851998,0.2873451623880225
2.7369044483763423,14.686237763680582,14.113022120569624,0.777526630963953,1.3938090845199604,0.6937006135851997,0.20677916238802252
2.5186944483763423,14.725907763680581,13.855222120569623,0.6625266309639528,1.5109990845199603,0.6662346135851998,0.2342451623880225
2.2251244483763424,14.761617763680583,13.819522120569625,0.6268266309639543,1.4578990845199602,0.4931998135851998,0.2946701623880225
2.1140344483763425,14.575157763680583,13.454522120569624,0.6268266309639543,1.4578990845199602,0.29910761358519977,0.1399461623880225
1.9315444483763424,14.460107763680583,13.525922120569623,0.5871266309639545,1.4112090845199603,0.2716426135851998,0.2269211623880225
1.8958344483763425,14.384727763680583,13.525922120569623,0.4007266309639519,1.5055090845199603,0.2505846135851998,0.3138961623880225
1.9315444483763424,14.309347763680583,13.454522120569624,0.2142266309639531,1.6822090845199602,0.1535396135851998,0.1664961623880225
2.002954448376342,14.198267763680583,13.672722120569624,0.13882663096395476,1.7288990845199605,0.13248161358519983,0.21410316238802252
2.1894144483763425,14.273637763680583,13.561622120569623,0.011873369036045744,1.7169990845199603,0.3201656135851998,0.2269211623880225
2.296534448376342,14.273637763680583,13.561622120569623,0.05157336903604559,1.6290990845199604,0.44467681358519984,0.22051216238802251
2.0426244483763423,14.309347763680583,13.196622120569623,0.20237336903604586,1.4350090845199603,0.4172110135851998,0.2342451623880225
1.6022544483763423,14.233967763680582,13.307722120569624,0.23807336903604792,1.3581090845199602,0.4510855135851998,0.27452816238802247
1.4157944483763423,14.384727763680583,13.379122120569624,0.20237336903604586,1.4285990845199605,0.4025626135851998,0.21410316238802252
1.6379644483763423,14.349017763680582,13.414822120569625,0.1269733690360475,1.4285990845199605,0.2780506135851998,0.1664961623880225
1.8561644483763424,14.384727763680583,13.525922120569623,0.162673369036046,1.4524090845199602,0.20938661358519983,0.2406541623880225
1.8561644483763424,14.460107763680583,13.672722120569624,0.20237336903604586,1.5759990845199603,0.3265736135851998,0.20677916238802252
1.8561644483763424,14.499777763680584,13.783822120569624,0.23807336903604792,1.6345990845199605,0.4172110135851998,0.20677916238802252
1.8561644483763424,14.499777763680584,13.819522120569625,0.23807336903604792,1.5228990845199601,0.5206656135851998,0.2342451623880225
2.078334448376342,14.460107763680583,13.744122120569624,0.35307336903604636,1.4816990845199602,0.7284906135851998,0.24706216238802248
2.1140344483763425,14.424397763680583,13.783822120569624,0.35307336903604636,1.4047990845199605,0.7422236135851998,0.1802291623880225
2.002954448376342,14.122887763680582,13.819522120569625,0.277673369036048,1.3114150845199604,0.5829216135851998,0.21410316238802252
2.002954448376342,13.861047763680581,13.708422120569624,0.162673369036046,1.3993090845199605,0.3824210135851998,0.2342451623880225
1.9315444483763424,13.519857763680582,13.672722120569624,0.05157336903604559,1.6226990845199603,0.6039786135851998,0.2543871623880225
1.8561644483763424,13.444477763680581,13.744122120569624,0.09912663096395491,1.6638890845199605,0.5902456135851998,0.18663716238802247
2.0426244483763423,13.484147763680582,13.783822120569624,0.24992663096395518,1.6171990845199602,0.4648184475851998,0.24706216238802248
2.260824448376342,13.595237763680583,14.184422120569623,0.32532663096395353,1.5348090845199605,0.3750968135851998,0.2406541623880225
2.4829944483763424,13.745987763680581,14.366922120569624,0.4007266309639519,1.4990990845199605,0.4236197135851998,0.16008716238802245
2.554404448376342,13.936417763680582,14.478022120569625,0.4007266309639519,1.4697990845199604,0.6250356135851998,0.3074871623880225
2.5186944483763423,14.011797763680583,14.366922120569624,0.4007266309639519,1.4643090845199604,0.7495476135851998,0.20037016238802247
2.3362044483763422,14.011797763680583,14.366922120569624,0.47602663096395403,1.4578990845199602,0.6451776135851999,0.1664961623880225
2.1140344483763425,14.011797763680583,14.553422120569625,0.5514266309639524,1.4990990845199605,0.4510855135851998,0.3276291623880225
2.296534448376342,14.047507763680581,14.660522120569624,0.7022266309639544,1.5879090845199602,0.30551661358519977,0.1738201623880225
2.3719044483763425,14.122887763680582,14.771622120569624,0.7022266309639544,1.5695990845199606,0.3540396135851998,0.1802291623880225
2.3719044483763425,14.122887763680582,14.660522120569624,0.7022266309639544,1.5521990845199602,0.4794669135851998,0.27452816238802247
2.296534448376342,14.122887763680582,14.478022120569625,0.5514266309639524,1.5640990845199605,0.5554556135851998,0.1802291623880225
2.2251244483763424,14.083207763680583,14.478022120569625,0.4007266309639519,1.4578990845199602,0.4931998135851998,0.21410316238802252
2.1894144483763425,13.972127763680582,14.442322120569624,0.4007266309639519,1.4405090845199604,0.5554556135851998,0.3074871623880225
2.4076144483763424,14.047507763680581,14.295522120569624,0.44032663096395197,1.4285990845199605,0.5691886135851998,0.18663716238802247
2.078334448376342,14.083207763680583,14.220222120569623,0.4007266309639519,1.4990990845199605,0.5966546135851998,0.20677916238802252
1.9315444483763424,14.083207763680583,13.966222120569624,0.4007266309639519,1.5640990845199605,0.5417227135851999,0.2607951623880225
1.5625844483763422,13.896747763680583,13.744122120569624,0.44032663096395197,1.5109990845199603,0.5133414135851998,0.24706216238802248
1.2690044483763423,13.785667763680582,13.490222120569625,0.5514266309639524,1.4936090845199606,0.4510855135851998,0.20677916238802252
1.0508044483763423,13.745987763680581,13.490222120569625,0.7022266309639544,1.4285990845199605,0.3613636135851998,0.24706216238802248
1.0508044483763423,13.785667763680582,13.454522120569624,0.6625266309639528,1.4047990845199605,0.3961539135851998,0.20677916238802252
1.1579244483763422,13.861047763680581,13.561622120569623,0.6625266309639528,1.4112090845199603,0.5417227135851999,0.22051216238802251
1.1222144483763423,14.047507763680581,13.744122120569624,0.6625266309639528,1.4459990845199604,0.7907466135851998,0.21410316238802252
1.2690044483763423,14.309347763680583,13.708422120569624,0.7022266309639544,1.4112090845199603,0.8465936135851998,0.1664961623880225
1.2690044483763423,14.309347763680583,13.708422120569624,0.7022266309639544,1.4112090845199603,0.8465936135851998,0.1664961623880225
1.1579244483763422,14.349017763680582,13.490222120569625,0.6625266309639528,1.2702170845199605,0.7843376135851998,0.1939621623880225
0.9754244483763423,14.460107763680583,13.601322120569623,0.8133266309639531,1.1640160845199605,0.6250356135851998,0.27452816238802247
0.9397144483763424,14.460107763680583,13.783822120569624,0.7022266309639544,1.2702170845199605,0.3961539135851998,0.1738201623880225
1.1579244483763422,14.424397763680583,13.744122120569624,0.6268266309639543,1.3050070845199604,0.3476306135851998,0.2269211623880225
1.4157944483763423,14.309347763680583,13.855222120569623,0.5117266309639525,1.2931050845199603,0.4794669135851998,0.34136216238802247
1.4911744483763423,14.158587763680583,13.855222120569623,0.5514266309639524,1.4285990845199605,0.6250356135851998,0.1738201623880225
1.5625844483763422,14.122887763680582,13.930522120569623,0.5117266309639525,1.4990990845199605,0.6177116135851998,0.2946701623880225
1.5268744483763423,14.011797763680583,14.113022120569624,0.5871266309639545,1.4047990845199605,0.4996085135851998,0.2873451623880225
1.8204544483763425,13.785667763680582,13.966222120569624,0.47602663096395403,1.4990990845199605,0.4309439135851998,0.09325416238802249
1.9672444483763423,13.444477763680581,13.966222120569624,0.4007266309639519,1.4112090845199603,0.4996085135851998,0.3010781623880225
1.8958344483763425,13.258017763680582,14.002022120569624,0.4007266309639519,1.3581090845199602,0.5765126135851998,0.26720416238802247
1.8958344483763425,13.218347763680583,13.672722120569624,0.289626630963955,1.4990990845199605,0.5966546135851998,0.1802291623880225
1.7093744483763422,13.182637763680582,13.783822120569624,0.3650266309639534,1.4285990845199605,0.4721426635851998,0.27452816238802247
1.5268744483763423,13.182637763680582,14.077322120569624,0.5514266309639524,1.4816990845199602,0.3686881135851998,0.2269211623880225
1.6736644483763423,13.444477763680581,14.148722120569625,0.737926630963953,1.6171990845199602,0.24326061358519982,0.1399461623880225
1.7490444483763423,13.595237763680583,14.442322120569624,0.6268266309639543,1.5467090845199603,0.1535396135851998,0.27452816238802247
2.002954448376342,13.710287763680583,14.696222120569624,0.5514266309639524,1.5348090845199605,0.2231196135851998,0.24706216238802248
2.3362044483763422,13.785667763680582,14.553422120569625,0.4007266309639519,1.5586090845199605,0.5481314135851998,0.20037016238802247
2.2251244483763424,13.785667763680582,14.553422120569625,0.24992663096395518,1.3874090845199603,0.7422236135851998,0.27452816238802247
2.078334448376342,13.896747763680583,14.295522120569624,0.3650266309639534,1.2638080845199604,0.7284906135851998,0.1939621623880225
1.8204544483763425,13.821367763680582,14.589122120569623,0.3650266309639534,1.3343040845199603,0.6387686135851998,0.20037016238802247
1.9315444483763424,13.710287763680583,14.735922120569624,0.5514266309639524,1.4762090845199602,0.4510855135851998,0.18663716238802247
2.1894144483763425,13.710287763680583,14.735922120569624,0.44032663096395197,1.4762090845199602,0.3265736135851998,0.1738201623880225
2.2251244483763424,13.634907763680582,14.807322120569625,0.2142266309639531,1.5586090845199605,0.4236197135851998,0.2543871623880225
2.296534448376342,13.519857763680582,14.696222120569624,0.023826630963952766,1.6757990845199604,0.5902456135851998,0.20037016238802247
2.296534448376342,13.519857763680582,14.589122120569623,0.011873369036045744,1.5109990845199603,0.7559566135851998,0.1802291623880225
2.296534448376342,13.634907763680582,14.513722120569623,0.09912663096395491,1.3874090845199603,0.8530016135851999,0.18663716238802247
2.3362044483763422,13.559527763680581,14.220222120569623,0.2142266309639531,1.4047990845199605,0.8182116135851998,0.1664961623880225
2.002954448376342,13.484147763680582,14.259822120569623,0.32532663096395353,1.2931050845199603,0.6799676135851997,0.1802291623880225
1.7490444483763423,13.369097763680582,14.113022120569624,0.47602663096395403,1.3754990845199604,0.6177116135851998,0.2269211623880225
1.4554644483763424,13.293717763680583,13.783822120569624,0.5871266309639545,1.5283990845199602,0.5902456135851998,0.28093716238802247
1.1975944483763423,13.142967763680582,13.855222120569623,0.5871266309639545,1.4871990845199603,0.6589106135851999,0.18663716238802247
1.1975944483763423,13.333397763680583,13.783822120569624,0.6625266309639528,1.5814990845199604,0.5966546135851998,0.27452816238802247
1.3086744483763424,13.484147763680582,13.672722120569624,0.737926630963953,1.4643090845199604,0.4309439135851998,0.3276291623880225
1.0111344483763423,13.710287763680583,14.184422120569623,0.8886266309639534,1.2702170845199605,0.4098868135851998,0.1939621623880225
1.1222144483763423,14.122887763680582,13.890922120569623,0.8886266309639534,1.3581090845199602,0.4584097535851998,0.26720416238802247
1.1222144483763423,14.122887763680582,13.890922120569623,0.8886266309639534,1.3581090845199602,0.4584097535851998,0.26720416238802247
1.1579244483763422,14.233967763680582,13.855222120569623,0.7022266309639544,1.1988060845199604,0.5691886135851998,0.2406541623880225
1.0508044483763423,14.233967763680582,13.708422120569624,0.737926630963953,1.0752090845199604,0.7422236135851998,0.20677916238802252
0.8643444483763423,14.198267763680583,13.708422120569624,0.6625266309639528,1.2638080845199604,0.6451776135851999,0.3010781623880225
0.7929294483763423,13.936417763680582,13.855222120569623,0.6625266309639528,1.4231090845199605,0.3265736135851998,0.18663716238802247
0.9397144483763424,13.861047763680581,14.037722120569624,0.777526630963953,1.4350090845199603,0.07022661358519983,0.21410316238802252
1.1579244483763422,13.634907763680582,13.855222120569623,0.7022266309639544,1.5055090845199603,0.2020616135851998,0.2607951623880225
1.0865044483763424,13.559527763680581,13.930522120569623,0.6625266309639528,1.5228990845199601,0.3750968135851998,0.1664961623880225
1.0865044483763424,13.218347763680583,13.783822120569624,0.44032663096395197,1.4231090845199605,0.3128406135851998,0.2543871623880225
1.0865044483763424,13.218347763680583,13.783822120569624,0.44032663096395197,1.4231090845199605,0.3128406135851998,0.2543871623880225
1.1579244483763422,12.992207763680582,13.744122120569624,0.3650266309639534,1.3581090845199602,0.4510855135851998,0.20677916238802252
1.2690044483763423,12.916827763680583,13.601322120569623,0.5117266309639525,1.3635990845199601,0.6103876135851998,0.2342451623880225
1.2332944483763424,12.805747763680582,13.454522120569624,0.5117266309639525,1.4285990845199605,0.5966546135851998,0.1664961623880225
0.9040144483763424,12.805747763680582,13.490222120569625,0.5871266309639545,1.4578990845199602,0.4236197135851998,0.1939621623880225
0.7175514483763423,12.881127763680581,13.930522120569623,0.8133266309639531,1.5814990845199604,0.3338976135851998,0.22051216238802251
0.9040144483763424,13.067587763680582,14.077322120569624,0.9283266309639533,1.5759990845199603,0.2917836135851998,0.16008716238802245
1.1975944483763423,13.142967763680582,14.259822120569623,0.9283266309639533,1.3700090845199604,0.4025626135851998,0.21410316238802252
1.3800844483763424,13.333397763680583,14.366922120569624,0.8886266309639534,1.2757100845199605,0.6387686135851998,0.22051216238802251
1.4157944483763423,13.444477763680581,14.366922120569624,0.8133266309639531,1.2519060845199603,0.8740596135851998,0.20677916238802252
1.4157944483763423,13.444477763680581,14.366922120569624,0.8133266309639531,1.2519060845199603,0.8740596135851998,0.20677916238802252
1.0508044483763423,13.519857763680582,14.148722120569625,0.7022266309639544,1.0935200845199604,1.0956166135852,0.1939621623880225
0.9040144483763424,13.519857763680582,14.295522120569624,0.737926630963953,1.1347190845199604,1.0956166135852,0.1802291623880225
1.1579244483763422,13.408777763680582,14.406622120569624,0.9283266309639533,1.2995140845199602,0.8044786135851998,0.26720416238802247
1.5268744483763423,13.369097763680582,14.696222120569624,0.9283266309639533,1.3993090845199605,0.4584097535851998,0.1802291623880225
1.6022544483763423,12.916827763680583,15.100922120569624,0.737926630963953,1.6171990845199602,0.5206656135851998,0.2873451623880225
1.7847544483763422,12.992207763680582,14.882722120569625,0.5871266309639545,1.5814990845199604,0.8182116135851998,0.14635416238802246
1.8204544483763425,12.992207763680582,14.807322120569625,0.6268266309639543,1.3462090845199604,1.0058946135851998,0.22051216238802251
1.8204544483763425,13.031877763680583,14.478022120569625,0.737926630963953,1.1933120845199605,0.8667346135851999,0.20677916238802252
1.5625844483763422,12.992207763680582,14.366922120569624,0.8529266309639532,1.1228170845199603,0.6937006135851997,0.2269211623880225
1.2690044483763423,12.805747763680582,14.113022120569624,1.0037266309639534,1.2052140845199604,0.5343985135851999,0.2269211623880225
1.0508044483763423,12.615317763680583,13.855222120569623,0.9640266309639536,1.4047990845199605,0.5902456135851998,0.18663716238802247
1.0508044483763423,12.615317763680583,13.855222120569623,0.9640266309639536,1.4047990845199605,0.5902456135851998,0.18663716238802247
0.6461404483763422,12.468527763680582,13.855222120569623,1.0037266309639534,1.6757990845199604,0.4648184475851998,0.2269211623880225
0.6461404483763422,12.428857763680583,13.890922120569623,1.1901266309639542,1.6583990845199605,0.18100461358519981,0.22051216238802251
0.42397244837634224,12.690697763680582,14.259822120569623,1.1901266309639542,1.4112090845199603,0.13248161358519983,0.26720416238802247
0.5350564483763423,13.142967763680582,13.930522120569623,0.9640266309639536,1.3819090845199602,0.3128406135851998,0.22051216238802251
0.3882664483763422,13.258017763680582,13.672722120569624,0.8886266309639534,1.1164080845199602,0.5902456135851998,0.21410316238802252
0.16318595162365773,13.444477763680581,13.454522120569624,0.6268266309639543,1.0752090845199604,0.6451776135851999,0.1939621623880225
0.016396551623657718,13.408777763680582,13.561622120569623,0.6268266309639543,1.2583150845199604,0.4236197135851998,0.2342451623880225
0.27718244837634226,13.258017763680582,13.783822120569624,0.6268266309639543,1.3288100845199604,0.1947376135851998,0.2543871623880225
0.42397244837634224,13.031877763680583,13.819522120569625,0.6625266309639528,1.4936090845199606,0.16727161358519982,0.20037016238802247
0.42397244837634224,12.916827763680583,13.890922120569623,0.5514266309639524,1.5759990845199603,0.2643176135851998,0.1738201623880225
0.24147744837634227,12.881127763680581,14.113022120569624,0.44032663096395197,1.3938090845199604,0.3888297135851998,0.22051216238802251
0.5707614483763424,12.916827763680583,13.601322120569623,0.5117266309639525,1.3635990845199601,0.5417227135851999,0.2342451623880225
0.6818454483763423,12.730367763680583,13.414822120569625,0.289626630963955,1.1402120845199604,0.7284906135851998,0.1738201623880225
0.5707614483763424,12.468527763680582,13.414822120569625,0.4007266309639519,1.0111220845199602,0.8255366135851998,0.2406541623880225
0.5707614483763424,12.353477763680582,13.196622120569623,0.6268266309639543,1.1988060845199604,0.8255366135851998,0.22051216238802251
0.4636454483763423,12.202717763680582,13.637022120569624,0.737926630963953,1.2400040845199602,0.6387686135851998,0.16008716238802245
0.6104344483763422,12.091637763680582,14.184422120569623,0.9283266309639533,1.5174090845199601,0.44467681358519984,0.27452816238802247
1.1579244483763422,12.202717763680582,14.295522120569624,1.0791266309639536,1.6995990845199604,0.4172110135851998,0.1939621623880225
1.5268744483763423,12.242387763680583,14.843022120569623,1.1148266309639538,1.5467090845199603,0.5069327135851998,0.22051216238802251
1.6379644483763423,12.579607763680581,14.660522120569624,1.154426630963954,1.5348090845199605,0.6872916135851999,0.28093716238802247
1.4157944483763423,12.805747763680582,14.366922120569624,1.0394266309639537,1.2702170845199605,0.9289906135851997,0.1738201623880225
1.1975944483763423,12.881127763680581,14.442322120569624,1.0037266309639534,0.9113300845199603,1.1093496135852,0.2342451623880225
1.2332944483763424,12.881127763680581,14.589122120569623,1.229826630963954,0.9461200845199603,0.9500476135851998,0.20677916238802252
1.4554644483763424,12.805747763680582,14.771622120569624,1.2655266309639543,1.1933120845199605,0.5902456135851998,0.18663716238802247
1.8204544483763425,12.654987763680582,15.358822120569624,1.2655266309639543,1.5998090845199604,0.5206656135851998,0.2607951623880225
1.8204544483763425,12.654987763680582,15.358822120569624,1.2655266309639543,1.5998090845199604,0.5206656135851998,0.2607951623880225
1.6022544483763423,12.730367763680583,15.319122120569624,1.0037266309639534,1.4112090845199603,0.7422236135851998,0.2543871623880225
1.6022544483763423,12.730367763680583,15.319122120569624,1.0037266309639534,1.4112090845199603,0.7422236135851998,0.2543871623880225
1.6379644483763423,12.690697763680582,14.660522120569624,0.9640266309639536,1.3581090845199602,0.6662346135851998,0.21410316238802252
1.3800844483763424,12.615317763680583,14.259822120569623,0.9283266309639533,1.0990130845199604,0.6726436135851999,0.1664961623880225
1.0508044483763423,12.543907763680583,13.966222120569624,1.0037266309639534,0.9818260845199603,0.6451776135851999,0.22051216238802251
0.8286344483763424,12.393147763680583,13.454522120569624,1.0394266309639537,1.2400040845199602,0.4584097535851998,0.20037016238802247
0.35256144837634223,12.353477763680582,13.783822120569624,0.9640266309639536,1.4350090845199603,0.3476306135851998,0.18663716238802247
0.35256144837634223,12.353477763680582,13.783822120569624,0.9640266309639536,1.4350090845199603,0.3476306135851998,0.18663716238802247
0.17006644837634227,12.127337763680583,13.930522120569623,1.0791266309639536,1.7050890845199604,0.3686881135851998,0.21410316238802252
0.35256144837634223,12.051957763680582,13.783822120569624,1.1901266309639542,1.7819990845199603,0.3338976135851998,0.20037016238802247
0.3882664483763422,12.127337763680583,13.966222120569624,0.9283266309639533,1.4697990845199604,0.3888297135851998,0.26720416238802247
0.31685544837634233,12.242387763680583,13.561622120569623,0.9640266309639536,1.2702170845199605,0.4931998135851998,0.22051216238802251
0.08780755162365772,12.504227763680582,13.125222120569624,0.9283266309639533,0.9635150845199604,0.6387686135851998,0.2269211623880225
0.6749655516236577,12.543907763680583,13.268022120569624,0.8886266309639534,0.7520280845199603,0.7696886135851998,0.2342451623880225
0.6749655516236577,12.543907763680583,13.268022120569624,0.8886266309639534,0.7520280845199603,0.7696886135851998,0.2342451623880225
0.05210155162365773,12.615317763680583,13.232322120569624,0.8886266309639534,1.1933120845199605,0.7074336135851998,0.1262131623880225
0.0946874483763423,12.393147763680583,13.744122120569624,0.9640266309639536,1.2876120845199603,0.5966546135851998,0.2269211623880225
0.13039344837634226,12.127337763680583,13.855222120569623,0.9283266309639533,1.5640990845199605,0.5069327135851998,0.28093716238802247
0.016396551623657718,12.167017763680583,14.113022120569624,0.8886266309639534,1.4231090845199605,0.3888297135851998,0.10607116238802249
0.31685544837634233,12.317767763680582,14.002022120569624,0.8529266309639532,1.1988060845199604,0.5069327135851998,0.3074871623880225
0.6461404483763422,12.278097763680583,13.525922120569623,0.8133266309639531,1.1109150845199602,0.6799676135851997,0.2543871623880225
0.27718244837634226,12.242387763680583,13.672722120569624,0.8529266309639532,0.9580220845199604,0.7907466135851998,0.1399461623880225
0.058982448376342256,12.202717763680582,13.490222120569625,0.9283266309639533,1.0752090845199604,0.8255366135851998,0.2406541623880225
0.0946874483763423,12.167017763680583,13.490222120569625,1.0394266309639537,1.1759170845199605,0.7980706135851998,0.2342451623880225
0.3882664483763422,11.940877763680582,14.002022120569624,1.1148266309639538,1.2702170845199605,0.6589106135851999,0.2342451623880225
0.9040144483763424,11.714737763680581,14.037722120569624,1.2655266309639543,1.4936090845199606,0.4025626135851998,0.2269211623880225
1.0111344483763423,11.373557763680582,14.589122120569623,1.3409266309639545,1.4697990845199604,0.3265736135851998,0.1664961623880225
1.0865044483763424,11.298177763680583,14.624822120569624,1.3052266309639542,1.4643090845199604,0.4025626135851998,0.20037016238802247
1.0865044483763424,11.524307763680582,14.295522120569624,1.1148266309639538,1.3938090845199604,0.6662346135851998,0.21410316238802252
0.8286344483763424,11.599687763680581,14.184422120569623,1.154426630963954,1.0459130845199605,0.9289906135851997,0.1802291623880225
0.6461404483763422,11.940877763680582,14.184422120569623,1.3806266309639543,1.1878190845199603,0.6525016135851998,0.1802291623880225
0.7175514483763423,11.901207763680581,14.696222120569624,1.3409266309639545,1.1466210845199605,0.43735261358519983,0.18663716238802247
0.8643444483763423,11.790117763680582,14.696222120569624,1.3052266309639542,1.3407120845199603,0.3824210135851998,0.22051216238802251
0.8643444483763423,11.714737763680581,14.624822120569624,1.1148266309639538,1.4578990845199602,0.3128406135851998,0.1802291623880225
0.42397244837634224,11.675067763680582,14.807322120569625,1.154426630963954,1.3169090845199602,0.5069327135851998,0.2269211623880225
0.27718244837634226,11.865497763680583,14.002022120569624,1.0394266309639537,1.3874090845199603,0.6103876135851998,0.21410316238802252
0.08780755162365772,11.976587763680582,13.744122120569624,1.0394266309639537,1.1640160845199605,0.5902456135851998,0.1399461623880225
0.5638815516236577,11.901207763680581,13.414822120569625,1.154426630963954,0.9992210845199604,0.6314446135851999,0.2342451623880225
0.8574605516236578,12.016257763680581,12.938722120569624,1.2655266309639543,1.0871110845199605,0.6039786135851998,0.2269211623880225
1.0796285516236577,11.901207763680581,13.307722120569624,1.154426630963954,1.0871110845199605,0.5069327135851998,0.15367916238802248
0.7860495516236576,11.750447763680583,13.085522120569625,1.0037266309639534,1.2638080845199604,0.3888297135851998,0.24706216238802248
0.6035545516236578,11.488607763680582,13.343422120569624,0.9283266309639533,1.3114150845199604,0.4025626135851998,0.3074871623880225
0.4924705516236577,11.373557763680582,13.414822120569625,1.0037266309639534,1.2812030845199605,0.4931998135851998,0.15367916238802248
0.6035545516236578,11.413227763680583,13.160922120569625,1.0394266309639537,1.2290180845199603,0.6177116135851998,0.2342451623880225
0.6035545516236578,11.413227763680583,13.160922120569625,1.0394266309639537,1.2290180845199603,0.6177116135851998,0.2342451623880225
0.8574605516236578,11.488607763680582,12.903022120569624,1.0791266309639536,1.0230240845199603,0.6250356135851998,0.22051216238802251
1.0439235516236578,11.524307763680582,13.125222120569624,1.1901266309639542,0.9287250845199604,0.6250356135851998,0.14635416238802246
0.7860495516236576,11.488607763680582,13.125222120569624,1.4163266309639528,1.0871110845199605,0.5618643135851998,0.2406541623880225
0.4170925516236577,11.298177763680583,13.379122120569624,1.4163266309639528,1.0697160845199605,0.5554556135851998,0.2406541623880225
0.16318595162365773,11.000627763680582,13.783822120569624,1.3409266309639545,1.2171160845199602,0.6589106135851999,0.15367916238802248
0.058982448376342256,10.885577763680583,13.708422120569624,1.3806266309639543,1.5174090845199601,0.7147576135851998,0.20677916238802252
0.023276448376342268,10.734827763680583,14.259822120569623,1.491726630963953,1.3224020845199602,0.6937006135851997,0.2946701623880225
0.24147744837634227,10.774497763680582,14.113022120569624,1.6821266309639533,1.2583150845199604,0.5069327135851998,0.21410316238802252
0.27718244837634226,10.774497763680582,13.855222120569623,1.8686266309639539,1.1759170845199605,0.4584097535851998,0.1939621623880225
0.058982448376342256,11.036337763680582,13.890922120569623,1.8328266309639538,0.9406270845199604,0.5829216135851998,0.2406541623880225
0.19889152162365772,11.187097763680583,13.744122120569624,1.9439266309639542,1.0935200845199604,0.6799676135851997,0.1939621623880225
0.05210155162365773,11.076007763680582,13.966222120569624,1.8328266309639538,1.2519060845199603,0.7147576135851998,0.16008716238802245
0.4993504483763423,10.925247763680582,14.259822120569623,1.7932266309639537,1.2812030845199605,0.6662346135851998,0.21410316238802252
0.9754244483763423,10.810197763680582,14.513722120569623,1.7178266309639536,1.3819090845199602,0.6039786135851998,0.28093716238802247
1.1222144483763423,10.734827763680583,14.589122120569623,1.6821266309639533,1.3343040845199603,0.5966546135851998,0.26720416238802247
0.9397144483763424,10.849877763680583,14.696222120569624,1.6424266309639535,1.1933120845199605,0.4721426635851998,0.2269211623880225
0.9397144483763424,10.849877763680583,14.696222120569624,1.6424266309639535,1.1933120845199605,0.4721426635851998,0.2269211623880225
0.6818454483763423,11.111717763680582,14.259822120569623,1.6821266309639533,1.1466210845199605,0.3888297135851998,0.20677916238802252
0.3882664483763422,11.373557763680582,14.478022120569625,1.6821266309639533,1.1402120845199604,0.6387686135851998,0.27452816238802247
0.42397244837634224,11.488607763680582,14.442322120569624,1.6424266309639535,1.2290180845199603,0.8530016135851999,0.1939621623880225
0.4636454483763423,11.448937763680583,14.077322120569624,1.7178266309639536,1.2345110845199603,0.7559566135851998,0.1738201623880225
0.31685544837634233,11.262467763680583,14.331222120569624,1.6067266309639532,1.1402120845199604,0.7284906135851998,0.2406541623880225
0.3882664483763422,11.000627763680582,14.002022120569624,1.6067266309639532,1.2226090845199602,0.6451776135851999,0.20677916238802252
0.35256144837634223,10.849877763680583,14.002022120569624,1.4560266309639545,1.1402120845199604,0.6662346135851998,0.22051216238802251
0.058982448376342256,10.734827763680583,13.890922120569623,1.531326630963953,1.1054220845199603,0.6589106135851999,0.22051216238802251
0.3456815516236577,10.849877763680583,13.196622120569623,1.6821266309639533,1.2226090845199602,0.6314446135851999,0.24706216238802248
0.8971335516236578,10.885577763680583,12.903022120569624,1.6067266309639532,1.0697160845199605,0.7495476135851998,0.18663716238802247
1.2264155516236577,10.960957763680582,12.756222120569625,1.7932266309639537,1.0166160845199603,0.8044786135851998,0.20677916238802252
1.1510395516236578,11.076007763680582,12.609422120569624,1.9043266309639542,1.1054220845199603,0.6250356135851998,0.1802291623880225
1.1510395516236578,11.111717763680582,13.049822120569624,1.7932266309639537,1.0404190845199603,0.3686881135851998,0.18663716238802247
0.8217555516236577,10.925247763680582,13.268022120569624,1.7932266309639537,1.1283100845199603,0.3750968135851998,0.28093716238802247
0.3456815516236577,10.960957763680582,12.978422120569624,1.7575266309639535,1.1695090845199605,0.5343985135851999,0.20037016238802247
0.7503445516236578,11.111717763680582,13.014122120569624,1.8328266309639538,1.1283100845199603,0.7907466135851998,0.18663716238802247
0.7503445516236578,11.111717763680582,13.014122120569624,1.8328266309639538,1.1283100845199603,0.7907466135851998,0.18663716238802247
0.7503445516236578,11.111717763680582,13.014122120569624,1.8328266309639538,1.1283100845199603,0.7907466135851998,0.18663716238802247
0.12351305162365772,11.187097763680583,13.601322120569623,2.2454266309639532,1.0990130845199604,0.4584097535851998,0.14635416238802246
0.016396551623657718,11.000627763680582,13.783822120569624,2.170126630963953,1.0523210845199604,0.5133414135851998,0.20677916238802252
0.016396551623657718,10.925247763680582,13.890922120569623,2.055026630963953,1.1347190845199604,0.5902456135851998,0.2607951623880225
0.0946874483763423,10.810197763680582,13.744122120569624,2.055026630963953,1.1466210845199605,0.7074336135851998,0.1802291623880225
0.023276448376342268,10.508687763680582,13.561622120569623,2.130426630963953,1.0871110845199605,0.7843376135851998,0.18663716238802247
0.058982448376342256,10.433307763680583,13.268022120569624,2.2811266309639535,1.1164080845199602,0.6039786135851998,0.2873451623880225
0.27030265162365774,10.282547763680583,13.160922120569625,2.4716266309639536,1.1283100845199603,0.4794669135851998,0.20677916238802252
0.4924705516236577,10.282547763680583,13.561622120569623,2.582726630963954,1.2400040845199602,0.3201656135851998,0.1664961623880225
0.23459705162365774,10.397607763680583,13.490222120569625,2.622326630963954,1.3874090845199603,0.2295276135851998,0.2269211623880225
0.17006644837634227,10.246847763680583,13.819522120569625,2.3962266309639535,1.3288100845199604,0.3613636135851998,0.22051216238802251
0.24147744837634227,10.207177763680582,13.783822120569624,2.2811266309639535,1.2345110845199603,0.6662346135851998,0.16008716238802245
0.20577144837634226,10.056416763680582,13.525922120569623,2.0947266309639545,1.1402120845199604,0.7980706135851998,0.2342451623880225
0.30997555162365775,10.131795763680582,13.268022120569624,2.170126630963953,0.9287250845199604,0.7632806135851998,0.2269211623880225
0.7503445516236578,10.246847763680583,13.343422120569624,2.2454266309639532,0.8701310845199604,0.7559566135851998,0.2543871623880225
0.6749655516236577,10.322227763680582,13.454522120569624,2.3565266309639537,1.0047140845199602,0.6662346135851998,0.20677916238802252
0.5638815516236577,10.282547763680583,13.454522120569624,2.2811266309639535,1.0871110845199605,0.5279898135851998,0.2269211623880225
0.5638815516236577,10.246847763680583,13.708422120569624,2.2454266309639532,1.1695090845199605,0.5069327135851998,0.21410316238802252
0.6035545516236578,10.171467763680582,13.454522120569624,2.055026630963953,1.2995140845199602,0.6314446135851999,0.09966216238802249
0.7106715516236577,10.056416763680582,13.343422120569624,1.8328266309639538,1.0990130845199604,0.8740596135851998,0.2543871623880225
0.7860495516236576,9.945332763680582,12.938722120569624,1.8328266309639538,0.9580220845199604,0.9500476135851998,0.22051216238802251
1.0796285516236577,10.171467763680582,12.391222120569624,1.9796266309639527,0.8875260845199604,0.7147576135851998,0.18663716238802247
1.5557055516236578,10.282547763680583,12.355522120569624,2.170126630963953,0.7932270845199604,0.4510855135851998,0.26720416238802247
1.7421655516236576,10.357927763680582,12.244422120569624,2.3565266309639537,0.9406270845199604,0.3201656135851998,0.18663716238802247
1.5199955516236576,10.433307763680583,12.391222120569624,2.3565266309639537,1.2052140845199604,0.3403066135851998,0.1335371623880225
1.1907125516236576,10.397607763680583,12.684822120569624,2.2454266309639532,1.2876120845199603,0.5279898135851998,0.22051216238802251
0.8217555516236577,10.357927763680582,12.867322120569623,2.130426630963953,1.3224020845199602,0.6387686135851998,0.3340371623880225
0.5281765516236577,10.096089763680583,12.791922120569623,2.055026630963953,1.1759170845199605,0.6589106135851999,0.1738201623880225
0.45676555162365773,9.981038763680582,12.867322120569623,2.205826630963953,0.8756240845199603,0.5829216135851998,0.1802291623880225
0.6035545516236578,9.981038763680582,12.720522120569624,2.3208266309639534,0.8289330845199603,0.4794669135851998,0.2946701623880225
0.6035545516236578,10.020711763680582,13.085522120569625,2.3962266309639535,0.9287250845199604,0.4584097535851998,0.15367916238802248
0.3456815516236577,10.020711763680582,13.196622120569623,2.507326630963954,1.2171160845199602,0.4721426635851998,0.1802291623880225
0.23459705162365774,10.056416763680582,13.414822120569625,2.582726630963954,1.2812030845199605,0.6314446135851999,0.24706216238802248
0.16318595162365773,9.905660763680583,13.637022120569624,2.431926630963954,1.2400040845199602,0.7147576135851998,0.1939621623880225
0.17006644837634227,9.794576763680583,13.379122120569624,2.431926630963954,1.2345110845199603,0.6451776135851999,0.20037016238802247
0.24147744837634227,9.794576763680583,13.414822120569625,2.4716266309639536,0.9049210845199603,0.6314446135851999,0.28093716238802247
0.13039344837634226,9.830281763680583,13.232322120569624,2.582726630963954,0.8930190845199604,0.4584097535851998,0.2342451623880225
0.12351305162365772,10.020711763680582,12.978422120569624,2.808826630963953,1.0340110845199604,0.4236197135851998,0.21410316238802252
0.5638815516236577,10.020711763680582,13.085522120569625,2.923826630963953,1.0697160845199605,0.5206656135851998,0.2342451623880225
0.5281765516236577,10.020711763680582,13.125222120569624,2.9992266309639533,1.3288100845199604,0.6451776135851999,0.1802291623880225
0.3456815516236577,10.020711763680582,13.232322120569624,2.9992266309639533,1.3635990845199601,0.6387686135851998,0.20677916238802252
0.38138655162365775,9.905660763680583,13.561622120569623,2.884226630963953,1.1228170845199603,0.6726436135851999,0.21410316238802252
0.23459705162365774,9.754903763680582,13.049822120569624,2.7334266309639528,0.9818260845199603,0.7147576135851998,0.21410316238802252
0.38138655162365775,9.608113763680583,13.085522120569625,2.582726630963954,0.6577290845199604,0.8118036135851998,0.24706216238802248
0.6392605516236578,9.679524763680583,12.720522120569624,2.582726630963954,0.6522360845199604,0.8044786135851998,0.20677916238802252
0.6392605516236578,9.679524763680583,12.720522120569624,2.582726630963954,0.6522360845199604,0.8044786135851998,0.20677916238802252
0.8971335516236578,9.945332763680582,12.867322120569623,2.582726630963954,0.8930190845199604,0.7843376135851998,0.2342451623880225
0.6749655516236577,10.171467763680582,12.978422120569624,2.7334266309639528,1.3050070845199604,0.6387686135851998,0.16008716238802245
0.4924705516236577,9.830281763680583,13.049822120569624,2.582726630963954,1.1933120845199605,0.5691886135851998,0.2406541623880225
0.38138655162365775,9.643819763680582,12.938722120569624,2.431926630963954,1.0642230845199605,0.4721426635851998,0.2269211623880225
0.5638815516236577,9.643819763680582,12.684822120569624,2.3208266309639534,0.8518210845199604,0.5618643135851998,0.24706216238802248
0.7106715516236577,9.643819763680582,12.391222120569624,2.2811266309639535,0.6934350845199604,0.7696886135851998,0.2607951623880225
0.8217555516236577,9.719197763680583,12.026222120569624,2.431926630963954,0.7639300845199604,0.9088496135851998,0.20677916238802252
1.0796285516236577,9.719197763680583,12.026222120569624,2.6580266309639544,0.9287250845199604,0.8667346135851999,0.15367916238802248
1.4485855516236577,9.719197763680583,12.280222120569624,2.923826630963953,1.1164080845199602,0.5554556135851998,0.3010781623880225
1.0042505516236577,9.754903763680582,12.502322120569623,2.9992266309639533,1.2876120845199603,0.30551661358519977,0.1939621623880225
0.7106715516236577,9.643819763680582,12.867322120569623,2.884226630963953,1.2052140845199604,0.2716426135851998,0.11980416238802248
0.7106715516236577,9.643819763680582,12.867322120569623,2.884226630963953,1.2052140845199604,0.2716426135851998,0.11980416238802248
0.7106715516236577,9.643819763680582,12.867322120569623,2.884226630963953,1.2052140845199604,0.2716426135851998,0.11980416238802248
0.7106715516236577,9.643819763680582,12.867322120569623,2.884226630963953,1.2052140845199604,0.2716426135851998,0.11980416238802248
0.7106715516236577,9.643819763680582,12.867322120569623,2.884226630963953,1.2052140845199604,0.2716426135851998,0.11980416238802248
0.7106715516236577,10.207177763680582,12.831622120569625,2.9992266309639533,0.9635150845199604,0.6314446135851999,0.1738201623880225
0.45676555162365773,10.020711763680582,13.014122120569624,3.1103266309639537,1.0111220845199602,0.4098868135851998,0.18663716238802247
0.38138655162365775,9.869954763680582,13.343422120569624,2.9992266309639533,1.0697160845199605,0.2295276135851998,0.16008716238802245
0.38138655162365775,9.754903763680582,13.125222120569624,2.808826630963953,1.1640160845199605,0.2505846135851998,0.15367916238802248
0.38138655162365775,9.754903763680582,13.125222120569624,2.808826630963953,1.1640160845199605,0.2505846135851998,0.15367916238802248
0.38138655162365775,9.679524763680583,13.049822120569624,2.622326630963954,1.0459130845199605,0.5206656135851998,0.2607951623880225
0.45676555162365773,9.719197763680583,12.573722120569624,2.507326630963954,0.9699240845199604,0.7632806135851998,0.16008716238802245
0.8217555516236577,9.719197763680583,12.173022120569623,2.6580266309639544,0.9406270845199604,0.7843376135851998,0.20677916238802252
1.3375055516236576,9.754903763680582,12.208722120569623,2.808826630963953,0.9049210845199603,0.5829216135851998,0.20037016238802247
1.3732055516236576,9.794576763680583,12.208722120569623,2.7731266309639544,1.0285180845199604,0.43735261358519983,0.16008716238802245
0.9328395516236576,9.719197763680583,12.684822120569624,2.5470266309639538,1.0459130845199605,0.3824210135851998,0.2406541623880225
0.7860495516236576,9.532735763680583,12.609422120569624,2.3565266309639537,1.0340110845199604,0.5279898135851998,0.21410316238802252
0.9328395516236576,9.342305763680582,12.573722120569624,2.130426630963953,0.8637230845199604,0.7696886135851998,0.22051216238802251
0.9328395516236576,9.342305763680582,12.573722120569624,2.130426630963953,0.8637230845199604,0.7696886135851998,0.22051216238802251
1.1153345516236577,9.342305763680582,11.950922120569624,2.0947266309639545,0.8344260845199604,0.9500476135851998,0.22051216238802251
1.3732055516236576,9.266927363680582,12.133422120569623,2.130426630963953,0.7520280845199603,0.9225816135851999,0.1738201623880225
1.4485855516236577,9.231221863680583,12.355522120569624,2.3565266309639537,0.9406270845199604,0.5133414135851998,0.2269211623880225
1.2621255516236576,9.266927363680582,12.315922120569624,2.431926630963954,1.0697160845199605,0.2231196135851998,0.21410316238802252
1.1907125516236576,9.155843463680583,12.867322120569623,2.3962266309639535,0.9937270845199604,0.3540396135851998,0.16008716238802245
0.9328395516236576,9.080464963680582,12.502322120569623,2.3565266309639537,1.1576070845199604,0.5691886135851998,0.2406541623880225
1.0042505516236577,9.040791763680582,12.609422120569624,2.2811266309639535,0.9342180845199604,0.8530016135851999,0.2342451623880225
0.9685445516236577,9.080464963680582,12.355522120569624,2.2811266309639535,0.8106220845199603,0.9921626135851997,0.1262131623880225
0.9685445516236577,9.116170563680582,12.026222120569624,2.507326630963954,0.7575210845199604,0.8804676135851999,0.3276291623880225
1.1907125516236576,9.116170563680582,12.502322120569623,2.884226630963953,0.6458270845199603,0.6039786135851998,0.20677916238802252
0.9685445516236577,9.080464963680582,12.462622120569623,3.2968266309639542,0.9287250845199604,0.2853746135851998,0.09325416238802249
0.8971335516236578,9.116170563680582,12.903022120569624,3.2968266309639542,1.0697160845199605,0.2643176135851998,0.2406541623880225
0.5281765516236577,9.231221863680583,13.160922120569625,3.2968266309639542,1.1521140845199604,0.5343985135851999,0.1802291623880225
0.3456815516236577,9.155843463680583,12.791922120569623,3.2254266309639537,1.2226090845199602,0.7907466135851998,0.1664961623880225
0.30997555162365775,9.080464963680582,12.903022120569624,3.0349266309639535,0.9580220845199604,0.8465936135851998,0.27452816238802247
0.19889152162365772,9.116170563680582,12.538022120569623,3.1103266309639537,0.7758320845199604,0.7284906135851998,0.20677916238802252
0.27030265162365774,9.155843463680583,12.831622120569625,3.2968266309639542,0.7932270845199604,0.6039786135851998,0.1664961623880225
0.19889152162365772,9.306599763680582,13.085522120569625,3.487226630963953,0.9406270845199604,0.3476306135851998,0.2543871623880225
0.08780755162365772,9.342305763680582,13.125222120569624,3.487226630963953,1.1109150845199602,0.2917836135851998,0.1664961623880225
0.19889152162365772,9.231221863680583,13.307722120569624,3.487226630963953,1.1695090845199605,0.4996085135851998,0.16008716238802245
0.30997555162365775,9.080464963680582,12.978422120569624,3.261126630963954,1.1759170845199605,0.7907466135851998,0.2607951623880225
0.38138655162365775,8.854329763680582,12.502322120569623,3.185726630963954,0.9168230845199603,0.9848376135851997,0.21410316238802252
0.5638815516236577,8.739278763680582,12.173022120569623,3.1500266309639535,0.7346330845199603,0.9088496135851998,0.1335371623880225
0.8971335516236578,8.628194763680582,11.768422120569625,3.185726630963954,0.6934350845199604,0.7147576135851998,0.28093716238802247
1.3017955516236577,8.628194763680582,11.950922120569624,3.185726630963954,0.7575210845199604,0.5069327135851998,0.28093716238802247
1.5199955516236576,8.739278763680582,11.950922120569624,3.261126630963954,0.9992210845199604,0.4025626135851998,0.1664961623880225
1.4842955516236576,8.778951763680583,12.173022120569623,3.1103266309639537,1.1283100845199603,0.4794669135851998,0.2543871623880225
1.2621255516236576,8.778951763680583,12.280222120569624,2.9992266309639533,1.0871110845199605,0.6662346135851998,0.1802291623880225
1.0439235516236578,8.739278763680582,12.061922120569625,2.7334266309639528,0.9406270845199604,0.7980706135851998,0.2269211623880225
1.2264155516236577,8.703572763680583,11.732722120569624,2.4716266309639536,0.5991350845199603,0.6662346135851998,0.1939621623880225
1.1907125516236576,8.890035763680583,12.061922120569625,2.507326630963954,0.6339250845199604,0.6799676135851997,0.27452816238802247
0.8217555516236577,9.155843463680583,12.280222120569624,2.582726630963954,0.9342180845199604,0.6314446135851999,0.26720416238802247
0.6749655516236577,9.266927363680582,12.649122120569624,2.582726630963954,1.0642230845199605,0.5206656135851998,0.20037016238802247
0.6749655516236577,9.266927363680582,12.649122120569624,2.582726630963954,1.0642230845199605,0.5206656135851998,0.20037016238802247
0.6392605516236578,9.080464963680582,12.978422120569624,2.507326630963954,1.1228170845199603,0.5481314135851998,0.24706216238802248
0.6035545516236578,8.814656763680583,12.720522120569624,2.3962266309639535,1.0752090845199604,0.7074336135851998,0.20037016238802247
0.5638815516236577,8.663899763680583,12.462622120569623,2.205826630963953,0.7465350845199603,0.9015246135851998,0.22051216238802251
0.5638815516236577,8.703572763680583,12.133422120569623,2.205826630963953,0.5515280845199604,0.8603266135851998,0.27452816238802247
0.8971335516236578,8.703572763680583,11.950922120569624,2.205826630963953,0.5927270845199604,0.6387686135851998,0.2342451623880225
1.1510395516236578,8.739278763680582,12.133422120569623,2.3962266309639535,0.7932270845199604,0.4098868135851998,0.15367916238802248
0.9328395516236576,8.890035763680583,12.355522120569624,2.5470266309639538,1.0166160845199603,0.3824210135851998,0.2269211623880225
0.6749655516236577,8.929707763680582,12.462622120569623,2.3962266309639535,1.1402120845199604,0.5417227135851999,0.20677916238802252
0.6035545516236578,8.929707763680582,12.538022120569623,2.2454266309639532,1.1347190845199604,0.6177116135851998,0.18663716238802247
0.6392605516236578,8.663899763680583,12.502322120569623,2.170126630963953,0.9699240845199604,0.5691886135851998,0.2269211623880225
0.6392605516236578,8.513142763680582,12.133422120569623,1.9796266309639527,0.7465350845199603,0.5481314135851998,0.1738201623880225
0.8217555516236577,8.362386763680583,11.986622120569624,1.9796266309639527,0.6046280845199603,0.5206656135851998,0.18663716238802247
1.1907125516236576,8.211629763680582,12.244422120569624,2.0947266309639545,0.6815330845199603,0.4721426635851998,0.28093716238802247
1.1907125516236576,8.211629763680582,12.244422120569624,2.0947266309639545,0.6815330845199603,0.4721426635851998,0.28093716238802247
1.1907125516236576,8.211629763680582,12.244422120569624,2.0947266309639545,0.6815330845199603,0.4721426635851998,0.28093716238802247
1.1907125516236576,8.211629763680582,12.244422120569624,2.0947266309639545,0.6815330845199603,0.4721426635851998,0.28093716238802247
1.1907125516236576,8.211629763680582,12.244422120569624,2.0947266309639545,0.6815330845199603,0.4721426635851998,0.28093716238802247
1.9246655516236577,7.572897763680582,11.510522120569624,1.9043266309639542,0.5991350845199603,0.6937006135851997,0.1802291623880225
1.9960755516236577,7.497517763680582,10.887652120569625,2.0947266309639545,0.6165300845199604,0.5902456135851998,0.20037016238802247
2.182535551623658,7.648277763680582,10.998742120569624,2.0947266309639545,0.5634300845199604,0.4584097535851998,0.26720416238802247
2.182535551623658,7.648277763680582,10.998742120569624,2.0947266309639545,0.5634300845199604,0.4584097535851998,0.26720416238802247
2.182535551623658,7.8744077636805825,11.403402120569623,2.3962266309639535,1.0340110845199604,0.3265736135851998,0.21410316238802252
2.0714455516236576,7.8744077636805825,11.621602120569625,2.3565266309639537,1.0404190845199603,0.44467681358519984,0.16008716238802245
2.0714455516236576,7.8744077636805825,11.621602120569625,2.3565266309639537,1.0404190845199603,0.44467681358519984,0.16008716238802245
1.5557055516236578,7.8744077636805825,11.550192120569625,2.2811266309639535,0.9699240845199604,0.5902456135851998,0.27452816238802247
1.1907125516236576,7.7990277636805825,11.292322120569624,2.130426630963953,0.6284320845199604,0.6451776135851999,0.2406541623880225
1.2621255516236576,7.612567763680582,11.585902120569624,2.3208266309639534,0.5515280845199604,0.6314446135851999,0.28093716238802247
1.2264155516236577,7.723657763680582,12.061922120569625,2.5470266309639538,0.7694230845199603,0.6525016135851998,0.22051216238802251
0.8217555516236577,7.914087763680582,12.133422120569623,2.7334266309639528,1.0047140845199602,0.6799676135851997,0.2269211623880225
0.8217555516236577,7.914087763680582,12.133422120569623,2.7334266309639528,1.0047140845199602,0.6799676135851997,0.2269211623880225
0.5281765516236577,7.687947763680582,12.315922120569624,2.9992266309639533,0.9580220845199604,0.7696886135851998,0.1399461623880225
0.5281765516236577,7.537187763680582,12.173022120569623,2.959626630963953,0.7987200845199603,0.7422236135851998,0.2269211623880225
0.5638815516236577,7.386437763680583,11.986622120569624,2.959626630963953,0.5872330845199604,0.7147576135851998,0.3212201623880225
0.5638815516236577,7.386437763680583,11.986622120569624,2.959626630963953,0.5872330845199604,0.7147576135851998,0.3212201623880225
0.6749655516236577,7.422137763680582,11.768422120569625,3.185726630963954,0.8518210845199604,0.6726436135851999,0.22051216238802251
0.6749655516236577,7.422137763680582,11.768422120569625,3.185726630963954,0.8518210845199604,0.6726436135851999,0.22051216238802251
0.8574605516236578,7.612567763680582,11.839822120569623,3.3722266309639544,1.0752090845199604,0.5279898135851998,0.2543871623880225
0.8971335516236578,7.687947763680582,12.097722120569625,3.447526630963953,1.2107070845199603,0.4794669135851998,0.18663716238802247
0.9328395516236576,7.648277763680582,11.986622120569624,3.3364266309639543,1.0230240845199603,0.5417227135851999,0.20037016238802247
1.0042505516236577,7.461807763680582,11.804122120569623,3.185726630963954,0.7639300845199604,0.6589106135851999,0.2342451623880225
1.4089155516236576,7.235677763680583,11.145532120569625,2.884226630963953,0.47553908451996035,0.5554556135851998,0.3212201623880225
1.8135755516236576,7.271387763680583,11.403402120569623,2.8485266309639528,0.5817400845199604,0.5417227135851999,0.2607951623880225
1.7024955516236577,7.386437763680583,11.328022120569624,2.884226630963953,0.9992210845199604,0.5481314135851998,0.1664961623880225
1.8492855516236577,7.497517763680582,11.439112120569623,2.7731266309639544,1.0285180845199604,0.5554556135851998,0.2342451623880225
1.9960755516236577,7.386437763680583,11.363732120569624,2.7334266309639528,0.9992210845199604,0.4794669135851998,0.1939621623880225
1.9603655516236578,7.386437763680583,10.963032120569624,2.3565266309639537,0.8875260845199604,0.4858756135851998,0.1738201623880225
2.142865551623658,7.160297763680582,10.375872120569625,2.0193266309639544,0.42243848451996036,0.5902456135851998,0.2543871623880225
2.182535551623658,7.045247763680582,10.304462120569625,2.055026630963953,0.5698380845199604,0.6314446135851999,0.22051216238802251
1.9960755516236577,6.969867763680583,10.633752120569625,1.9796266309639527,0.7520280845199603,0.5343985135851999,0.2406541623880225
1.5953755516236576,6.969867763680583,11.034442120569624,2.0947266309639545,0.9992210845199604,0.4510855135851998,0.2342451623880225
1.3017955516236577,7.009537763680582,11.256612120569624,2.130426630963953,1.1164080845199602,0.4309439135851998,0.20037016238802247
1.3017955516236577,7.009537763680582,11.256612120569624,2.130426630963953,1.1164080845199602,0.4309439135851998,0.20037016238802247
1.0796285516236577,7.160297763680582,11.403402120569623,2.055026630963953,0.9113300845199603,0.5206656135851998,0.1664961623880225
0.7860495516236576,7.235677763680583,11.363732120569624,1.9043266309639542,0.6934350845199604,0.6039786135851998,0.24706216238802248
0.6749655516236577,7.386437763680583,10.816242120569624,1.8328266309639538,0.5286400845199604,0.7843376135851998,0.27452816238802247
0.8217555516236577,7.386437763680583,11.074122120569625,2.0193266309639544,0.38673298451996035,0.8530016135851999,0.1802291623880225
0.7106715516236577,7.612567763680582,11.585902120569624,2.6580266309639544,0.9699240845199604,0.7074336135851998,0.16008716238802245
0.6035545516236578,7.612567763680582,12.133422120569623,2.959626630963953,0.8811180845199603,0.6103876135851998,0.1939621623880225
0.38138655162365775,7.386437763680583,11.732722120569624,3.1500266309639535,0.9342180845199604,0.5554556135851998,0.2873451623880225
0.7503445516236578,7.160297763680582,11.550192120569625,3.261126630963954,0.7813250845199604,0.5829216135851998,0.15367916238802248
1.0439235516236578,7.084917763680583,11.034442120569624,3.2968266309639542,0.5872330845199604,0.6451776135851999,0.1664961623880225
1.2264155516236577,7.009537763680582,10.558372120569624,3.522926630963953,0.5753310845199604,0.7843376135851998,0.3276291623880225
1.4842955516236576,6.969867763680583,10.633752120569625,3.487226630963953,0.6458270845199603,0.8530016135851999,0.14635416238802246
1.5953755516236576,6.934167763680582,10.486962120569624,3.6737266309639534,0.8170310845199604,0.6525016135851998,0.2269211623880225
1.7024955516236577,6.858787763680582,10.816242120569624,3.598326630963953,0.8994280845199604,0.4236197135851998,0.2873451623880225
1.6310855516236578,6.858787763680582,10.633752120569625,3.487226630963953,0.9342180845199604,0.18832961358519978,0.1664961623880225
1.5953755516236576,6.668357763680582,10.558372120569624,3.261126630963954,0.7694230845199603,0.16727161358519982,0.16008716238802245
1.7421655516236576,6.632647763680582,10.375872120569625,3.0349266309639535,0.7108300845199604,0.3265736135851998,0.2607951623880225
2.035745551623658,6.819107763680583,9.753012120569624,2.7731266309639544,0.6458270845199603,0.4996085135851998,0.1738201623880225
2.2896555516236576,6.969867763680583,9.899802120569625,2.582726630963954,0.5927270845199604,0.5691886135851998,0.21410316238802252
2.2539455516236577,7.084917763680583,9.935502120569623,2.507326630963954,0.7987200845199603,0.4794669135851998,0.20677916238802252
2.107155551623658,7.120627763680583,10.010882120569624,2.3962266309639535,0.7520280845199603,0.3686881135851998,0.20677916238802252
2.218235551623658,7.160297763680582,10.193382120569623,2.205826630963953,0.6165300845199604,0.3476306135851998,0.21410316238802252
1.9960755516236577,7.084917763680583,9.792682120569625,1.9796266309639527,0.6696310845199603,0.3403066135851998,0.20037016238802247
2.218235551623658,7.045247763680582,9.717302120569624,1.7575266309639535,0.5048360845199604,0.4172110135851998,0.2406541623880225
2.218235551623658,7.045247763680582,9.717302120569624,1.7575266309639535,0.5048360845199604,0.4172110135851998,0.2406541623880225
2.182535551623658,7.009537763680582,9.534812120569624,1.7575266309639535,0.5460350845199604,0.4098868135851998,0.2607951623880225
2.182535551623658,7.009537763680582,9.534812120569624,1.7575266309639535,0.5460350845199604,0.4098868135851998,0.2607951623880225
1.5199955516236576,7.160297763680582,10.304462120569625,1.7932266309639537,0.8344260845199604,0.3750968135851998,0.2607951623880225
1.1907125516236576,7.045247763680582,10.451252120569624,1.7932266309639537,0.8170310845199604,0.3750968135851998,0.16008716238802245
1.0439235516236578,7.009537763680582,10.633752120569625,1.6821266309639533,0.6046280845199603,0.4309439135851998,0.24706216238802248
0.8217555516236577,6.819107763680583,10.633752120569625,1.7178266309639536,0.5167380845199604,0.5902456135851998,0.26720416238802247
0.7503445516236578,6.708027763680582,10.486962120569624,1.7178266309639536,0.5286400845199604,0.7980706135851998,0.21410316238802252
0.8971335516236578,6.708027763680582,10.598042120569623,1.8328266309639538,0.4874410845199604,0.8182116135851998,0.15367916238802248
0.8574605516236578,6.596947763680582,11.034442120569624,2.170126630963953,0.7575210845199604,0.6937006135851997,0.24706216238802248
0.6035545516236578,6.557267763680582,11.074122120569625,2.3208266309639534,0.9754170845199603,0.6177116135851998,0.1802291623880225
0.6035545516236578,6.557267763680582,11.074122120569625,2.3208266309639534,0.9754170845199603,0.6177116135851998,0.1802291623880225
0.6035545516236578,6.557267763680582,11.550192120569625,2.431926630963954,0.7758320845199604,0.6177116135851998,0.20037016238802247
0.6749655516236577,6.295427763680582,10.963032120569624,2.431926630963954,0.7401260845199604,0.6177116135851998,0.28093716238802247
1.1153345516236577,6.1446777636805825,10.669452120569623,2.4716266309639536,0.49293408451996035,0.5902456135851998,0.2342451623880225
1.5199955516236576,5.9185377636805825,9.864092120569625,2.6580266309639544,0.5579360845199604,0.6872916135851999,0.1939621623880225
1.8492855516236577,5.9185377636805825,10.157672120569623,2.923826630963953,0.6339250845199604,0.6451776135851999,0.1939621623880225
1.9960755516236577,5.9939177636805825,10.193382120569623,3.0746266309639534,0.8289330845199603,0.4236197135851998,0.2543871623880225
1.9960755516236577,5.8431577636805825,10.193382120569623,3.0746266309639534,0.9580220845199604,0.2569936135851998,0.1939621623880225
1.8135755516236576,5.8431577636805825,10.157672120569623,2.923826630963953,0.7108300845199604,0.18100461358519981,0.21410316238802252
1.7778755516236577,5.803487763680582,9.935502120569623,2.808826630963953,0.5286400845199604,0.3540396135851998,0.3074871623880225
1.9603655516236578,5.9939177636805825,9.352312120569623,2.622326630963954,0.42793168451996033,0.4648184475851998,0.1802291623880225
2.035745551623658,6.1446777636805825,9.606222120569624,2.6977266309639543,0.5698380845199604,0.4794669135851998,0.2342451623880225
2.035745551623658,6.1446777636805825,9.606222120569624,2.6977266309639543,0.5698380845199604,0.4794669135851998,0.2342451623880225
1.4485855516236577,6.220047763680583,9.681602120569623,2.7334266309639528,0.8930190845199604,0.5069327135851998,0.14635416238802246
1.1510395516236578,6.1446777636805825,9.864092120569625,2.6580266309639544,0.7758320845199604,0.4721426635851998,0.22051216238802251
1.1153345516236577,6.029617763680582,9.899802120569625,2.622326630963954,0.7520280845199603,0.4172110135851998,0.1802291623880225
1.2264155516236577,6.029617763680582,9.570512120569623,2.3962266309639535,0.6458270845199603,0.4510855135851998,0.22051216238802251
1.4089155516236576,6.029617763680582,9.316612120569623,2.3962266309639535,0.34004105451996036,0.6250356135851998,0.28093716238802247
1.3732055516236576,6.0692977636805825,9.023032120569624,2.431926630963954,0.4105366845199604,0.7696886135851998,0.14635416238802246
1.5199955516236576,6.295427763680582,9.205522120569624,2.507326630963954,0.5341330845199603,0.7211656135851998,0.18663716238802247
1.5557055516236578,6.446187763680582,9.499102120569624,2.582726630963954,0.6989280845199604,0.3540396135851998,0.3074871623880225
1.4842955516236576,6.446187763680582,9.864092120569625,2.582726630963954,0.8289330845199603,0.14621461358519983,0.1262131623880225
1.1153345516236577,6.481897763680582,9.681602120569623,2.507326630963954,0.7932270845199604,0.3476306135851998,0.2342451623880225
0.9328395516236576,6.370807763680583,9.899802120569625,2.431926630963954,0.5286400845199604,0.5902456135851998,0.2873451623880225
2.2539455516236577,5.200457763680582,9.205522120569624,3.1500266309639535,0.4810320845199604,0.5206656135851998,0.2406541623880225
2.5475255516236577,5.129047763680583,8.800862120569624,3.1500266309639535,0.39314168451996034,0.6103876135851998,0.2269211623880225
2.6586055516236575,5.129047763680583,8.400172120569623,3.2254266309639537,0.5634300845199604,0.5554556135851998,0.1939621623880225
2.694315551623658,5.129047763680583,8.654072120569623,3.0349266309639535,0.5341330845199603,0.3824210135851998,0.24706216238802248
2.5475255516236577,5.275837763680583,8.983362120569623,2.959626630963953,0.6696310845199603,0.1745966135851998,0.2607951623880225
2.3293255516236577,5.466267763680582,8.947652120569623,2.582726630963954,0.7227310845199604,0.09769161358519979,0.1939621623880225
2.142865551623658,5.617027763680582,9.169822120569624,2.3962266309639535,0.5222310845199604,0.07022661358519983,0.1802291623880225
1.7024955516236577,5.8431577636805825,8.983362120569623,2.2811266309639535,0.5222310845199604,0.24326061358519982,0.2406541623880225
1.3732055516236576,5.9185377636805825,8.911952120569623,2.0947266309639545,0.5048360845199604,0.4098868135851998,0.22051216238802251
1.3375055516236576,5.9939177636805825,8.765162120569624,1.9796266309639527,0.4105366845199604,0.4794669135851998,0.1802291623880225
1.4089155516236576,6.029617763680582,9.058732120569623,2.0193266309639544,0.6110370845199604,0.43735261358519983,0.21410316238802252
1.0042505516236577,6.1446777636805825,9.130152120569624,2.0193266309639544,0.7758320845199604,0.4098868135851998,0.2269211623880225
0.9328395516236576,6.220047763680583,9.388022120569623,2.0193266309639544,0.6046280845199603,0.4098868135851998,0.22051216238802251
0.8971335516236578,6.104997763680583,9.241232120569624,2.055026630963953,0.6046280845199603,0.44467681358519984,0.1664961623880225
1.0796285516236577,6.0692977636805825,8.876242120569623,1.9043266309639542,0.4874410845199604,0.4996085135851998,0.24706216238802248
1.2621255516236576,5.9939177636805825,8.765162120569624,1.9439266309639542,0.25215038451996036,0.5902456135851998,0.24706216238802248
1.1153345516236577,5.9185377636805825,8.654072120569623,1.9439266309639542,0.4169453845199604,0.6525016135851998,0.1939621623880225
0.9685445516236577,5.8431577636805825,8.840532120569623,2.055026630963953,0.46913008451996036,0.6177116135851998,0.2342451623880225
0.9685445516236577,5.9185377636805825,9.130152120569624,2.205826630963953,0.5991350845199603,0.4025626135851998,0.2607951623880225
0.9685445516236577,5.878867763680582,9.241232120569624,2.2811266309639535,0.8051290845199603,0.24326061358519982,0.15367916238802248
1.0439235516236578,5.878867763680582,9.205522120569624,2.205826630963953,0.6522360845199604,0.3686881135851998,0.18663716238802247
1.1153345516236577,5.8431577636805825,9.058732120569623,2.170126630963953,0.4462420845199604,0.6250356135851998,0.2342451623880225
1.1907125516236576,5.692407763680582,8.800862120569624,2.0947266309639545,0.3986347845199604,0.6589106135851999,0.1399461623880225
1.1907125516236576,5.692407763680582,8.800862120569624,2.0947266309639545,0.3986347845199604,0.6589106135851999,0.1399461623880225
1.1907125516236576,5.692407763680582,8.800862120569624,2.0947266309639545,0.3986347845199604,0.6589106135851999,0.1399461623880225
1.1907125516236576,5.692407763680582,8.800862120569624,2.0947266309639545,0.3986347845199604,0.6589106135851999,0.1399461623880225
2.0714455516236576,5.275837763680583,9.241232120569624,2.5470266309639538,0.5341330845199603,0.4648184475851998,0.2342451623880225
2.0714455516236576,5.240137763680583,8.765162120569624,2.582726630963954,0.5103290845199604,0.4172110135851998,0.21410316238802252
2.107155551623658,5.200457763680582,8.582662120569623,2.5470266309639538,0.25215038451996036,0.4309439135851998,0.3074871623880225
2.035745551623658,5.275837763680583,8.253382120569624,2.622326630963954,0.23384008451996036,0.43735261358519983,0.1664961623880225
1.7778755516236577,5.315507763680582,8.106592120569623,2.6580266309639544,0.3812397845199604,0.43735261358519983,0.27452816238802247
1.4089155516236576,5.426597763680583,8.400172120569623,2.6977266309639543,0.49934308451996035,0.4025626135851998,0.2607951623880225
1.0439235516236578,5.577347763680582,8.693742120569624,2.6580266309639544,0.7163230845199604,0.3201656135851998,0.18663716238802247
1.0042505516236577,5.652727763680582,8.693742120569624,2.6580266309639544,0.7877340845199603,0.24326061358519982,0.26720416238802247
0.9685445516236577,5.652727763680582,8.800862120569624,2.622326630963954,0.5817400845199604,0.3476306135851998,0.20677916238802252
0.8217555516236577,5.7677777636805825,8.507282120569624,2.5470266309639538,0.5048360845199604,0.4794669135851998,0.16008716238802245
0.8217555516236577,5.9185377636805825,8.364462120569623,2.622326630963954,0.33454788451996037,0.5417227135851999,0.20677916238802252
0.9685445516236577,5.9939177636805825,8.217672120569624,2.6580266309639544,0.20454308451996037,0.4584097535851998,0.22051216238802251
1.1153345516236577,5.954247763680582,8.582662120569623,2.6977266309639543,0.37574658451996035,0.3403066135851998,0.21410316238802252
1.0042505516236577,5.9939177636805825,8.582662120569623,2.7334266309639528,0.6046280845199603,0.2231196135851998,0.21410316238802252
0.8971335516236578,6.029617763680582,8.217672120569624,2.5470266309639538,0.5222310845199604,0.5279898135851998,0.1738201623880225
0.8971335516236578,6.029617763680582,8.217672120569624,2.5470266309639538,0.5222310845199604,0.5279898135851998,0.1738201623880225
1.5953755516236576,6.1446777636805825,7.701922120569623,2.582726630963954,0.2576435845199604,0.5133414135851998,0.2946701623880225
1.7778755516236577,6.180377763680582,7.483722120569623,2.622326630963954,0.32264608451996035,0.5481314135851998,0.22051216238802251
1.7421655516236576,6.104997763680583,7.519432120569623,2.884226630963953,0.33454788451996037,0.5133414135851998,0.1802291623880225
1.8135755516236576,5.9939177636805825,7.741602120569623,3.0349266309639535,0.3986347845199604,0.29910761358519977,0.26720416238802247
2.218235551623658,5.652727763680582,7.777302120569623,3.261126630963954,0.49934308451996035,0.08395861358519979,0.20037016238802247
2.035745551623658,5.501977763680582,7.741602120569623,3.3722266309639544,0.37574658451996035,0.3961539135851998,0.28093716238802247
2.0714455516236576,5.390887763680582,7.483722120569623,3.261126630963954,0.35194291451996035,0.6589106135851999,0.2269211623880225
2.5475255516236577,5.466267763680582,7.301232120569623,3.3722266309639544,0.2576435845199604,0.5417227135851999,0.18663716238802247
2.6586055516236575,5.390887763680582,7.630512120569623,3.3722266309639544,0.21095208451996036,0.3403066135851998,0.2607951623880225
2.182535551623658,5.577347763680582,7.813012120569623,3.3364266309639543,0.3281391845199604,0.2716426135851998,0.1738201623880225
1.8135755516236576,5.501977763680582,7.848712120569623,3.1500266309639535,0.32264608451996035,0.2780506135851998,0.20677916238802252
1.8135755516236576,5.541647763680582,8.070882120569623,3.0349266309639535,0.28694048451996035,0.2853746135851998,0.28093716238802247
1.7024955516236577,5.466267763680582,7.555132120569623,2.7334266309639528,0.34553422051996036,0.4025626135851998,0.16008716238802245
1.6667855516236576,5.390887763680582,7.666222120569623,2.4716266309639536,0.2576435845199604,0.5618643135851998,0.20677916238802252
1.3732055516236576,5.426597763680583,7.483722120569623,2.3208266309639534,0.22193808451996036,0.6177116135851998,0.1939621623880225
1.1510395516236578,5.466267763680582,7.555132120569623,2.2454266309639532,0.26313678451996037,0.4858756135851998,0.2342451623880225
0.8574605516236578,5.541647763680582,8.070882120569623,1.9439266309639542,0.36933788451996036,0.09128361358519982,0.1664961623880225
0.7503445516236578,5.692407763680582,8.070882120569623,1.6821266309639533,0.28694048451996035,0.20938661358519983,0.24706216238802248
0.6392605516236578,5.692407763680582,8.178002120569623,1.6067266309639532,0.16334408451996035,0.4510855135851998,0.24706216238802248
0.6392605516236578,5.7677777636805825,8.031212120569624,1.6067266309639532,0.15785108451996036,0.6451776135851999,0.1738201623880225
0.5638815516236577,5.878867763680582,7.924092120569623,1.4560266309639545,0.06904508451996039,0.6314446135851999,0.20037016238802247
0.5638815516236577,5.878867763680582,7.924092120569623,1.4560266309639545,0.06904508451996039,0.6314446135851999,0.20037016238802247
0.4170925516236577,5.803487763680582,8.070882120569623,1.6424266309639535,0.18073908451996037,0.2780506135851998,0.2607951623880225
0.4170925516236577,5.803487763680582,8.070882120569623,1.6424266309639535,0.18073908451996037,0.2780506135851998,0.2607951623880225
0.6035545516236578,5.652727763680582,7.995502120569623,1.8686266309639539,0.2750385845199604,0.1260736135851998,0.1802291623880225
0.8971335516236578,5.652727763680582,7.412312120569623,1.7575266309639535,0.30433548451996034,0.4025626135851998,0.21410316238802252
1.3375055516236576,5.466267763680582,6.971942120569623,1.9796266309639527,0.14594908451996036,0.5902456135851998,0.22051216238802251
1.7421655516236576,5.315507763680582,6.749772120569623,2.0193266309639544,0.10765191548003966,0.5966546135851998,0.18663716238802247
2.0714455516236576,5.164757763680583,6.642662120569623,2.2454266309639532,0.01335291548003964,0.44467681358519984,0.2406541623880225
1.9960755516236577,5.129047763680583,6.749772120569623,2.431926630963954,0.07194591548003965,0.2780506135851998,0.22051216238802251
1.8135755516236576,5.164757763680583,6.971942120569623,2.6580266309639544,0.05165008451996034,0.1745966135851998,0.1399461623880225
1.9960755516236577,5.129047763680583,6.896562120569623,2.8485266309639528,0.26313678451996037,0.08395861358519979,0.18663716238802247
1.7024955516236577,5.275837763680583,6.789452120569623,2.7334266309639528,0.13404708451996036,0.2716426135851998,0.20037016238802247
1.5557055516236578,5.275837763680583,6.749772120569623,2.6977266309639543,0.11024408451996037,0.5279898135851998,0.20677916238802252
1.5557055516236578,5.315507763680582,6.349082120569623,2.7731266309639544,0.07194591548003965,0.5069327135851998,0.24706216238802248
1.5557055516236578,5.315507763680582,6.349082120569623,2.7731266309639544,0.07194591548003965,0.5069327135851998,0.24706216238802248
1.4485855516236577,5.315507763680582,6.749772120569623,2.6977266309639543,0.030747915480039634,0.4025626135851998,0.1802291623880225
1.2264155516236577,5.390887763680582,7.079062120569623,2.884226630963953,0.17524608451996035,0.29910761358519977,0.2269211623880225
1.0439235516236578,5.426597763680583,7.190142120569623,2.808826630963953,0.15144208451996036,0.2505846135851998,0.27452816238802247
1.1153345516236577,5.351217763680582,7.225852120569623,2.923826630963953,0.09834208451996035,0.3476306135851998,0.14635416238802246
1.1907125516236576,5.129047763680583,7.007652120569623,2.808826630963953,0.16975308451996035,0.3888297135851998,0.21410316238802252
1.4089155516236576,5.129047763680583,6.860862120569623,2.6977266309639543,0.13053991548003963,0.5069327135851998,0.27452816238802247
1.4485855516236577,5.129047763680583,6.678362120569623,2.6580266309639544,0.13053991548003963,0.6103876135851998,0.1939621623880225
1.4485855516236577,5.129047763680583,6.678362120569623,2.6580266309639544,0.13053991548003963,0.6103876135851998,0.1939621623880225
1.2621255516236576,5.164757763680583,6.567282120569623,2.7334266309639528,0.10124291548003966,0.5691886135851998,0.2406541623880225
1.1907125516236576,5.240137763680583,7.118732120569623,2.7731266309639544,0.10124291548003966,0.3613636135851998,0.2406541623880225
1.0042505516236577,5.466267763680582,6.971942120569623,2.923826630963953,0.14594908451996036,0.1535396135851998,0.27452816238802247
0.9328395516236576,5.541647763680582,7.007652120569623,2.808826630963953,0.08735508451996038,0.1608636135851998,0.2543871623880225
0.8971335516236578,5.652727763680582,7.043352120569623,2.959626630963953,0.027846084519960346,0.3338976135851998,0.20677916238802252
1.1153345516236577,5.728107763680582,6.749772120569623,3.0746266309639534,0.08934091548003964,0.4931998135851998,0.22051216238802251
1.4089155516236576,5.692407763680582,6.349082120569623,2.9992266309639533,0.14244191548003965,0.44467681358519984,0.2607951623880225
1.4485855516236577,5.501977763680582,6.567282120569623,3.261126630963954,0.15434391548003967,0.44467681358519984,0.20677916238802252
1.4485855516236577,5.501977763680582,6.567282120569623,3.261126630963954,0.15434391548003967,0.44467681358519984,0.20677916238802252
1.4089155516236576,5.466267763680582,6.384782120569623,3.261126630963954,0.01884591548003961,0.23685261358519982,0.18663716238802247
1.7421655516236576,5.426597763680583,6.460162120569623,3.2254266309639537,0.13053991548003963,0.07755061358519982,0.28093716238802247
2.0714455516236576,5.351217763680582,6.202292120569623,3.1500266309639535,0.006943915480039642,0.03322838641480019,0.22051216238802251
2.182535551623658,5.315507763680582,5.726222120569623,2.923826630963953,0.04264891548003963,0.01529461358519979,0.11980416238802248
2.4364355516236578,5.089377763680583,5.6508421205696235,2.7731266309639544,0.15983691548003964,0.2643176135851998,0.3138961623880225
2.4007355516236575,4.978287763680583,5.5080121205696235,2.507326630963954,0.05455091548003965,0.3476306135851998,0.2543871623880225
2.4364355516236578,4.938617763680583,5.5080121205696235,2.3962266309639535,0.16624591548003964,0.2643176135851998,0.11339516238802248
2.4364355516236578,4.938617763680583,5.5080121205696235,2.3962266309639535,0.16624591548003964,0.2643176135851998,0.11339516238802248
2.218235551623658,4.938617763680583,5.761922120569623,2.2454266309639532,0.19004891548003966,0.13248161358519983,0.28093716238802247
1.9603655516236578,4.978287763680583,5.761922120569623,2.130426630963953,0.1836409154800397,0.1260736135851998,0.18663716238802247
1.8492855516236577,4.978287763680583,5.908712120569623,1.9439266309639542,0.2834329154800397,0.2231196135851998,0.18663716238802247
1.4842955516236576,5.129047763680583,5.984092120569623,1.9439266309639542,0.21934591548003968,0.24326061358519982,0.1802291623880225
1.3017955516236577,5.129047763680583,6.091212120569623,1.7178266309639536,0.14885091548003965,0.30551661358519977,0.2269211623880225
1.0439235516236578,5.089377763680583,6.019792120569623,1.6821266309639533,0.26054491548003966,0.2505846135851998,0.24706216238802248
0.8217555516236577,5.200457763680582,6.602992120569623,1.8328266309639538,0.07194591548003965,0.3403066135851998,0.20677916238802252
0.5638815516236577,5.315507763680582,6.602992120569623,1.8686266309639539,0.16624591548003964,0.3403066135851998,0.2543871623880225
0.5638815516236577,5.315507763680582,6.602992120569623,1.8686266309639539,0.16624591548003964,0.3403066135851998,0.2543871623880225
0.6392605516236578,5.240137763680583,6.678362120569623,1.9439266309639542,0.2898419154800397,0.3824210135851998,0.1664961623880225
0.6035545516236578,5.275837763680583,6.384782120569623,1.8328266309639538,0.2898419154800397,0.3476306135851998,0.22051216238802251
0.7106715516236577,5.315507763680582,6.313372120569623,2.0193266309639544,0.4427349154800396,0.3961539135851998,0.20037016238802247
0.6749655516236577,5.200457763680582,6.126912120569623,2.170126630963953,0.3548439154800397,0.4858756135851998,0.1939621623880225
0.4170925516236577,5.164757763680583,6.019792120569623,2.3565266309639537,0.26603791548003963,0.4996085135851998,0.2269211623880225
0.45676555162365773,5.089377763680583,6.420492120569623,2.431926630963954,0.25413591548003966,0.3824210135851998,0.20037016238802247
0.38138655162365775,5.013997763680583,6.091212120569623,2.6580266309639544,0.07194591548003965,0.2917836135851998,0.2406541623880225
0.6035545516236578,5.013997763680583,6.126912120569623,2.6580266309639544,0.21934591548003968,0.3686881135851998,0.18663716238802247
0.7503445516236578,4.978287763680583,5.908712120569623,2.808826630963953,0.3072369154800396,0.4794669135851998,0.1802291623880225
0.8217555516236577,4.902917763680582,5.615132120569624,2.959626630963953,0.30174391548003965,0.4721426635851998,0.20037016238802247
1.0042505516236577,4.938617763680583,5.726222120569623,2.884226630963953,0.4427349154800396,0.2853746135851998,0.22051216238802251
1.5953755516236576,5.129047763680583,5.5080121205696235,3.0349266309639535,0.39604291548003967,0.18100461358519981,0.20037016238802247
1.3732055516236576,5.089377763680583,5.250142120569623,2.9992266309639533,0.26054491548003966,0.23685261358519982,0.20037016238802247
1.5953755516236576,5.089377763680583,5.178732120569624,2.808826630963953,0.3072369154800396,0.2780506135851998,0.2543871623880225
2.0714455516236576,5.053667763680583,4.992272120569623,2.6977266309639543,0.3484359154800396,0.2295276135851998,0.22051216238802251
1.8889555516236576,5.164757763680583,4.5558721205696235,2.622326630963954,0.3484359154800396,0.026819386414800195,0.2406541623880225
1.9603655516236578,5.200457763680582,4.627282120569623,2.7731266309639544,0.5544289154800396,0.0130863864148002,0.26720416238802247
2.0714455516236576,5.164757763680583,4.702662120569623,2.884226630963953,0.3484359154800396,0.06160938641480024,0.16008716238802245
1.8889555516236576,5.164757763680583,4.516192120569623,2.923826630963953,0.3136459154800396,0.11013238641480022,0.2342451623880225
1.7024955516236577,5.200457763680582,4.992272120569623,2.923826630963953,0.33104091548003967,0.019495386414800198,0.2342451623880225
1.4089155516236576,5.200457763680582,4.992272120569623,2.9992266309639533,0.26054491548003966,0.1608636135851998,0.11339516238802248
1.4089155516236576,5.164757763680583,5.103352120569624,2.884226630963953,0.4601299154800397,0.3750968135851998,0.3074871623880225
1.1907125516236576,5.164757763680583,5.139062120569624,2.959626630963953,0.5608379154800396,0.4794669135851998,0.1939621623880225
0.8574605516236578,5.351217763680582,5.178732120569624,2.923826630963953,0.5251319154800397,0.4858756135851998,0.15367916238802248
0.7860495516236576,5.692407763680582,5.432642120569623,2.884226630963953,0.6249249154800396,0.4236197135851998,0.27452816238802247
0.7106715516236577,5.728107763680582,4.992272120569623,2.884226630963953,0.5013289154800397,0.2157946135851998,0.2342451623880225
0.8217555516236577,5.803487763680582,5.6508421205696235,2.8485266309639528,0.4070289154800396,0.18832961358519978,0.18663716238802247
0.45676555162365773,5.954247763680582,5.5080121205696235,2.622326630963954,0.1836409154800397,0.09128361358519982,0.1738201623880225
0.38138655162365775,5.9939177636805825,5.543722120569623,2.431926630963954,0.3722389154800396,0.1745966135851998,0.26720416238802247
0.5638815516236577,5.9185377636805825,5.396932120569623,2.3208266309639534,0.43083291548003966,0.3961539135851998,0.2607951623880225
1.0439235516236578,5.692407763680582,4.9565621205696235,2.130426630963953,0.7018309154800396,0.4025626135851998,0.26720416238802247
1.2264155516236577,5.728107763680582,4.845482120569623,2.130426630963953,0.5663309154800397,0.3338976135851998,0.2543871623880225
1.2264155516236577,5.728107763680582,4.845482120569623,2.130426630963953,0.5663309154800397,0.3338976135851998,0.2543871623880225
1.3375055516236576,5.466267763680582,4.885152120569623,2.2454266309639532,0.5837259154800396,0.09769161358519979,0.18663716238802247
1.3375055516236576,5.466267763680582,4.885152120569623,2.2454266309639532,0.5837259154800396,0.09769161358519979,0.18663716238802247
1.3375055516236576,5.426597763680583,4.591572120569623,2.170126630963953,0.4665389154800397,0.0130863864148002,0.20677916238802252
1.7778755516236577,5.275837763680583,4.627282120569623,2.0947266309639545,0.5901349154800396,0.03543661358519978,0.2946701623880225
1.7024955516236577,5.164757763680583,4.297992120569623,2.0193266309639544,0.4894269154800397,0.2295276135851998,0.1664961623880225
1.5557055516236578,5.129047763680583,4.226582120569623,1.9043266309639542,0.4839339154800396,0.4858756135851998,0.21410316238802252
1.6667855516236576,5.013997763680583,4.151202120569623,1.8686266309639539,0.6780209154800397,0.3888297135851998,0.2269211623880225
1.7778755516236577,5.013997763680583,3.8576221205696237,1.9439266309639542,0.6194319154800396,0.06381761358519983,0.1738201623880225
1.9960755516236577,5.089377763680583,4.186912120569623,2.170126630963953,0.6432349154800396,0.05428538641480024,0.2543871623880225
1.7421655516236576,4.978287763680583,4.040122120569623,2.2811266309639535,0.5544289154800396,0.12386538641480022,0.1939621623880225
1.7024955516236577,4.787857763680583,4.004412120569623,2.3962266309639535,0.6487289154800396,0.026819386414800195,0.2342451623880225
1.8492855516236577,4.637107763680582,3.9687121205696236,2.3962266309639535,0.6249249154800396,0.049168613585199805,0.21410316238802252
1.7778755516236577,4.676777763680582,3.492632120569623,2.4716266309639536,0.5489359154800396,0.06381761358519983,0.24706216238802248
1.5953755516236576,4.787857763680583,3.7862121205696235,2.582726630963954,0.6606309154800397,0.1745966135851998,0.2543871623880225
1.1907125516236576,4.863237763680583,3.7505121205696232,2.622326630963954,0.4601299154800397,0.24326061358519982,0.2269211623880225
0.8217555516236577,4.938617763680583,4.040122120569623,2.808826630963953,0.5251319154800397,0.07755061358519982,0.2543871623880225
0.6749655516236577,5.089377763680583,4.186912120569623,2.808826630963953,0.5013289154800397,0.11013238641480022,0.2946701623880225
0.4170925516236577,5.089377763680583,4.079792120569623,2.7731266309639544,0.4253399154800397,0.08907538641480023,0.27452816238802247
0.38138655162365775,5.315507763680582,4.333702120569623,2.8485266309639528,0.5718239154800396,0.16727161358519982,0.18663716238802247
0.08780755162365772,5.315507763680582,4.226582120569623,2.6977266309639543,0.4839339154800396,0.3686881135851998,0.27452816238802247
0.12351305162365772,5.275837763680583,4.409082120569623,2.6580266309639544,0.5718239154800396,0.4309439135851998,0.27452816238802247
0.27030265162365774,5.315507763680582,4.369402120569624,2.622326630963954,0.6249249154800396,0.3824210135851998,0.2543871623880225
0.30997555162365775,5.240137763680583,4.115502120569623,2.8485266309639528,0.5901349154800396,0.3613636135851998,0.1939621623880225
0.45676555162365773,5.390887763680582,4.591572120569623,3.0349266309639535,0.5956279154800397,0.3476306135851998,0.2946701623880225
0.4170925516236577,5.426597763680583,4.262292120569623,3.185726630963954,0.47844091548003964,0.1947376135851998,0.15367916238802248
0.9685445516236577,5.240137763680583,3.9687121205696236,3.3364266309639543,0.6130229154800396,0.18832961358519978,0.2406541623880225
1.1153345516236577,5.129047763680583,3.5640421205696233,3.2968266309639542,0.6606309154800397,0.18100461358519981,0.20677916238802252
1.3732055516236576,5.200457763680582,3.7108321205696235,3.3364266309639543,0.7073209154800396,0.14621461358519983,0.24706216238802248
1.4089155516236576,5.240137763680583,3.3458421205696234,3.2968266309639542,0.4665389154800397,0.05649361358519983,0.2342451623880225
1.6310855516236578,5.577347763680582,3.3815521205696233,2.9992266309639533,0.4839339154800396,0.049168613585199805,0.26720416238802247
1.5199955516236576,5.617027763680582,3.274432120569623,2.7334266309639528,0.5544289154800396,0.10501661358519981,0.2406541623880225
1.7421655516236576,5.803487763680582,3.417262120569623,2.622326630963954,0.7668309154800396,0.10501661358519981,0.21410316238802252
1.5557055516236578,5.8431577636805825,3.0879721205696233,2.4716266309639536,0.6606309154800397,0.029027613585199785,0.2269211623880225
1.5557055516236578,5.8431577636805825,3.0879721205696233,2.4716266309639536,0.6606309154800397,0.029027613585199785,0.2269211623880225
1.2621255516236576,5.7677777636805825,3.1633521205696233,2.170126630963953,0.7778209154800396,0.10501661358519981,0.20677916238802252
1.2621255516236576,5.7677777636805825,3.1633521205696233,2.170126630963953,0.7778209154800396,0.10501661358519981,0.20677916238802252
1.4089155516236576,5.803487763680582,2.8697721205696234,2.205826630963953,0.6954209154800396,0.10501661358519981,0.20037016238802247
1.5953755516236576,5.803487763680582,3.3815521205696233,2.170126630963953,0.6899309154800396,0.1398066135851998,0.2269211623880225
1.0042505516236577,5.878867763680582,2.834062120569623,2.130426630963953,0.4665389154800397,0.1608636135851998,0.2342451623880225
1.0439235516236578,5.7677777636805825,3.1276421205696234,2.3208266309639534,0.7311309154800397,0.18832961358519978,0.2269211623880225
0.8574605516236578,5.803487763680582,2.941182120569623,2.2811266309639535,0.6487289154800396,0.01529461358519979,0.16008716238802245
0.8217555516236577,5.728107763680582,2.722982120569623,2.2811266309639535,0.6130229154800396,0.046961386414800244,0.26720416238802247
0.9685445516236577,5.692407763680582,3.016562120569623,2.3565266309639537,0.7723209154800396,0.07755061358519982,0.15367916238802248
0.7503445516236578,5.652727763680582,2.798362120569623,2.3565266309639537,0.4839339154800396,0.1947376135851998,0.18663716238802247
0.6392605516236578,5.351217763680582,3.3458421205696234,2.4716266309639536,0.6020369154800397,0.005762386414800202,0.18663716238802247
0.4924705516236577,5.315507763680582,3.199052120569623,2.622326630963954,0.5901349154800396,0.06160938641480024,0.2342451623880225
0.6392605516236578,5.426597763680583,3.5640421205696233,2.7334266309639528,0.8135209154800397,0.13248161358519983,0.22051216238802251
0.27030265162365774,5.390887763680582,3.2347621205696235,2.884226630963953,0.6313339154800396,0.2295276135851998,0.2269211623880225
0.27030265162365774,5.390887763680582,3.2347621205696235,2.884226630963953,0.6313339154800396,0.2295276135851998,0.2269211623880225
0.4924705516236577,5.466267763680582,3.528342120569623,2.9992266309639533,0.7018309154800396,0.23685261358519982,0.2269211623880225
0.6392605516236578,5.466267763680582,3.5640421205696233,2.9992266309639533,0.6661209154800397,0.07755061358519982,0.24706216238802248
0.7503445516236578,5.501977763680582,2.9808521205696232,3.185726630963954,0.5718239154800396,0.026819386414800195,0.20677916238802252
1.0796285516236577,5.501977763680582,3.417262120569623,3.2254266309639537,0.6542219154800396,0.11874861358519984,0.2269211623880225
0.9685445516236577,5.466267763680582,3.016562120569623,3.3364266309639543,0.47203191548003964,0.042760613585199836,0.1802291623880225
1.3017955516236577,5.426597763680583,3.0522621205696234,3.185726630963954,0.6661209154800397,0.09769161358519979,0.3074871623880225
1.5557055516236578,5.390887763680582,2.9808521205696232,3.2254266309639537,0.7311309154800397,0.11234061358519981,0.20677916238802252
1.5953755516236576,5.351217763680582,2.3936981205696233,3.0746266309639534,0.6725309154800397,0.10501661358519981,0.1802291623880225
1.8135755516236576,5.466267763680582,2.6515711205696233,3.0746266309639534,0.9252209154800396,0.18832961358519978,0.26720416238802247
1.5199955516236576,5.466267763680582,2.3222861205696232,3.0746266309639534,0.7256309154800397,0.1535396135851998,0.16008716238802245
1.4485855516236577,5.652727763680582,2.3936981205696233,2.959626630963953,0.8254209154800397,0.03543661358519978,0.26720416238802247
1.4842955516236576,5.803487763680582,2.5047821205696232,2.9992266309639533,0.7668309154800396,0.21358738641480018,0.26720416238802247
1.1510395516236578,5.9185377636805825,1.9533291205696233,2.808826630963953,0.5782329154800396,0.21358738641480018,0.11339516238802248
1.3375055516236576,5.878867763680582,2.4294031205696234,2.959626630963953,0.7549309154800395,0.042760613585199836,0.3074871623880225
1.0439235516236578,6.029617763680582,1.9890341205696234,2.8485266309639528,0.5425269154800396,0.10501661358519981,0.1939621623880225
1.2264155516236577,6.1446777636805825,2.135824120569623,2.923826630963953,0.5956279154800397,0.07022661358519983,0.20677916238802252
1.0439235516236578,6.104997763680583,2.175497120569623,2.8485266309639528,0.6780209154800397,0.03322838641480019,0.27452816238802247
0.8217555516236577,6.104997763680583,1.6240443205696233,2.808826630963953,0.6432349154800396,0.021703613585199788,0.20677916238802252
1.0439235516236578,6.220047763680583,2.2112021205696233,2.7731266309639544,0.9371209154800396,0.1745966135851998,0.28093716238802247
0.7860495516236576,6.406517763680583,1.9533291205696233,2.6580266309639544,0.6725309154800397,0.021703613585199788,0.18663716238802247
0.7503445516236578,6.632647763680582,2.0287071205696234,2.4716266309639536,0.7668309154800396,0.007970613585199793,0.1939621623880225
0.8217555516236577,6.596947763680582,2.1001181205696233,2.431926630963954,0.8135209154800397,0.05649361358519983,0.2342451623880225
0.5281765516236577,6.596947763680582,1.5883391205696233,2.3208266309639534,0.6606309154800397,0.09769161358519979,0.22051216238802251
0.7106715516236577,6.632647763680582,1.8819181205696234,2.2811266309639535,0.8428209154800396,0.1608636135851998,0.20677916238802252
0.5638815516236577,6.632647763680582,1.8462121205696234,2.2454266309639532,0.6899309154800396,0.16727161358519982,0.20037016238802247
0.5281765516236577,6.668357763680582,1.7708339205696233,2.205826630963953,0.7018309154800396,0.14621461358519983,0.2269211623880225
0.5281765516236577,6.632647763680582,2.3222861205696232,2.3208266309639534,0.8602109154800396,0.1398066135851998,0.22051216238802251
0.19889152162365772,6.521567763680583,1.8065395205696233,2.4716266309639536,0.6194319154800396,0.07022661358519983,0.15367916238802248
0.5281765516236577,6.406517763680583,2.4294031205696234,2.507326630963954,0.8959209154800397,0.07022661358519983,0.26720416238802247
0.4924705516236577,6.255757763680583,2.357992120569623,2.4716266309639536,0.6899309154800396,0.007970613585199793,0.22051216238802251
0.5638815516236577,6.220047763680583,2.5404871205696233,2.3208266309639534,0.8785209154800396,0.1535396135851998,0.20677916238802252
0.6035545516236578,5.878867763680582,2.0287071205696234,2.431926630963954,0.6725309154800397,0.08395861358519979,0.1664961623880225
0.9685445516236577,5.803487763680582,2.135824120569623,2.507326630963954,0.9078209154800397,0.029027613585199785,0.26720416238802247
1.2264155516236577,5.7677777636805825,2.135824120569623,2.5470266309639538,0.7256309154800397,0.06801838641480024,0.21410316238802252
1.0042505516236577,5.692407763680582,1.8819181205696234,2.622326630963954,0.6606309154800397,0.06801838641480024,0.14635416238802246
1.0042505516236577,5.692407763680582,1.8819181205696234,2.622326630963954,0.6606309154800397,0.06801838641480024,0.14635416238802246
1.1907125516236576,5.803487763680582,1.9890341205696234,2.7731266309639544,0.8666209154800396,0.005762386414800202,0.2406541623880225
0.9685445516236577,5.7677777636805825,1.5129601205696233,2.808826630963953,0.7018309154800396,0.040552386414800135,0.11339516238802248
1.2264155516236577,5.728107763680582,1.5526331205696233,2.9992266309639533,0.7778209154800396,0.1375983864148002,0.2607951623880225
1.2264155516236577,5.652727763680582,1.6994228205696233,2.959626630963953,0.7842309154800396,0.1440073864148002,0.2406541623880225
0.7860495516236576,5.728107763680582,1.1122641205696233,2.959626630963953,0.6020369154800397,0.01529461358519979,0.1399461623880225
0.8217555516236577,5.7677777636805825,1.4772551205696234,2.923826630963953,0.8785209154800396,0.2020616135851998,0.2607951623880225
0.7106715516236577,5.9939177636805825,1.1836761205696233,2.959626630963953,0.5956279154800397,0.05649361358519983,0.16008716238802245
0.9328395516236576,6.104997763680583,1.1836761205696233,2.8485266309639528,0.7192209154800396,0.007970613585199793,0.22051216238802251
0.9328395516236576,6.104997763680583,1.1836761205696233,2.8485266309639528,0.7192209154800396,0.007970613585199793,0.22051216238802251
0.4170925516236577,6.029617763680582,1.0011801205696234,2.959626630963953,0.6661209154800397,0.10501661358519981,0.1664961623880225
0.45676555162365773,6.1446777636805825,1.3701381205696233,2.923826630963953,0.8666209154800396,0.049168613585199805,0.2543871623880225
0.4924705516236577,6.0692977636805825,1.2590541205696233,2.9992266309639533,0.6844309154800395,0.1375983864148002,0.22051216238802251
0.6392605516236578,6.1446777636805825,1.0011801205696234,3.1103266309639537,0.6661209154800397,0.05428538641480024,0.20037016238802247
0.7503445516236578,6.1446777636805825,1.1836761205696233,3.185726630963954,0.8080309154800397,0.1398066135851998,0.2607951623880225
0.45676555162365773,6.0692977636805825,0.8543911205696233,3.261126630963954,0.5837259154800396,0.09769161358519979,0.22051216238802251
0.45676555162365773,6.0692977636805825,0.8543911205696233,3.261126630963954,0.5837259154800396,0.09769161358519979,0.22051216238802251
0.5638815516236577,6.0692977636805825,0.9654751205696233,3.1500266309639535,0.7842309154800396,0.019495386414800198,0.21410316238802252
0.7503445516236578,6.1446777636805825,0.8186851205696233,3.1500266309639535,0.7778209154800396,0.1723883864148002,0.27452816238802247
0.7503445516236578,6.295427763680582,0.4536921205696234,2.9992266309639533,0.7311309154800397,0.08175138641480023,0.2543871623880225
0.9328395516236576,6.370807763680583,0.6718921205696233,2.808826630963953,0.8721209154800397,0.14621461358519983,0.1939621623880225
0.8971335516236578,6.446187763680582,0.6718921205696233,2.7334266309639528,0.6844309154800395,0.09769161358519979,0.22051216238802251
0.9685445516236577,6.521567763680583,0.6004821205696234,2.582726630963954,0.7604209154800395,0.06801838641480024,0.2607951623880225
1.0796285516236577,6.481897763680582,1.0765591205696232,2.431926630963954,0.8190209154800397,0.11654138641480022,0.2342451623880225
1.0042505516236577,6.521567763680583,0.6718921205696233,2.3208266309639534,0.6661209154800397,0.11654138641480022,0.22051216238802251
1.3017955516236577,6.557267763680582,1.0368861205696231,2.3208266309639534,0.9545109154800396,0.05428538641480024,0.2543871623880225
1.2264155516236577,6.596947763680582,0.8940641205696233,2.2811266309639535,0.8785209154800396,0.0015616135851997948,0.20037016238802247
1.3017955516236577,6.632647763680582,0.9297691205696232,2.3208266309639534,0.8840209154800397,0.03543661358519978,0.2342451623880225
1.3375055516236576,6.783407763680582,1.0368861205696231,2.3208266309639534,1.0726209154800395,0.029027613585199785,0.20677916238802252
1.1153345516236577,6.708027763680582,0.7829801205696233,2.3208266309639534,0.8840209154800397,0.029027613585199785,0.22051216238802251
1.2264155516236577,6.557267763680582,0.7472741205696233,2.3565266309639537,1.0369109154800396,0.049168613585199805,0.2873451623880225
1.3732055516236576,6.446187763680582,0.8186851205696233,2.3565266309639537,0.8840209154800397,0.08175138641480023,0.20677916238802252
1.1153345516236577,6.521567763680583,0.7076021205696232,2.205826630963953,0.6780209154800397,0.1650643864148002,0.20677916238802252
1.1153345516236577,6.521567763680583,0.8186851205696233,2.170126630963953,0.7842309154800396,0.22732038641480018,0.2873451623880225
1.0796285516236577,6.406517763680583,0.6004821205696234,2.205826630963953,0.7311309154800397,0.1861213864148002,0.1738201623880225
1.0042505516236577,6.406517763680583,0.4536921205696234,2.3565266309639537,0.8016209154800397,0.13027438641480021,0.2406541623880225
1.0042505516236577,6.406517763680583,0.4536921205696234,2.431926630963954,0.9609209154800397,0.12386538641480022,0.2342451623880225
0.8574605516236578,6.446187763680582,0.27120212056962334,2.6977266309639543,0.8547209154800396,0.046961386414800244,0.1939621623880225
0.7503445516236578,6.668357763680582,0.27120212056962334,2.582726630963954,0.9490209154800396,0.005762386414800202,0.2607951623880225
0.6392605516236578,6.934167763680582,0.3783121205696234,2.7731266309639544,0.8428209154800396,0.1723883864148002,0.1802291623880225
0.4170925516236577,7.009537763680582,0.12441212056962336,2.959626630963953,0.6432349154800396,0.22732038641480018,0.20677916238802252
0.38138655162365775,7.009537763680582,0.4536921205696234,2.9992266309639533,0.7311309154800397,0.1586553864148002,0.22051216238802251
0.12351305162365772,7.120627763680583,0.08474212056962327,3.0746266309639534,0.5718239154800396,0.11013238641480022,0.11980416238802248
0.19889152162365772,7.084917763680583,0.27120212056962334,3.2254266309639537,0.7073209154800396,0.05428538641480024,0.27452816238802247
0.30997555162365775,7.120627763680583,0.27120212056962334,3.185726630963954,0.8190209154800397,0.019495386414800198,0.20677916238802252
0.27030265162365774,7.120627763680583,0.05808787943037674,3.2254266309639537,0.7723209154800396,0.1260736135851998,0.1664961623880225
0.6035545516236578,7.045247763680582,0.09775787943037662,3.2968266309639542,0.9197209154800395,0.11874861358519984,0.14635416238802246
0.6035545516236578,7.045247763680582,0.09775787943037662,3.2968266309639542,0.9197209154800395,0.11874861358519984,0.14635416238802246
0.6035545516236578,6.969867763680583,0.05808787943037674,3.447526630963953,0.8016209154800397,0.08175138641480023,0.1939621623880225
0.6392605516236578,6.783407763680582,0.13346787943037675,3.447526630963953,0.8428209154800396,0.1861213864148002,0.28093716238802247
0.7503445516236578,6.819107763680583,0.20487787943037672,3.598326630963953,0.7668309154800396,0.11654138641480022,0.16008716238802245
0.9685445516236577,6.743737763680582,0.28024787943037666,3.522926630963953,0.7485209154800397,0.11013238641480022,0.1939621623880225
0.9685445516236577,6.819107763680583,0.3159578794303768,3.487226630963953,0.8254209154800397,0.1925303864148002,0.2342451623880225
1.0042505516236577,6.894487763680582,0.3159578794303768,3.3722266309639544,0.8016209154800397,0.1586553864148002,0.1939621623880225
0.8574605516236578,6.934167763680582,0.4984578794303769,3.2254266309639537,0.9078209154800397,0.05428538641480024,0.24706216238802248
0.8574605516236578,6.934167763680582,0.4984578794303769,3.2254266309639537,0.9078209154800397,0.05428538641480024,0.24706216238802248
0.8574605516236578,7.009537763680582,0.3159578794303768,3.1103266309639537,0.9316309154800396,0.08907538641480023,0.2342451623880225
0.7503445516236578,7.045247763680582,0.3913378794303768,2.7731266309639544,0.7778209154800396,0.1375983864148002,0.20677916238802252
0.8574605516236578,7.120627763680583,0.2445478794303768,2.622326630963954,0.9197209154800395,0.1586553864148002,0.2342451623880225
0.6749655516236577,7.045247763680582,0.2445478794303768,2.431926630963954,0.8309209154800395,0.08907538641480023,0.1802291623880225
0.5638815516236577,7.235677763680583,0.2445478794303768,2.3208266309639534,0.8666209154800396,0.026819386414800195,0.2342451623880225
0.6392605516236578,7.271387763680583,0.20487787943037672,2.170126630963953,0.9490209154800396,0.08175138641480023,0.2607951623880225
0.6749655516236577,7.271387763680583,0.46274787943037654,2.0947266309639545,0.8840209154800397,0.13027438641480021,0.18663716238802247
0.8217555516236577,7.235677763680583,0.6095378794303767,1.9796266309639527,0.9838109154800397,0.11013238641480022,0.2607951623880225
1.1153345516236577,7.196007763680583,0.7206178794303766,1.9439266309639542,0.9664209154800397,0.07534238641480023,0.1939621623880225
1.0796285516236577,7.120627763680583,0.7206178794303766,1.9439266309639542,0.8428209154800396,0.07534238641480023,0.2406541623880225
1.0796285516236577,7.009537763680582,0.7563278794303765,1.9439266309639542,0.9133109154800397,0.09548438641480023,0.2543871623880225
1.1153345516236577,7.120627763680583,0.7206178794303766,1.7575266309639535,0.8373309154800396,0.1513313864148002,0.26720416238802247
1.1907125516236576,7.084917763680583,0.7563278794303765,1.8328266309639538,0.9728209154800397,0.21358738641480018,0.2269211623880225
1.1907125516236576,7.084917763680583,0.7563278794303765,1.8328266309639538,0.9728209154800397,0.21358738641480018,0.2269211623880225
0.9328395516236576,6.934167763680582,0.6809478794303765,1.8328266309639538,0.9133109154800397,0.1440073864148002,0.16008716238802245
0.6392605516236578,6.969867763680583,0.9031178794303767,1.9439266309639542,1.0433209154800398,0.1375983864148002,0.22051216238802251
0.6749655516236577,7.045247763680582,0.8277378794303767,2.0947266309639545,1.0662109154800397,0.1586553864148002,0.27452816238802247
0.4170925516236577,6.934167763680582,0.8674078794303768,2.3565266309639537,0.8904309154800397,0.23464438641480018,0.1399461623880225
0.5281765516236577,7.045247763680582,0.7920278794303768,2.431926630963954,0.8904309154800397,0.1723883864148002,0.28093716238802247
0.45676555162365773,7.045247763680582,0.7563278794303765,2.5470266309639538,0.8492309154800396,0.019495386414800198,0.21410316238802252
0.3456815516236577,7.196007763680583,0.7563278794303765,2.6977266309639543,0.7137309154800396,0.026819386414800195,0.22051216238802251
0.38138655162365775,7.045247763680582,0.7206178794303766,2.959626630963953,0.7018309154800396,0.27584338641480016,0.2342451623880225
0.5281765516236577,7.009537763680582,0.8674078794303768,3.0349266309639535,0.8602109154800396,0.1650643864148002,0.24706216238802248
0.7860495516236576,7.009537763680582,1.3038078794303767,3.261126630963954,0.9664209154800397,0.03322838641480019,0.2406541623880225
0.8217555516236577,7.084917763680583,1.1966978794303766,3.2254266309639537,0.9545109154800396,0.1586553864148002,0.21410316238802252
0.7106715516236577,7.235677763680583,1.4148978794303766,3.185726630963954,0.8959209154800397,0.28316738641480016,0.21410316238802252
0.8574605516236578,7.160297763680582,1.3434878794303768,3.261126630963954,0.8721209154800397,0.22732038641480018,0.22051216238802251
1.0439235516236578,7.196007763680583,1.4505978794303769,3.3364266309639543,0.7723209154800396,0.2062633864148002,0.24706216238802248
1.1510395516236578,7.196007763680583,1.2681078794303768,3.261126630963954,0.8254209154800397,0.1650643864148002,0.2342451623880225
1.0042505516236577,7.346757763680582,1.5259778794303769,3.2254266309639537,0.7549309154800395,0.11654138641480022,0.22051216238802251
1.0796285516236577,7.422137763680582,1.6330978794303765,3.0746266309639534,0.9664209154800397,0.07534238641480023,0.20677916238802252
1.0796285516236577,7.497517763680582,1.6330978794303765,3.0349266309639535,1.0607109154800396,0.13027438641480021,0.21410316238802252
0.9328395516236576,7.648277763680582,1.7084778794303765,2.9992266309639533,1.0250109154800398,0.1998543864148002,0.27452816238802247
0.9328395516236576,7.914087763680582,1.5616878794303768,2.884226630963953,1.0900109154800397,0.1586553864148002,0.15367916238802248
0.7106715516236577,7.914087763680582,1.6330978794303765,2.6580266309639544,0.9252209154800396,0.1723883864148002,0.2269211623880225
0.5638815516236577,7.838707763680582,1.4863078794303768,2.431926630963954,0.9078209154800397,0.22732038641480018,0.20677916238802252
0.6035545516236578,7.838707763680582,1.6727678794303766,2.3208266309639534,0.7604209154800395,0.13027438641480021,0.18663716238802247
0.8217555516236577,7.763327763680582,1.8552678794303767,2.3208266309639534,0.8785209154800396,0.1650643864148002,0.27452816238802247
1.0439235516236578,7.914087763680582,2.1091678794303768,2.3565266309639537,0.9197209154800395,0.25478638641480017,0.20037016238802247
1.0439235516236578,7.989457763680583,2.1091678794303768,2.3962266309639535,0.9957109154800395,0.26943438641480016,0.2406541623880225
1.1907125516236576,7.914087763680582,2.2202578794303767,2.2454266309639532,0.9545109154800396,0.1998543864148002,0.16008716238802245
1.3017955516236577,7.763327763680582,2.0734678794303765,2.205826630963953,0.9252209154800396,0.1925303864148002,0.2543871623880225
1.1153345516236577,7.648277763680582,2.0377578794303766,2.0947266309639545,0.9728209154800397,0.31063338641480015,0.2543871623880225
1.1153345516236577,7.648277763680582,2.0377578794303766,2.0947266309639545,0.9728209154800397,0.31063338641480015,0.2543871623880225
1.0042505516236577,7.687947763680582,1.8909678794303766,1.9796266309639527,0.9371209154800396,0.25478638641480017,0.24706216238802248
0.7860495516236576,7.763327763680582,2.1488478794303765,1.9796266309639527,0.9133109154800397,0.1925303864148002,0.1738201623880225
0.7860495516236576,7.8744077636805825,2.2202578794303767,2.170126630963953,1.0552209154800396,0.1998543864148002,0.22051216238802251
0.7106715516236577,7.989457763680583,2.2202578794303767,2.170126630963953,1.0488109154800398,0.24837738641480017,0.2406541623880225
0.7503445516236578,8.064837763680583,2.1488478794303765,2.3208266309639534,1.0195209154800398,0.23464438641480018,0.28093716238802247
0.7503445516236578,8.064837763680583,2.1488478794303765,2.3208266309639534,1.0195209154800398,0.23464438641480018,0.28093716238802247
0.6035545516236578,8.064837763680583,2.0377578794303766,2.3962266309639535,1.0195209154800398,0.08175138641480023,0.1664961623880225
0.5281765516236577,8.100547763680582,2.0377578794303766,2.5470266309639538,0.9014109154800397,0.005762386414800202,0.28093716238802247
0.5638815516236577,7.8744077636805825,1.6330978794303765,2.808826630963953,0.9545109154800396,0.08175138641480023,0.20677916238802252
0.30997555162365775,7.838707763680582,1.8909678794303766,3.185726630963954,0.8959209154800397,0.25478638641480017,0.2269211623880225
0.5281765516236577,7.838707763680582,2.331337879430377,3.4118266309639544,1.0488109154800398,0.1586553864148002,0.2543871623880225
0.5638815516236577,8.025167763680582,2.367047879430377,3.3364266309639543,1.0140209154800397,0.1998543864148002,0.20677916238802252
0.5638815516236577,8.025167763680582,2.367047879430377,3.3364266309639543,1.0140209154800397,0.1998543864148002,0.20677916238802252
0.30997555162365775,8.100547763680582,2.478127879430377,3.2968266309639542,0.9426109154800396,0.2062633864148002,0.18663716238802247
0.4170925516236577,8.211629763680582,2.478127879430377,3.2254266309639537,0.9197209154800395,0.13027438641480021,0.28093716238802247
0.4170925516236577,8.175923763680583,2.5495378794303774,3.261126630963954,0.8135209154800397,0.1440073864148002,0.18663716238802247
0.5638815516236577,8.175923763680583,2.5495378794303774,3.185726630963954,0.7256309154800397,0.22091138641480018,0.2607951623880225
0.6035545516236578,8.140217763680582,2.331337879430377,3.2254266309639537,0.7778209154800396,0.24105338641480017,0.22051216238802251
0.45676555162365773,8.175923763680583,2.843117879430377,3.261126630963954,0.7723209154800396,0.32436638641480015,0.1738201623880225
0.7106715516236577,8.211629763680582,2.7320378794303766,3.185726630963954,1.0369109154800396,0.37288938641480024,0.27452816238802247
0.8971335516236578,8.211629763680582,2.8788278794303768,3.0349266309639535,0.9783209154800397,0.31795738641480015,0.2342451623880225
0.8971335516236578,8.211629763680582,2.8788278794303768,2.884226630963953,1.0195209154800398,0.22091138641480018,0.16008716238802245
1.0042505516236577,8.251302763680583,2.8074178794303766,2.622326630963954,1.0195209154800398,0.21358738641480018,0.2543871623880225
1.1153345516236577,8.362386763680583,2.6963278794303767,2.507326630963954,0.9252209154800396,0.1925303864148002,0.18663716238802247
1.0042505516236577,8.287007763680583,2.5852478794303773,2.3962266309639535,0.9197209154800395,0.26943438641480016,0.2269211623880225
1.0796285516236577,8.211629763680582,2.6249178794303774,2.2811266309639535,0.9609209154800397,0.24837738641480017,0.1939621623880225
1.1153345516236577,8.362386763680583,3.2834878794303766,2.170126630963953,1.0726209154800395,0.23464438641480018,0.2342451623880225
1.2264155516236577,8.362386763680583,3.025617879430377,2.170126630963953,1.0845209154800397,0.22091138641480018,0.18663716238802247
0.9685445516236577,8.402059763680583,3.0613178794303773,2.130426630963953,1.0140209154800397,0.28316738641480016,0.2543871623880225
1.0042505516236577,8.477437763680582,2.8788278794303768,2.055026630963953,0.9728209154800397,0.35915638641480024,0.2342451623880225
1.0042505516236577,8.477437763680582,2.8788278794303768,2.055026630963953,0.9728209154800397,0.35915638641480024,0.2342451623880225
0.9685445516236577,8.513142763680582,2.7717078794303767,1.9796266309639527,0.8959209154800397,0.39394638641480023,0.18663716238802247
0.8217555516236577,8.513142763680582,2.843117879430377,1.9796266309639527,0.8602109154800396,0.4214123864148002,0.26720416238802247
0.7106715516236577,8.513142763680582,2.6606278794303773,1.7932266309639537,0.9957109154800395,0.31795738641480015,0.20677916238802252
0.4924705516236577,8.437764763680581,3.0613178794303773,1.7575266309639535,0.9902209154800395,0.28957638641480016,0.18663716238802247
0.6035545516236578,8.362386763680583,3.025617879430377,1.7932266309639537,1.2310009154800396,0.28957638641480016,0.22051216238802251
0.6035545516236578,8.437764763680581,3.2081078794303766,1.8328266309639538,1.1788209154800398,0.34542338641480014,0.1939621623880225
0.5281765516236577,8.437764763680581,3.1366978794303773,1.9439266309639542,1.1193109154800398,0.31795738641480015,0.21410316238802252
0.3456815516236577,8.552815763680583,3.1366978794303773,2.055026630963953,1.0552209154800396,0.2062633864148002,0.1738201623880225
0.38138655162365775,8.588521763680582,3.025617879430377,2.055026630963953,0.8959209154800397,0.1861213864148002,0.21410316238802252
0.4170925516236577,8.588521763680582,2.914527879430377,2.4716266309639536,0.7668309154800396,0.35183238641480014,0.20037016238802247
0.4924705516236577,8.552815763680583,3.3906078794303767,2.8485266309639528,1.0021209154800395,0.27584338641480016,0.24706216238802248
0.6392605516236578,8.477437763680582,3.7952678794303774,2.9992266309639533,1.0552209154800396,0.22732038641480018,0.1399461623880225
0.8971335516236578,8.437764763680581,3.8309678794303768,2.9992266309639533,1.1898009154800397,0.24105338641480017,0.1939621623880225
0.8971335516236578,8.513142763680582,3.8666778794303767,3.1500266309639535,1.0781109154800395,0.25478638641480017,0.2269211623880225
0.8971335516236578,8.703572763680583,3.8309678794303768,3.185726630963954,0.9902209154800395,0.1998543864148002,0.1939621623880225
1.0042505516236577,8.778951763680583,3.7595578794303766,3.1103266309639537,0.9014109154800397,0.1650643864148002,0.1664961623880225
1.0042505516236577,8.778951763680583,3.7595578794303766,3.1103266309639537,0.9014109154800397,0.1650643864148002,0.1664961623880225
1.1153345516236577,8.854329763680582,3.7952678794303774,3.185726630963954,0.8373309154800396,0.24105338641480017,0.22051216238802251
1.1907125516236576,9.005086763680582,3.723857879430377,3.1500266309639535,0.9545109154800396,0.28316738641480016,0.2269211623880225
0.9685445516236577,9.080464963680582,3.7952678794303774,3.0746266309639534,0.9371209154800396,0.28316738641480016,0.1939621623880225
1.0042505516236577,9.191548963680582,4.124547879430377,3.1103266309639537,1.0607109154800396,0.25478638641480017,0.20677916238802252
1.2264155516236577,9.116170563680582,4.195957879430377,3.0746266309639534,1.1788209154800398,0.27584338641480016,0.22051216238802251
1.3375055516236576,9.116170563680582,4.382427879430377,2.923826630963953,1.0021209154800395,0.34542338641480014,0.1664961623880225
1.3732055516236576,9.080464963680582,4.124547879430377,2.8485266309639528,1.0021209154800395,0.38021338641480024,0.22051216238802251
1.2621255516236576,9.116170563680582,3.8666778794303767,2.4716266309639536,0.8135209154800397,0.39394638641480023,0.22051216238802251
1.2264155516236577,9.116170563680582,3.684187879430377,2.431926630963954,0.8254209154800397,0.4287363864148002,0.20677916238802252
1.2621255516236576,9.266927363680582,3.7595578794303766,2.4716266309639536,1.0140209154800397,0.31795738641480015,0.1939621623880225
1.2264155516236577,9.231221863680583,4.088847879430377,2.507326630963954,1.0900109154800397,0.31063338641480015,0.20037016238802247
1.2264155516236577,9.231221863680583,4.088847879430377,2.507326630963954,1.0900109154800397,0.31063338641480015,0.20037016238802247
1.2621255516236576,9.116170563680582,4.271337879430377,2.5470266309639538,1.1962109154800395,0.30330938641480015,0.2607951623880225
1.3017955516236577,9.080464963680582,4.382427879430377,2.582726630963954,1.1257209154800396,0.38021338641480024,0.20037016238802247
1.3017955516236577,9.116170563680582,4.195957879430377,2.582726630963954,1.0195209154800398,0.4562023864148002,0.24706216238802248
1.1510395516236578,9.231221863680583,4.124547879430377,2.3962266309639535,0.9078209154800397,0.4076793864148002,0.2269211623880225
1.0796285516236577,9.342305763680582,3.977757879430377,2.3208266309639534,0.8309209154800395,0.31063338641480015,0.20677916238802252
1.1153345516236577,9.306599763680582,3.9420578794303767,2.205826630963953,0.8309209154800395,0.35915638641480024,0.21410316238802252
1.0439235516236578,9.381978763680582,4.013467879430377,2.055026630963953,0.9728209154800397,0.34542338641480014,0.24706216238802248
0.8971335516236578,9.417683763680582,3.9063478794303768,2.055026630963953,1.0369109154800396,0.32436638641480015,0.20037016238802247
0.6392605516236578,9.493062763680582,4.160257879430377,2.130426630963953,1.1724109154800395,0.38021338641480024,0.1802291623880225
0.6392605516236578,9.493062763680582,4.271337879430377,2.205826630963953,1.3372009154800395,0.33169038641480014,0.22051216238802251
0.6749655516236577,9.457356763680583,4.342747879430377,2.2454266309639532,1.1669209154800395,0.24105338641480017,0.1664961623880225
0.6392605516236578,9.417683763680582,4.195957879430377,2.3565266309639537,1.0607109154800396,0.12386538641480022,0.2342451623880225
0.5281765516236577,9.457356763680583,4.124547879430377,2.3962266309639535,0.9014109154800397,0.10280838641480022,0.22051216238802251
0.30997555162365775,9.568440763680583,3.8309678794303768,2.8485266309639528,0.8190209154800397,0.4140873864148002,0.2406541623880225
0.27030265162365774,9.568440763680583,3.977757879430377,2.9992266309639533,0.8721209154800397,0.5257823864148001,0.24706216238802248
0.38138655162365775,9.608113763680583,3.9420578794303767,3.1500266309639535,0.9902209154800395,0.4287363864148002,0.2269211623880225
0.38138655162365775,9.643819763680582,4.307047879430377,3.261126630963954,1.1074109154800396,0.22091138641480018,0.1939621623880225
0.38138655162365775,9.643819763680582,4.307047879430377,3.261126630963954,1.1074109154800396,0.22091138641480018,0.1939621623880225
0.4924705516236577,9.457356763680583,4.747417879430377,3.2254266309639537,1.1843109154800397,0.08907538641480023,0.21410316238802252
0.7106715516236577,9.342305763680582,4.929907879430377,3.2968266309639542,1.1486109154800395,0.11654138641480022,0.21410316238802252
0.7106715516236577,9.417683763680582,4.783117879430377,3.185726630963954,0.9902209154800395,0.29690038641480015,0.1939621623880225
0.6392605516236578,9.608113763680583,4.818827879430377,3.1103266309639537,0.8602109154800396,0.4140873864148002,0.27452816238802247
0.6749655516236577,9.643819763680582,4.783117879430377,3.0746266309639534,0.7430309154800397,0.4836683864148002,0.20677916238802252
1.0042505516236577,9.719197763680583,4.747417879430377,3.0746266309639534,0.6954209154800396,0.5047253864148002,0.20037016238802247
1.1153345516236577,9.794576763680583,4.965617879430377,3.0746266309639534,0.7668309154800396,0.4562023864148002,0.22051216238802251
1.1510395516236578,9.794576763680583,4.929907879430377,2.959626630963953,0.9316309154800396,0.33809938641480014,0.21410316238802252
0.8971335516236578,9.719197763680583,5.370277879430377,2.7731266309639544,1.2429009154800394,0.26943438641480016,0.21410316238802252
1.2264155516236577,9.830281763680583,5.370277879430377,2.5470266309639538,1.0781109154800395,0.39394638641480023,0.2406541623880225
1.2621255516236576,10.020711763680582,5.076697879430377,2.2454266309639532,0.8309209154800395,0.39394638641480023,0.18663716238802247
1.4842955516236576,10.056416763680582,4.818827879430377,2.3565266309639537,0.8666209154800396,0.40035538641480023,0.2543871623880225
1.3375055516236576,9.905660763680583,4.858497879430377,2.2811266309639535,0.9490209154800396,0.4699353864148002,0.1802291623880225
1.1907125516236576,9.794576763680583,4.965617879430377,2.205826630963953,1.0662109154800397,0.3655643864148002,0.22051216238802251
1.0796285516236577,9.679524763680583,5.005287879430377,2.2811266309639535,1.2667109154800396,0.22091138641480018,0.20677916238802252
1.0796285516236577,9.608113763680583,5.294897879430377,2.205826630963953,1.3024109154800398,0.22732038641480018,0.1664961623880225
1.3017955516236577,9.754903763680582,5.370277879430377,2.205826630963953,1.2667109154800396,0.28316738641480016,0.24706216238802248
1.3017955516236577,9.754903763680582,5.370277879430377,2.205826630963953,1.2667109154800396,0.28316738641480016,0.24706216238802248
1.3732055516236576,9.794576763680583,5.552777879430377,2.170126630963953,1.0076109154800394,0.38662238641480023,0.16008716238802245
1.3017955516236577,9.981038763680582,5.259197879430377,1.9796266309639527,0.9371209154800396,0.4699353864148002,0.20037016238802247
1.1510395516236578,10.056416763680582,5.259197879430377,1.7575266309639535,0.7842309154800396,0.5321903864148001,0.26720416238802247
1.1153345516236577,9.981038763680582,5.187787879430377,1.6067266309639532,0.8135209154800397,0.5459243864148002,0.1664961623880225
1.2264155516236577,9.905660763680583,5.005287879430377,1.5670266309639533,0.8959209154800397,0.5669843864148001,0.2406541623880225
1.1510395516236578,9.869954763680582,5.148107879430377,1.5670266309639533,1.0076109154800394,0.5111333864148002,0.20677916238802252
0.8971335516236578,9.905660763680583,5.294897879430377,1.9043266309639542,1.2374109154800395,0.34542338641480014,0.2342451623880225
0.8574605516236578,9.905660763680583,5.517067879430377,2.0193266309639544,1.3253009154800397,0.32436638641480015,0.1738201623880225
0.7106715516236577,9.981038763680582,5.517067879430377,2.431926630963954,1.0021209154800395,0.39394638641480023,0.22051216238802251
0.7106715516236577,9.945332763680582,5.187787879430377,2.431926630963954,0.8721209154800397,0.4699353864148002,0.20677916238802252
0.6392605516236578,9.981038763680582,5.148107879430377,2.6580266309639544,0.6432349154800396,0.4424693864148002,0.2269211623880225
0.6749655516236577,9.869954763680582,5.112407879430377,2.7334266309639528,0.6542219154800396,0.4562023864148002,0.20677916238802252
0.7503445516236578,9.754903763680582,5.076697879430377,2.923826630963953,0.8309209154800395,0.5257823864148001,0.14635416238802246
0.8217555516236577,9.643819763680582,5.294897879430377,2.9992266309639533,0.9728209154800397,0.4772593864148002,0.24706216238802248
0.7503445516236578,9.643819763680582,5.370277879430377,3.185726630963954,1.2722009154800396,0.35183238641480014,0.20677916238802252
0.7503445516236578,9.643819763680582,5.370277879430377,3.185726630963954,1.2722009154800396,0.35183238641480014,0.20677916238802252
0.7860495516236576,9.754903763680582,5.770977879430377,3.2254266309639537,1.3134009154800395,0.31795738641480015,0.1939621623880225
0.9685445516236577,9.905660763680583,5.846357879430377,3.1103266309639537,1.3024109154800398,0.33169038641480014,0.2543871623880225
1.0042505516236577,9.981038763680582,5.917767879430377,2.923826630963953,1.1193109154800398,0.31063338641480015,0.1939621623880225
1.1907125516236576,10.096089763680583,6.028847879430377,2.808826630963953,0.8547209154800396,0.33169038641480014,0.24706216238802248
1.2264155516236577,10.246847763680583,5.770977879430377,2.7731266309639544,0.6954209154800396,0.4488773864148002,0.24706216238802248
1.0796285516236577,10.246847763680583,6.028847879430377,2.6580266309639544,0.6249249154800396,0.5395143864148002,0.18663716238802247
1.2621255516236576,10.282547763680583,5.957437879430377,2.582726630963954,0.7723209154800396,0.5880343864148001,0.22051216238802251
1.3375055516236576,10.171467763680582,6.211347879430377,2.3565266309639537,1.1550109154800396,0.40035538641480023,0.2269211623880225
1.3017955516236577,10.056416763680582,6.211347879430377,2.4716266309639536,1.2722009154800396,0.27584338641480016,0.14635416238802246
1.1510395516236578,10.131795763680582,6.322427879430378,2.3962266309639535,1.2905109154800396,0.31063338641480015,0.20677916238802252
1.2621255516236576,10.246847763680583,6.322427879430378,2.3208266309639534,1.3134009154800395,0.4140873864148002,0.2342451623880225
1.3375055516236576,10.171467763680582,6.286717879430378,2.3565266309639537,1.0781109154800395,0.5184583864148002,0.18663716238802247
1.3375055516236576,10.171467763680582,6.175637879430377,2.3565266309639537,0.9609209154800397,0.5733943864148001,0.24706216238802248
1.3017955516236577,10.207177763680582,6.064557879430377,2.3208266309639534,0.8547209154800396,0.6292343864148002,0.22051216238802251
1.3375055516236576,10.171467763680582,5.993147879430377,2.3565266309639537,0.8373309154800396,0.5532443864148002,0.21410316238802252
1.3732055516236576,10.171467763680582,5.917767879430377,2.431926630963954,1.0021209154800395,0.5321903864148001,0.20677916238802252
1.3732055516236576,10.171467763680582,6.064557879430377,2.4716266309639536,1.0781109154800395,0.4772593864148002,0.1939621623880225
1.4485855516236577,10.171467763680582,6.064557879430377,2.3962266309639535,1.2200209154800397,0.4214123864148002,0.22051216238802251
1.3375055516236576,10.131795763680582,6.028847879430377,2.2811266309639535,1.2667109154800396,0.40035538641480023,0.1802291623880225
1.1907125516236576,10.207177763680582,6.211347879430377,2.130426630963953,1.2429009154800394,0.4287363864148002,0.2342451623880225
1.3375055516236576,10.282547763680583,6.433507879430377,1.8686266309639539,1.1962109154800395,0.5184583864148002,0.2342451623880225
1.4485855516236577,10.357927763680582,6.433507879430377,1.7178266309639536,1.0195209154800398,0.5111333864148002,0.1802291623880225
1.4842955516236576,10.433307763680583,6.433507879430377,1.6424266309639535,0.8840209154800397,0.5321903864148001,0.20037016238802247
1.4842955516236576,10.433307763680583,6.469217879430377,1.6821266309639533,0.9728209154800397,0.5459243864148002,0.22051216238802251
1.4485855516236577,10.322227763680582,6.504917879430377,1.8328266309639538,1.1724109154800395,0.5669843864148001,0.2543871623880225
1.4842955516236576,10.357927763680582,6.540627879430377,1.9796266309639527,1.3024109154800398,0.5532443864148002,0.1939621623880225
1.4089155516236576,10.322227763680582,6.433507879430377,2.170126630963953,1.3253009154800397,0.4076793864148002,0.2406541623880225
1.2264155516236577,10.357927763680582,6.322427879430378,2.3962266309639535,1.2374109154800395,0.37288938641480024,0.26720416238802247
1.0796285516236577,10.397607763680583,6.504917879430377,2.507326630963954,1.1431109154800398,0.38662238641480023,0.1939621623880225
1.0796285516236577,10.508687763680582,6.576337879430377,2.582726630963954,1.0781109154800395,0.4351453864148002,0.2543871623880225
1.1153345516236577,10.659447763680582,6.616007879430376,2.6977266309639543,0.9252209154800396,0.4699353864148002,0.1939621623880225
1.0042505516236577,10.810197763680582,6.616007879430376,2.7731266309639544,0.8840209154800397,0.4076793864148002,0.18663716238802247
1.0042505516236577,10.810197763680582,6.504917879430377,2.8485266309639528,0.8904309154800397,0.4140873864148002,0.2607951623880225
0.9328395516236576,10.810197763680582,6.393837879430376,2.923826630963953,0.9133109154800397,0.39394638641480023,0.2269211623880225
0.9328395516236576,10.885577763680583,6.393837879430376,2.923826630963953,1.0662109154800397,0.4488773864148002,0.2406541623880225
0.9328395516236576,10.885577763680583,6.393837879430376,2.923826630963953,1.0662109154800397,0.4488773864148002,0.2406541623880225
0.8217555516236577,10.885577763680583,6.393837879430376,2.884226630963953,1.1431109154800398,0.37288938641480024,0.20677916238802252
0.9328395516236576,10.810197763680582,6.322427879430378,2.8485266309639528,1.2310009154800396,0.31795738641480015,0.18663716238802247
0.8971335516236578,10.774497763680582,6.393837879430376,2.7334266309639528,1.2960109154800397,0.38021338641480024,0.2543871623880225
0.8971335516236578,10.849877763680583,6.504917879430377,2.7731266309639544,1.2255109154800397,0.4140873864148002,0.21410316238802252
0.8217555516236577,11.036337763680582,6.6874178794303765,2.622326630963954,1.1605109154800397,0.5047253864148002,0.1939621623880225
1.0042505516236577,11.111717763680582,6.945287879430377,2.3208266309639534,0.9078209154800397,0.5395143864148002,0.18663716238802247
1.0439235516236578,11.147417763680583,7.092077879430376,2.2811266309639535,0.8135209154800397,0.5257823864148001,0.21410316238802252
1.0796285516236577,11.187097763680583,7.016697879430377,2.170126630963953,0.8785209154800396,0.5669843864148001,0.2406541623880225
1.0796285516236577,11.187097763680583,7.016697879430377,2.170126630963953,0.8785209154800396,0.5669843864148001,0.2406541623880225
1.0042505516236577,11.187097763680583,7.052407879430377,2.055026630963953,0.9426109154800396,0.6219143864148002,0.20677916238802252
0.9685445516236577,11.147417763680583,7.052407879430377,2.055026630963953,1.1431109154800398,0.5532443864148002,0.18663716238802247
1.2621255516236576,11.000627763680582,7.016697879430377,2.055026630963953,1.2429009154800394,0.5184583864148002,0.20037016238802247
1.2264155516236577,10.925247763680582,6.980997879430377,2.0947266309639545,1.3372009154800395,0.4836683864148002,0.16008716238802245
1.1510395516236578,11.036337763680582,6.980997879430377,2.0947266309639545,1.3079109154800395,0.5395143864148002,0.21410316238802252
1.0439235516236578,11.187097763680583,7.052407879430377,2.055026630963953,1.2136109154800399,0.5111333864148002,0.22051216238802251
1.1907125516236576,11.147417763680583,7.127787879430376,2.055026630963953,1.1605109154800397,0.5459243864148002,0.22051216238802251
1.3017955516236577,11.222797763680582,7.238867879430377,1.9796266309639527,0.9957109154800395,0.5257823864148001,0.20677916238802252
1.4089155516236576,11.222797763680582,7.1634878794303765,2.0193266309639544,0.9371209154800396,0.5807143864148001,0.1939621623880225
1.4089155516236576,11.373557763680582,7.127787879430376,1.8686266309639539,0.9902209154800395,0.5321903864148001,0.2406541623880225
1.2264155516236577,11.373557763680582,7.127787879430376,1.9439266309639542,1.0314209154800396,0.4562023864148002,0.1802291623880225
1.1907125516236576,11.373557763680582,6.980997879430377,1.8328266309639538,1.0845209154800397,0.5184583864148002,0.20037016238802247
1.3017955516236577,11.337847763680582,6.8699178794303775,1.6067266309639532,1.1550109154800396,0.5669843864148001,0.24706216238802248
1.3375055516236576,11.262467763680583,6.762797879430377,1.531326630963953,1.1843109154800397,0.5395143864148002,0.18663716238802247
1.1510395516236578,11.187097763680583,6.798497879430378,1.4560266309639545,1.2667109154800396,0.4626103864148002,0.20677916238802252
1.2621255516236576,11.111717763680582,7.052407879430377,1.6067266309639532,1.2548109154800398,0.5944443864148001,0.16008716238802245
1.2621255516236576,11.111717763680582,7.052407879430377,1.6067266309639532,1.2548109154800398,0.5944443864148001,0.16008716238802245
1.4842955516236576,11.000627763680582,7.3459878794303775,1.6821266309639533,1.2255109154800397,0.5669843864148001,0.2543871623880225
1.6667855516236576,11.036337763680582,7.385657879430377,1.8328266309639538,1.1605109154800397,0.5184583864148002,0.2269211623880225
1.7024955516236577,10.960957763680582,7.528477879430377,1.9796266309639527,1.0250109154800398,0.5111333864148002,0.21410316238802252
1.7421655516236576,10.885577763680583,7.457067879430377,2.3208266309639534,0.9609209154800397,0.5944443864148001,0.21410316238802252
1.7024955516236577,10.849877763680583,7.3459878794303775,2.431926630963954,1.0195209154800398,0.6429743864148001,0.2269211623880225
1.7024955516236577,10.849877763680583,7.385657879430377,2.622326630963954,1.1074109154800396,0.6567043864148001,0.24706216238802248
1.6310855516236578,10.885577763680583,7.421367879430377,2.8485266309639528,1.1724109154800395,0.5532443864148002,0.1802291623880225
1.5953755516236576,10.810197763680582,7.385657879430377,2.884226630963953,1.2612209154800396,0.5532443864148002,0.2543871623880225
1.5199955516236576,10.925247763680582,7.3102778794303775,2.884226630963953,1.2136109154800399,0.6017743864148002,0.1939621623880225
1.5199955516236576,11.076007763680582,7.421367879430377,2.7731266309639544,1.1312109154800396,0.5321903864148001,0.21410316238802252
1.5557055516236578,11.222797763680582,7.492777879430377,2.808826630963953,1.0662109154800397,0.4214123864148002,0.2543871623880225
1.5557055516236578,11.337847763680582,7.492777879430377,2.7731266309639544,0.9426109154800396,0.4424693864148002,0.22051216238802251
1.5199955516236576,11.563987763680583,7.421367879430377,2.6580266309639544,0.8547209154800396,0.7262843864148001,0.21410316238802252
1.4485855516236577,11.524307763680582,7.3102778794303775,2.6580266309639544,0.9426109154800396,0.7052243864148002,0.2406541623880225
1.4485855516236577,11.524307763680582,7.3102778794303775,2.6580266309639544,0.9426109154800396,0.7052243864148002,0.2406541623880225
1.3017955516236577,11.524307763680582,7.274577879430377,2.582726630963954,1.0488109154800398,0.5880343864148001,0.24706216238802248
1.3375055516236576,11.448937763680583,7.457067879430377,2.431926630963954,1.1724109154800395,0.4287363864148002,0.1802291623880225
1.3732055516236576,11.448937763680583,7.421367879430377,2.3565266309639537,1.2960109154800397,0.38021338641480024,0.2543871623880225
1.3017955516236577,11.488607763680582,7.568157879430378,2.205826630963953,1.3372009154800395,0.4140873864148002,0.21410316238802252
1.1510395516236578,11.448937763680583,7.675267879430376,2.130426630963953,1.3134009154800395,0.4772593864148002,0.2543871623880225
1.1510395516236578,11.599687763680581,7.675267879430376,2.130426630963953,1.2200209154800397,0.5459243864148002,0.2406541623880225
1.2621255516236576,11.675067763680582,7.786357879430377,2.170126630963953,1.1074109154800396,0.6219143864148002,0.2269211623880225
1.3732055516236576,11.639367763680582,7.968847879430377,2.055026630963953,1.0076109154800394,0.6429743864148001,0.2342451623880225
1.4089155516236576,11.639367763680582,8.044227879430377,1.9796266309639527,0.9664209154800397,0.6292343864148002,0.22051216238802251
1.3732055516236576,11.599687763680581,8.151347879430377,2.205826630963953,1.0021209154800395,0.5733943864148001,0.21410316238802252
1.4089155516236576,11.599687763680581,8.044227879430377,2.0947266309639545,1.1019109154800395,0.5596543864148,0.2543871623880225
1.4089155516236576,11.639367763680582,8.079937879430377,2.0947266309639545,1.1669209154800395,0.5184583864148002,0.2269211623880225
1.4089155516236576,11.639367763680582,8.079937879430377,2.0947266309639545,1.1669209154800395,0.5184583864148002,0.2269211623880225
1.4089155516236576,11.714737763680581,8.044227879430377,2.130426630963953,1.2722009154800396,0.49740038641480017,0.18663716238802247
1.4485855516236577,11.750447763680583,8.044227879430377,2.055026630963953,1.2374109154800395,0.5532443864148002,0.20037016238802247
1.4485855516236577,11.750447763680583,7.968847879430377,1.9439266309639542,1.2374109154800395,0.5459243864148002,0.2543871623880225
1.4089155516236576,11.790117763680582,7.968847879430377,1.9043266309639542,1.1376209154800399,0.5321903864148001,0.20677916238802252
1.3732055516236576,11.865497763680583,7.968847879430377,1.7178266309639536,1.1193109154800398,0.5532443864148002,0.2269211623880225
1.3017955516236577,11.865497763680583,8.151347879430377,1.5670266309639533,1.1431109154800398,0.5807143864148001,0.24706216238802248
1.3732055516236576,11.825827763680582,8.115637879430375,1.5670266309639533,1.1312109154800396,0.5733943864148001,0.27452816238802247
1.3732055516236576,11.750447763680583,8.004557879430376,1.531326630963953,1.1962109154800395,0.6155043864148002,0.27452816238802247
1.3017955516236577,11.750447763680583,8.004557879430376,1.6067266309639532,1.2081109154800398,0.5395143864148002,0.2269211623880225
1.3732055516236576,11.599687763680581,7.897437879430377,1.7575266309639535,1.2429009154800394,0.5395143864148002,0.1939621623880225
1.3375055516236576,11.524307763680582,7.861737879430376,1.9043266309639542,1.2493109154800397,0.6502943864148001,0.26720416238802247
1.3732055516236576,11.524307763680582,7.8220578794303774,2.0193266309639544,1.2786109154800398,0.6777643864148002,0.2342451623880225
1.4485855516236577,11.488607763680582,7.786357879430377,2.170126630963953,1.2429009154800394,0.5880343864148001,0.2269211623880225
1.3732055516236576,11.373557763680582,7.861737879430376,2.2811266309639535,1.2612209154800396,0.49740038641480017,0.24706216238802248
1.3375055516236576,11.413227763680583,7.9331478794303765,2.3962266309639535,1.2374109154800395,0.5321903864148001,0.2269211623880225
1.4089155516236576,11.448937763680583,7.9331478794303765,2.507326630963954,1.1669209154800395,0.5880343864148001,0.2342451623880225
1.3732055516236576,11.524307763680582,8.151347879430377,2.4716266309639536,1.1376209154800399,0.6640243864148001,0.2946701623880225
1.3732055516236576,11.563987763680583,8.262427879430376,2.622326630963954,1.0369109154800396,0.6081843864148002,0.22051216238802251
1.5199955516236576,11.599687763680581,8.226727879430376,2.6580266309639544,0.9728209154800397,0.6219143864148002,0.2543871623880225
1.5199955516236576,11.714737763680581,8.226727879430376,2.5470266309639538,0.9664209154800397,0.6914943864148002,0.2269211623880225
1.5199955516236576,11.825827763680582,8.373477879430377,2.431926630963954,1.0250109154800398,0.6777643864148002,0.2406541623880225
1.6667855516236576,11.790117763680582,8.151347879430377,2.431926630963954,1.1138209154800398,0.5880343864148001,0.2406541623880225
1.8889555516236576,11.825827763680582,8.298177879430376,2.2811266309639535,1.1962109154800395,0.5111333864148002,0.2406541623880225
1.8492855516236577,11.865497763680583,8.298177879430376,2.170126630963953,1.3198109154800397,0.6017743864148002,0.2406541623880225
1.9246655516236577,11.901207763680581,8.226727879430376,2.170126630963953,1.3079109154800395,0.6640243864148001,0.20037016238802247
1.8889555516236576,11.940877763680582,8.191017879430376,2.205826630963953,1.3436109154800397,0.6850843864148002,0.20677916238802252
1.6667855516236576,12.016257763680581,8.151347879430377,2.130426630963953,1.2612209154800396,0.6567043864148001,0.2543871623880225
1.6667855516236576,12.016257763680581,8.226727879430376,2.0947266309639545,1.1669209154800395,0.6017743864148002,0.21410316238802252
1.6310855516236578,12.016257763680581,8.262427879430376,1.9439266309639542,1.1486109154800395,0.5944443864148001,0.2543871623880225
1.6667855516236576,12.127337763680583,8.409177879430375,1.9043266309639542,1.0900109154800397,0.6219143864148002,0.2342451623880225
1.6310855516236578,12.127337763680583,8.444877879430376,1.9043266309639542,1.0726209154800395,0.6429743864148001,0.20037016238802247
1.6667855516236576,12.127337763680583,8.444877879430376,1.9043266309639542,1.0488109154800398,0.6567043864148001,0.2269211623880225
1.7024955516236577,12.202717763680582,8.480677879430376,1.7932266309639537,1.1019109154800395,0.7052243864148002,0.2342451623880225
1.8492855516236577,12.127337763680583,8.444877879430376,1.7575266309639535,1.2200209154800397,0.6292343864148002,0.21410316238802252
1.8492855516236577,12.167017763680583,8.555977879430376,1.8328266309639538,1.2960109154800397,0.6081843864148002,0.20037016238802247
1.8135755516236576,12.167017763680583,8.627377879430377,1.8686266309639539,1.3079109154800395,0.5880343864148001,0.1939621623880225
1.7778755516236577,12.242387763680583,8.520277879430376,1.9043266309639542,1.2905109154800396,0.6017743864148002,0.21410316238802252
1.6310855516236578,12.393147763680583,8.555977879430376,1.9043266309639542,1.2255109154800397,0.6704343864148001,0.1939621623880225
1.5199955516236576,12.504227763680582,8.627377879430377,1.8328266309639538,1.1138209154800398,0.6850843864148002,0.22051216238802251
1.5953755516236576,12.654987763680582,8.627377879430377,1.7932266309639537,1.0845209154800397,0.6155043864148002,0.1939621623880225
1.6310855516236578,12.690697763680582,8.920977879430376,1.7932266309639537,1.0845209154800397,0.5733943864148001,0.1664961623880225
1.7421655516236576,12.690697763680582,9.032077879430377,1.7178266309639536,1.1669209154800395,0.5807143864148001,0.22051216238802251
1.9603655516236578,12.730367763680583,9.103477879430375,1.6821266309639533,1.2081109154800398,0.6219143864148002,0.21410316238802252
1.9960755516236577,12.730367763680583,9.143177879430375,1.5670266309639533,1.2786109154800398,0.6502943864148001,0.22051216238802251
2.0714455516236576,12.805747763680582,9.250277879430376,1.2655266309639543,1.3317109154800395,0.6777643864148002,0.21410316238802252
2.0714455516236576,12.805747763680582,9.250277879430376,1.2655266309639543,1.3317109154800395,0.6777643864148002,0.21410316238802252
2.182535551623658,12.690697763680582,9.143177879430375,1.229826630963954,1.3024109154800398,0.6914943864148002,0.15367916238802248
2.142865551623658,12.579607763680581,9.143177879430375,1.3052266309639542,1.2200209154800397,0.8443843864148002,0.2342451623880225
1.8135755516236576,12.504227763680582,9.103477879430375,1.491726630963953,1.1376209154800399,0.7958643864148001,0.1664961623880225
1.7421655516236576,12.393147763680583,9.067777879430375,1.6424266309639535,1.1550109154800396,0.7674843864148002,0.2269211623880225
1.6310855516236578,12.428857763680583,9.143177879430375,1.7932266309639537,1.1605109154800397,0.7189543864148,0.1738201623880225
1.4842955516236576,12.468527763680582,8.956677879430377,1.8686266309639539,1.1257209154800396,0.6502943864148001,0.1939621623880225
1.4842955516236576,12.428857763680583,8.956677879430377,1.9043266309639542,1.1669209154800395,0.6292343864148002,0.2406541623880225
1.3732055516236576,12.428857763680583,9.067777879430375,2.055026630963953,1.1669209154800395,0.5807143864148001,0.1802291623880225
1.5199955516236576,12.428857763680583,8.996377879430376,2.2454266309639532,1.2017109154800396,0.6219143864148002,0.20037016238802247
1.5953755516236576,12.468527763680582,8.996377879430376,2.3208266309639534,1.2081109154800398,0.7189543864148,0.21410316238802252
1.5557055516236578,12.579607763680581,8.849577879430376,2.3962266309639535,1.2081109154800398,0.7610743864148002,0.20037016238802247
1.5557055516236578,12.579607763680581,8.849577879430376,2.3962266309639535,1.2081109154800398,0.7610743864148002,0.20037016238802247
1.7024955516236577,12.654987763680582,8.956677879430377,2.4716266309639536,1.1898009154800397,0.7125543864148001,0.2269211623880225
1.5199955516236576,12.615317763680583,8.849577879430376,2.507326630963954,1.2081109154800398,0.6292343864148002,0.16008716238802245
1.5953755516236576,12.579607763680581,8.813877879430375,2.3565266309639537,1.1550109154800396,0.5807143864148001,0.18663716238802247
1.6310855516236578,12.654987763680582,8.920977879430376,2.3962266309639535,1.1724109154800395,0.5596543864148,0.21410316238802252
1.6310855516236578,12.730367763680583,8.920977879430376,2.3565266309639537,1.1376209154800399,0.5596543864148,0.1939621623880225
1.4842955516236576,12.841447763680582,8.849577879430376,2.4716266309639536,1.1312109154800396,0.6017743864148002,0.2269211623880225
1.4089155516236576,12.916827763680583,8.920977879430376,2.3565266309639537,1.1550109154800396,0.6704343864148001,0.1939621623880225
1.5557055516236578,12.916827763680583,8.885277879430376,2.3565266309639537,1.1605109154800397,0.6850843864148002,0.18663716238802247
1.6310855516236578,12.956497763680582,8.920977879430376,2.2811266309639535,1.2017109154800396,0.6502943864148001,0.20677916238802252
1.7421655516236576,12.881127763680581,8.996377879430376,2.2811266309639535,1.1962109154800395,0.5395143864148002,0.15367916238802248
1.7421655516236576,12.766077763680583,9.143177879430375,2.130426630963953,1.1669209154800395,0.49740038641480017,0.21410316238802252
1.8492855516236577,12.730367763680583,9.143177879430375,2.0193266309639544,1.2017109154800396,0.5395143864148002,0.22051216238802251
1.9246655516236577,12.615317763680583,9.143177879430375,1.9439266309639542,1.1605109154800397,0.6567043864148001,0.15367916238802248
1.8135755516236576,12.579607763680581,9.214577879430376,1.8686266309639539,1.2081109154800398,0.7748043864148002,0.2342451623880225
1.9246655516236577,12.615317763680583,9.214577879430376,1.9043266309639542,1.2429009154800394,0.7748043864148002,0.1939621623880225
1.9246655516236577,12.504227763680582,9.325677879430376,1.8686266309639539,1.2374109154800395,0.7537443864148001,0.20677916238802252
1.8889555516236576,12.654987763680582,9.250277879430376,1.7932266309639537,1.2722009154800396,0.7400143864148001,0.2406541623880225
1.7778755516236577,12.730367763680583,9.214577879430376,1.6821266309639533,1.2960109154800397,0.6155043864148002,0.14635416238802246
1.7778755516236577,12.766077763680583,9.103477879430375,1.7178266309639536,1.3436109154800397,0.5257823864148001,0.18663716238802247
1.6310855516236578,12.881127763680581,9.178877879430376,1.6424266309639535,1.3079109154800395,0.5111333864148002,0.1738201623880225
1.5557055516236578,12.881127763680581,9.067777879430375,1.8686266309639539,1.2493109154800397,0.5880343864148001,0.1939621623880225
1.4842955516236576,12.916827763680583,8.956677879430377,1.8686266309639539,1.1486109154800395,0.7336043864148001,0.2269211623880225
1.5953755516236576,13.067587763680582,9.032077879430377,1.9439266309639542,1.0607109154800396,0.6704343864148001,0.1738201623880225
1.8135755516236576,12.992207763680582,9.178877879430376,1.9439266309639542,1.1019109154800395,0.5807143864148001,0.2342451623880225
1.9603655516236578,13.182637763680582,9.214577879430376,1.8328266309639538,1.1962109154800395,0.5596543864148,0.18663716238802247
1.9246655516236577,13.293717763680583,9.289977879430376,1.8328266309639538,1.2612209154800396,0.6155043864148002,0.20677916238802252
1.9960755516236577,13.333397763680583,9.289977879430376,1.7575266309639535,1.3198109154800397,0.6640243864148001,0.21410316238802252
2.035745551623658,13.218347763680583,9.289977879430376,1.7932266309639537,1.3134009154800395,0.6777643864148002,0.20677916238802252
2.0714455516236576,13.142967763680582,9.289977879430376,1.7575266309639535,1.2429009154800394,0.7052243864148002,0.2342451623880225
2.0714455516236576,12.992207763680582,9.361377879430377,1.6424266309639535,1.1898009154800397,0.7336043864148001,0.1939621623880225
2.035745551623658,12.805747763680582,9.472477879430375,1.531326630963953,1.2136109154800399,0.7336043864148001,0.21410316238802252
1.9603655516236578,12.805747763680582,9.472477879430375,1.3806266309639543,1.2017109154800396,0.7400143864148001,0.20037016238802247
1.8135755516236576,12.841447763680582,9.508177879430376,1.3806266309639543,1.1788209154800398,0.7885343864148002,0.1802291623880225
1.7421655516236576,12.881127763680581,9.543877879430376,1.3806266309639543,1.1898009154800397,0.7958643864148001,0.2269211623880225
1.7778755516236577,12.916827763680583,9.508177879430376,1.531326630963953,1.1669209154800395,0.7812143864148002,0.2342451623880225
1.9246655516236577,12.881127763680581,9.543877879430376,1.531326630963953,1.1605109154800397,0.7336043864148001,0.1802291623880225
1.8492855516236577,12.841447763680582,9.801777879430377,1.5670266309639533,1.1788209154800398,0.6850843864148002,0.2269211623880225
1.8492855516236577,12.841447763680582,9.801777879430377,1.5670266309639533,1.1788209154800398,0.6850843864148002,0.2269211623880225
1.9960755516236577,12.881127763680581,9.873177879430376,1.7932266309639537,1.1898009154800397,0.6704343864148001,0.18663716238802247
2.142865551623658,12.881127763680581,9.984277879430376,1.7932266309639537,1.2493109154800397,0.7336043864148001,0.2342451623880225
2.107155551623658,13.031877763680583,9.948477879430376,1.9043266309639542,1.2310009154800396,0.8370643864148002,0.2269211623880225
2.107155551623658,13.031877763680583,9.908877879430376,1.8686266309639539,1.2081109154800398,0.8581143864148002,0.1738201623880225
2.218235551623658,12.992207763680582,9.984277879430376,1.9796266309639527,1.1788209154800398,0.8160043864148001,0.2342451623880225
2.3293255516236577,13.031877763680583,10.019977879430376,2.055026630963953,1.1669209154800395,0.7885343864148002,0.1802291623880225
2.3293255516236577,12.992207763680582,9.948477879430376,2.170126630963953,1.1074109154800396,0.7748043864148002,0.18663716238802247
2.3293255516236577,13.067587763680582,9.984277879430376,2.2454266309639532,1.1074109154800396,0.7400143864148001,0.2342451623880225
2.3650255516236576,13.142967763680582,9.801777879430377,2.2454266309639532,1.1788209154800398,0.7473443864148002,0.1802291623880225
2.2539455516236577,13.218347763680583,9.908877879430376,2.2811266309639535,1.1788209154800398,0.7400143864148001,0.21410316238802252
2.218235551623658,13.218347763680583,9.873177879430376,2.2811266309639535,1.2310009154800396,0.7262843864148001,0.22051216238802251
2.218235551623658,13.218347763680583,9.766077879430377,2.2811266309639535,1.1898009154800397,0.6777643864148002,0.20677916238802252
2.218235551623658,13.218347763680583,9.766077879430377,2.2811266309639535,1.1898009154800397,0.6777643864148002,0.20677916238802252
2.182535551623658,13.218347763680583,9.726377879430377,2.2454266309639532,1.1605109154800397,0.6777643864148002,0.2269211623880225
2.142865551623658,13.258017763680582,9.766077879430377,2.170126630963953,1.1074109154800396,0.7189543864148,0.1738201623880225
2.142865551623658,13.218347763680583,9.873177879430376,2.130426630963953,1.1138209154800398,0.7262843864148001,0.21410316238802252
2.218235551623658,13.333397763680583,9.873177879430376,2.0947266309639545,1.1193109154800398,0.7473443864148002,0.1939621623880225
2.182535551623658,13.258017763680582,9.948477879430376,2.0193266309639544,1.1431109154800398,0.8095943864148001,0.15367916238802248
2.2539455516236577,13.142967763680582,10.019977879430376,1.9796266309639527,1.2081109154800398,0.7537443864148001,0.2269211623880225
2.2896555516236576,13.067587763680582,10.019977879430376,1.9796266309639527,1.2548109154800398,0.6567043864148001,0.20037016238802247
2.2539455516236577,13.031877763680583,9.984277879430376,1.9043266309639542,1.3253009154800397,0.6777643864148002,0.22051216238802251
2.3293255516236577,13.067587763680582,9.984277879430376,1.7575266309639535,1.3134009154800395,0.7125543864148001,0.21410316238802252
2.2896555516236576,13.067587763680582,9.908877879430376,1.8328266309639538,1.2786109154800398,0.6988143864148002,0.1802291623880225
2.218235551623658,13.107257763680582,9.948477879430376,1.7575266309639535,1.2722009154800396,0.7537443864148001,0.2406541623880225
2.218235551623658,13.142967763680582,9.908877879430376,1.7178266309639536,1.2548109154800398,0.8233243864148001,0.1802291623880225
2.142865551623658,13.142967763680582,9.837477879430375,1.6821266309639533,1.2200209154800397,0.8095943864148001,0.1738201623880225
2.0714455516236576,13.182637763680582,9.801777879430377,1.5670266309639533,1.1962109154800395,0.7537443864148001,0.2342451623880225
2.035745551623658,13.218347763680583,9.726377879430377,1.4560266309639545,1.1788209154800398,0.6914943864148002,0.20037016238802247
1.9960755516236577,13.333397763680583,9.837477879430375,1.6067266309639532,1.1898009154800397,0.6914943864148002,0.2269211623880225
1.9246655516236577,13.258017763680582,9.766077879430377,1.6067266309639532,1.2493109154800397,0.7189543864148,0.2342451623880225
1.9246655516236577,13.293717763680583,9.873177879430376,1.5670266309639533,1.2722009154800396,0.7610743864148002,0.20037016238802247
2.0714455516236576,13.182637763680582,9.873177879430376,1.6424266309639535,1.2722009154800396,0.7885343864148002,0.21410316238802252
2.107155551623658,13.218347763680583,9.908877879430376,1.6424266309639535,1.2786109154800398,0.7674843864148002,0.2269211623880225
2.107155551623658,13.182637763680582,9.837477879430375,1.6424266309639535,1.2612209154800396,0.7748043864148002,0.20037016238802247
2.0714455516236576,13.067587763680582,9.948477879430376,1.531326630963953,1.2612209154800396,0.7262843864148001,0.1802291623880225
2.035745551623658,13.067587763680582,9.948477879430376,1.5670266309639533,1.2786109154800398,0.6914943864148002,0.22051216238802251
2.0714455516236576,13.031877763680583,9.948477879430376,1.531326630963953,1.2493109154800397,0.7473443864148002,0.2342451623880225
1.9960755516236577,13.107257763680582,10.019977879430376,1.491726630963953,1.2960109154800397,0.7885343864148002,0.2269211623880225
1.9246655516236577,13.031877763680583,9.948477879430376,1.4560266309639545,1.3198109154800397,0.7189543864148,0.1939621623880225
1.9246655516236577,12.992207763680582,9.948477879430376,1.3409266309639545,1.3134009154800395,0.7537443864148001,0.21410316238802252
1.8889555516236576,13.031877763680583,9.908877879430376,1.154426630963954,1.2493109154800397,0.7958643864148001,0.2269211623880225
1.9603655516236578,12.956497763680582,9.766077879430377,0.8886266309639534,1.1843109154800397,0.7610743864148002,0.1802291623880225
1.8492855516236577,12.956497763680582,9.801777879430377,0.8886266309639534,1.1550109154800396,0.7473443864148002,0.2406541623880225
1.7421655516236576,13.067587763680582,9.908877879430376,0.8529266309639532,1.1669209154800395,0.7674843864148002,0.1802291623880225
1.7421655516236576,13.067587763680582,9.908877879430376,0.8529266309639532,1.1669209154800395,0.7674843864148002,0.1802291623880225
1.8492855516236577,12.992207763680582,10.019977879430376,1.0037266309639534,1.2017109154800396,0.8022743864148001,0.22051216238802251
1.9603655516236578,12.956497763680582,10.130977879430375,1.1148266309639538,1.2722009154800396,0.8233243864148001,0.2406541623880225
1.9246655516236577,12.916827763680583,10.166677879430376,1.2655266309639543,1.3436109154800397,0.8022743864148001,0.24706216238802248
1.9603655516236578,12.956497763680582,10.130977879430375,1.3409266309639545,1.3079109154800395,0.7885343864148002,0.1939621623880225
1.9603655516236578,12.841447763680582,10.055677879430377,1.3052266309639542,1.3024109154800398,0.7812143864148002,0.2342451623880225
1.9603655516236578,12.841447763680582,10.055677879430377,1.3052266309639542,1.3024109154800398,0.7812143864148002,0.2342451623880225
2.107155551623658,12.805747763680582,10.095277879430377,1.3409266309639545,1.2310009154800396,0.8095943864148001,0.2269211623880225
2.107155551623658,12.881127763680581,10.095277879430377,1.531326630963953,1.2136109154800399,0.7473443864148002,0.20677916238802252
1.9603655516236578,12.956497763680582,10.130977879430375,1.7178266309639536,1.1605109154800397,0.7958643864148001,0.20037016238802247
1.9246655516236577,13.067587763680582,10.130977879430375,1.7575266309639535,1.1376209154800399,0.8645243864148002,0.22051216238802251
1.8889555516236576,13.107257763680582,10.130977879430375,1.8328266309639538,1.1312109154800396,0.8443843864148002,0.2269211623880225
1.9246655516236577,13.142967763680582,10.202477879430376,1.8686266309639539,1.1312109154800396,0.7262843864148001,0.20677916238802252
1.9246655516236577,13.142967763680582,10.202477879430376,1.8686266309639539,1.1312109154800396,0.7262843864148001,0.20677916238802252
1.9246655516236577,13.031877763680583,10.166677879430376,1.8686266309639539,1.1019109154800395,0.6292343864148002,0.1939621623880225
1.9603655516236578,13.031877763680583,10.202477879430376,1.7575266309639535,1.1257209154800396,0.7189543864148,0.1939621623880225
2.035745551623658,13.067587763680582,10.130977879430375,1.7178266309639536,1.1788209154800398,0.8160043864148001,0.1738201623880225
1.9960755516236577,13.067587763680582,10.166677879430376,1.7932266309639537,1.2017109154800396,0.8022743864148001,0.22051216238802251
2.0714455516236576,13.031877763680583,10.242077879430376,1.7932266309639537,1.2136109154800399,0.7537443864148001,0.20677916238802252
2.142865551623658,13.107257763680582,10.384877879430377,1.7932266309639537,1.2548109154800398,0.7885343864148002,0.20037016238802247
2.218235551623658,13.107257763680582,10.531677879430376,1.7932266309639537,1.2136109154800399,0.8581143864148002,0.22051216238802251
2.3293255516236577,13.107257763680582,10.789577879430375,1.6821266309639533,1.1962109154800395,0.8022743864148001,0.21410316238802252
2.3293255516236577,12.992207763680582,10.753877879430377,1.6424266309639535,1.1669209154800395,0.7052243864148002,0.2269211623880225
2.2896555516236576,12.992207763680582,10.789577879430375,1.491726630963953,1.1431109154800398,0.6914943864148002,0.1802291623880225
2.2896555516236576,12.956497763680582,10.860977879430376,1.4560266309639545,1.1788209154800398,0.8095943864148001,0.18663716238802247
2.4007355516236575,13.031877763680583,10.825277879430375,1.4163266309639528,1.2017109154800396,0.9203743864148002,0.22051216238802251
2.4007355516236575,12.956497763680582,10.789577879430375,1.3409266309639545,1.1962109154800395,0.9267843864148002,0.21410316238802252
2.3650255516236576,12.992207763680582,10.718177879430376,1.3409266309639545,1.1843109154800397,0.8855843864148001,0.20677916238802252
2.3650255516236576,13.107257763680582,10.678477879430377,1.3409266309639545,1.1724109154800395,0.8370643864148002,0.2269211623880225
2.3293255516236577,13.107257763680582,10.642777879430376,1.3052266309639542,1.1962109154800395,0.8443843864148002,0.18663716238802247
2.3293255516236577,13.031877763680583,10.753877879430377,1.1901266309639542,1.2136109154800399,0.8297343864148001,0.21410316238802252
2.2539455516236577,13.107257763680582,10.607077879430376,1.1901266309639542,1.2310009154800396,0.8022743864148001,0.22051216238802251
2.182535551623658,13.067587763680582,10.531677879430376,1.229826630963954,1.2255109154800397,0.7885343864148002,0.1664961623880225
2.107155551623658,12.992207763680582,10.349177879430377,1.229826630963954,1.2374109154800395,0.8443843864148002,0.2269211623880225
2.0714455516236576,12.992207763680582,10.384877879430377,1.2655266309639543,1.2786109154800398,0.8507943864148002,0.1939621623880225
2.0714455516236576,12.992207763680582,10.384877879430377,1.2655266309639543,1.2786109154800398,0.8507943864148002,0.1939621623880225
2.0714455516236576,13.107257763680582,10.384877879430377,1.2655266309639543,1.2493109154800397,0.8233243864148001,0.18663716238802247
2.142865551623658,13.218347763680583,10.349177879430377,1.3409266309639545,1.2548109154800398,0.7748043864148002,0.22051216238802251
2.142865551623658,13.142967763680582,10.495977879430376,1.4163266309639528,1.2374109154800395,0.7610743864148002,0.1802291623880225
2.218235551623658,13.142967763680582,10.384877879430377,1.3806266309639543,1.2493109154800397,0.7537443864148001,0.2342451623880225
2.182535551623658,13.067587763680582,10.424577879430377,1.4560266309639545,1.1843109154800397,0.7610743864148002,0.20037016238802247
2.182535551623658,13.031877763680583,10.460277879430375,1.491726630963953,1.1724109154800395,0.8022743864148001,0.1664961623880225
2.2896555516236576,12.992207763680582,10.460277879430375,1.5670266309639533,1.1605109154800397,0.9066443864148002,0.20037016238802247
2.4007355516236575,13.067587763680582,10.460277879430375,1.6424266309639535,1.1962109154800395,0.8507943864148002,0.20677916238802252
2.2896555516236576,13.067587763680582,10.531677879430376,1.5670266309639533,1.1898009154800397,0.7674843864148002,0.22051216238802251
2.2539455516236577,12.992207763680582,10.495977879430376,1.4560266309639545,1.2548109154800398,0.7674843864148002,0.1939621623880225
2.218235551623658,12.956497763680582,10.424577879430377,1.4163266309639528,1.2667109154800396,0.7812143864148002,0.22051216238802251
2.107155551623658,12.916827763680583,10.424577879430377,1.4560266309639545,1.2255109154800397,0.7674843864148002,0.18663716238802247
2.107155551623658,12.956497763680582,10.384877879430377,1.3052266309639542,1.2017109154800396,0.7748043864148002,0.20037016238802247
2.218235551623658,12.992207763680582,10.277777879430376,1.2655266309639543,1.2081109154800398,0.8297343864148001,0.1802291623880225
2.0714455516236576,12.956497763680582,10.277777879430376,1.0791266309639536,1.2429009154800394,0.8645243864148002,0.21410316238802252
2.0714455516236576,12.841447763680582,10.313477879430376,0.9640266309639536,1.3198109154800397,0.8233243864148001,0.20037016238802247
2.035745551623658,12.841447763680582,10.313477879430376,0.8886266309639534,1.3436109154800397,0.7958643864148001,0.16008716238802245
2.0714455516236576,12.766077763680583,10.277777879430376,0.8133266309639531,1.3436109154800397,0.8233243864148001,0.2342451623880225
2.0714455516236576,12.766077763680583,10.277777879430376,0.8133266309639531,1.3436109154800397,0.8233243864148001,0.2342451623880225
2.107155551623658,12.805747763680582,10.313477879430376,0.737926630963953,1.2667109154800396,0.8782643864148001,0.1802291623880225
2.035745551623658,12.730367763680583,10.384877879430377,0.6625266309639528,1.1898009154800397,0.9130543864148002,0.15367916238802248
2.182535551623658,12.805747763680582,10.495977879430376,0.6268266309639543,1.1486109154800395,0.8782643864148001,0.22051216238802251
2.182535551623658,12.916827763680583,10.495977879430376,0.6625266309639528,1.1550109154800396,0.8581143864148002,0.18663716238802247
2.3650255516236576,12.841447763680582,10.678477879430377,0.777526630963953,1.1724109154800395,0.9267843864148002,0.1802291623880225
2.2896555516236576,12.881127763680581,10.678477879430377,0.8529266309639532,1.2429009154800394,0.9615743864148001,0.2342451623880225
2.2896555516236576,12.805747763680582,10.642777879430376,0.8886266309639534,1.2960109154800397,0.8993143864148001,0.1738201623880225
2.3293255516236577,12.730367763680583,10.753877879430377,0.9283266309639533,1.3317109154800395,0.8370643864148002,0.20677916238802252
2.4007355516236575,12.766077763680583,10.789577879430375,1.0037266309639534,1.3198109154800397,0.7958643864148001,0.20037016238802247
2.4761155516236575,12.841447763680582,10.825277879430375,1.0791266309639536,1.2722009154800396,0.8297343864148001,0.18663716238802247
2.4761155516236575,12.881127763680581,10.753877879430377,1.1148266309639538,1.1898009154800397,0.9203743864148002,0.2342451623880225
2.4007355516236575,12.916827763680583,10.718177879430376,1.229826630963954,1.1312109154800396,0.9688943864148001,0.1738201623880225
2.2896555516236576,12.916827763680583,10.642777879430376,1.2655266309639543,1.0964209154800395,0.9753043864148001,0.22051216238802251
2.2896555516236576,12.956497763680582,10.571377879430376,1.4163266309639528,1.0607109154800396,0.9478443864148001,0.2269211623880225
2.2896555516236576,12.881127763680581,10.571377879430376,1.491726630963953,1.0726209154800395,0.8993143864148001,0.1802291623880225
2.2896555516236576,12.916827763680583,10.531677879430376,1.491726630963953,1.1138209154800398,0.8370643864148002,0.20037016238802247
2.2896555516236576,12.956497763680582,10.460277879430375,1.491726630963953,1.1605109154800397,0.7885343864148002,0.24706216238802248
2.2896555516236576,12.956497763680582,10.460277879430375,1.491726630963953,1.1605109154800397,0.7885343864148002,0.24706216238802248
2.182535551623658,12.992207763680582,10.460277879430375,1.491726630963953,1.2081109154800398,0.7885343864148002,0.18663716238802247
2.182535551623658,13.031877763680583,10.384877879430377,1.531326630963953,1.2255109154800397,0.8233243864148001,0.20677916238802252
2.142865551623658,13.031877763680583,10.384877879430377,1.491726630963953,1.2081109154800398,0.8718543864148001,0.20037016238802247
2.182535551623658,12.916827763680583,10.424577879430377,1.6067266309639532,1.1962109154800395,0.8581143864148002,0.1802291623880225
2.3293255516236577,12.881127763680581,10.571377879430376,1.531326630963953,1.1376209154800399,0.7958643864148001,0.1738201623880225
2.3293255516236577,13.031877763680583,10.571377879430376,1.4560266309639545,1.1138209154800398,0.8443843864148002,0.2342451623880225
2.3293255516236577,13.107257763680582,10.607077879430376,1.4560266309639545,1.1193109154800398,0.8645243864148002,0.2269211623880225
2.3650255516236576,13.107257763680582,10.678477879430377,1.4560266309639545,1.1193109154800398,0.8782643864148001,0.18663716238802247
2.4007355516236575,13.067587763680582,10.678477879430377,1.3806266309639543,1.1843109154800397,0.8645243864148002,0.22051216238802251
2.4364355516236578,13.067587763680582,10.607077879430376,1.2655266309639543,1.1605109154800397,0.8645243864148002,0.1664961623880225
2.4364355516236578,13.067587763680582,10.718177879430376,1.154426630963954,1.1962109154800395,0.8718543864148001,0.20677916238802252
2.4761155516236575,13.067587763680582,10.678477879430377,1.154426630963954,1.1843109154800397,0.8645243864148002,0.2269211623880225
2.4761155516236575,13.031877763680583,10.678477879430377,1.0791266309639536,1.1486109154800395,0.8507943864148002,0.1738201623880225
2.3650255516236576,12.992207763680582,10.718177879430376,1.1148266309639538,1.1788209154800398,0.9066443864148002,0.21410316238802252
2.3650255516236576,12.992207763680582,10.678477879430377,1.1148266309639538,1.1962109154800395,0.9414343864148,0.18663716238802247
2.3293255516236577,13.067587763680582,10.642777879430376,1.1148266309639538,1.2017109154800396,0.8782643864148001,0.2269211623880225
2.2896555516236576,12.992207763680582,10.571377879430376,1.0791266309639536,1.2310009154800396,0.8297343864148001,0.2269211623880225
2.218235551623658,12.956497763680582,10.642777879430376,1.0791266309639536,1.2429009154800394,0.8022743864148001,0.1939621623880225
2.2539455516236577,12.916827763680583,10.642777879430376,1.1901266309639542,1.2310009154800396,0.8297343864148001,0.20677916238802252
2.2539455516236577,12.916827763680583,10.607077879430376,1.0791266309639536,1.2493109154800397,0.9478443864148001,0.22051216238802251
2.2539455516236577,12.956497763680582,10.607077879430376,1.0394266309639537,1.2017109154800396,0.8993143864148001,0.20677916238802252
2.218235551623658,13.107257763680582,10.571377879430376,1.0394266309639537,1.1788209154800398,0.8297343864148001,0.1802291623880225
2.2896555516236576,13.067587763680582,10.607077879430376,1.0037266309639534,1.1257209154800396,0.8095943864148001,0.22051216238802251
2.2896555516236576,13.067587763680582,10.678477879430377,1.0037266309639534,1.1376209154800399,0.8718543864148001,0.21410316238802252
2.182535551623658,12.881127763680581,10.753877879430377,1.0791266309639536,1.1669209154800395,0.9066443864148002,0.20037016238802247
2.182535551623658,12.730367763680583,10.753877879430377,1.0791266309639536,1.2081109154800398,0.9478443864148001,0.22051216238802251
2.142865551623658,12.766077763680583,10.900677879430376,1.154426630963954,1.1962109154800395,0.9753043864148001,0.1939621623880225
2.182535551623658,12.805747763680582,10.936377879430376,1.0791266309639536,1.2374109154800395,0.9753043864148001,0.21410316238802252
2.4007355516236575,12.766077763680583,10.936377879430376,1.0037266309639534,1.2310009154800396,0.9066443864148002,0.21410316238802252
2.4007355516236575,12.579607763680581,10.972077879430376,1.0037266309639534,1.2493109154800397,0.8233243864148001,0.1939621623880225
2.4007355516236575,12.504227763680582,11.047477879430376,1.0394266309639537,1.2310009154800396,0.8233243864148001,0.2543871623880225
2.4364355516236578,12.468527763680582,11.047477879430376,0.9640266309639536,1.2255109154800397,0.8993143864148001,0.1802291623880225
2.4364355516236578,12.468527763680582,11.047477879430376,0.9640266309639536,1.2255109154800397,0.8993143864148001,0.1802291623880225
2.3650255516236576,12.504227763680582,11.154577879430375,0.8529266309639532,1.2722009154800396,1.0723543864148002,0.2342451623880225
2.4364355516236578,12.543907763680583,11.154577879430375,0.8886266309639534,1.2429009154800394,1.0238243864148002,0.1738201623880225
2.5475255516236577,12.543907763680583,11.154577879430375,0.8886266309639534,1.2255109154800397,0.9551643864148001,0.20677916238802252
2.4761155516236575,12.504227763680582,11.229977879430376,0.8529266309639532,1.2310009154800396,0.9066443864148002,0.1738201623880225
2.4761155516236575,12.579607763680581,11.118877879430377,0.777526630963953,1.1376209154800399,0.8645243864148002,0.1738201623880225
2.4761155516236575,12.690697763680582,11.007777879430376,0.737926630963953,1.1138209154800398,0.8929043864148001,0.2269211623880225
2.4007355516236575,12.690697763680582,10.972077879430376,0.7022266309639544,1.1019109154800395,0.9551643864148001,0.20037016238802247
2.3650255516236576,12.615317763680583,10.972077879430376,0.7022266309639544,1.1257209154800396,0.9963643864148002,0.20677916238802252
2.4364355516236578,12.543907763680583,10.936377879430376,0.8133266309639531,1.1898009154800397,1.0311543864148,0.2342451623880225
2.4761155516236575,12.504227763680582,10.936377879430376,0.7022266309639544,1.2612209154800396,0.9688943864148001,0.2342451623880225
2.4761155516236575,12.504227763680582,10.936377879430376,0.7022266309639544,1.2612209154800396,0.9688943864148001,0.2342451623880225
2.4761155516236575,12.468527763680582,10.860977879430376,0.737926630963953,1.2905109154800396,0.8855843864148001,0.1939621623880225
2.3650255516236576,12.393147763680583,10.718177879430376,0.7022266309639544,1.2548109154800398,0.8443843864148002,0.2269211623880225
2.4007355516236575,12.428857763680583,10.753877879430377,0.6625266309639528,1.2081109154800398,0.8993143864148001,0.16008716238802245
2.4364355516236578,12.468527763680582,10.789577879430375,0.5514266309639524,1.1605109154800397,0.9890343864148001,0.2406541623880225
2.4364355516236578,12.543907763680583,10.900677879430376,0.5514266309639524,1.0781109154800395,1.0311543864148,0.22051216238802251
2.5118155516236578,12.504227763680582,10.936377879430376,0.5871266309639545,1.0781109154800395,1.0311543864148,0.16008716238802245
2.6229055516236577,12.468527763680582,11.047477879430376,0.5514266309639524,1.0845209154800397,1.0522143864148001,0.24706216238802248
2.6229055516236577,12.504227763680582,11.083177879430377,0.5871266309639545,1.1138209154800398,1.0522143864148001,0.1939621623880225
2.6229055516236577,12.504227763680582,11.047477879430376,0.5117266309639525,1.1019109154800395,1.0311543864148,0.18663716238802247
2.6586055516236575,12.579607763680581,10.972077879430376,0.47602663096395403,1.1843109154800397,0.9341043864148002,0.2543871623880225
2.694315551623658,12.654987763680582,11.007777879430376,0.5117266309639525,1.2081109154800398,0.8993143864148001,0.16008716238802245
2.7300155516236577,12.543907763680583,11.118877879430377,0.47602663096395403,1.2017109154800396,0.9066443864148002,0.21410316238802252
2.8411055516236576,12.615317763680583,11.083177879430377,0.47602663096395403,1.2310009154800396,0.9341043864148002,0.18663716238802247
2.8768055516236575,12.468527763680582,11.118877879430377,0.5514266309639524,1.2310009154800396,0.9890343864148001,0.18663716238802247
2.769695551623658,12.615317763680583,11.047477879430376,0.6268266309639543,1.1724109154800395,1.0522143864148001,0.21410316238802252
2.769695551623658,12.543907763680583,11.154577879430375,0.6625266309639528,1.1843109154800397,1.0375643864148,0.1802291623880225
2.769695551623658,12.428857763680583,11.083177879430377,0.777526630963953,1.1431109154800398,0.9826343864148002,0.1738201623880225
2.6586055516236575,12.428857763680583,11.047477879430376,0.8529266309639532,1.1312109154800396,0.9267843864148002,0.2269211623880225
2.5832255516236575,12.428857763680583,11.154577879430375,0.9283266309639533,1.1550109154800396,0.9130543864148002,0.2269211623880225
2.7300155516236577,12.543907763680583,11.007777879430376,1.0037266309639534,1.1669209154800395,0.8645243864148002,0.20677916238802252
2.769695551623658,12.468527763680582,10.936377879430376,1.0791266309639536,1.1312109154800396,0.9130543864148002,0.20037016238802247
2.6586055516236575,12.353477763680582,10.936377879430376,1.0037266309639534,1.1193109154800398,0.9826343864148002,0.20037016238802247
2.7300155516236577,12.317767763680582,10.972077879430376,1.1148266309639538,1.0845209154800397,0.9753043864148001,0.21410316238802252
2.769695551623658,12.278097763680583,10.900677879430376,1.229826630963954,1.1312109154800396,0.9753043864148001,0.1738201623880225
2.694315551623658,12.167017763680583,10.972077879430376,1.3052266309639542,1.1312109154800396,0.9890343864148001,0.1738201623880225
2.694315551623658,12.167017763680583,10.936377879430376,1.2655266309639543,1.1550109154800396,0.9478443864148001,0.20037016238802247
2.694315551623658,12.202717763680582,10.900677879430376,1.2655266309639543,1.1788209154800398,0.9267843864148002,0.22051216238802251
2.694315551623658,12.127337763680583,10.900677879430376,1.1901266309639542,1.1898009154800397,0.9414343864148,0.18663716238802247
2.694315551623658,12.278097763680583,10.936377879430376,1.1901266309639542,1.2081109154800398,0.9414343864148,0.21410316238802252
2.7300155516236577,12.278097763680583,10.860977879430376,1.1901266309639542,1.2200209154800397,0.9414343864148,0.18663716238802247
2.7300155516236577,12.278097763680583,10.860977879430376,1.0791266309639536,1.1724109154800395,0.9478443864148001,0.20037016238802247
2.8053955516236577,12.242387763680583,10.936377879430376,1.0394266309639537,1.1376209154800399,0.9478443864148001,0.20677916238802252
2.7300155516236577,12.242387763680583,10.972077879430376,1.0394266309639537,1.1074109154800396,0.9478443864148001,0.20037016238802247
2.7300155516236577,12.242387763680583,10.972077879430376,1.0394266309639537,1.1074109154800396,0.9478443864148001,0.20037016238802247
2.8053955516236577,12.242387763680583,10.936377879430376,1.0394266309639537,1.1019109154800395,0.9551643864148001,0.1664961623880225
2.8053955516236577,12.242387763680583,10.936377879430376,1.0394266309639537,1.1019109154800395,0.9551643864148001,0.1664961623880225
2.8768055516236575,12.202717763680582,11.047477879430376,0.9283266309639533,1.1257209154800396,0.9688943864148001,0.15367916238802248
2.8768055516236575,12.278097763680583,11.083177879430377,0.9283266309639533,1.1605109154800397,1.0036843864148002,0.22051216238802251
2.9164855516236576,12.353477763680582,11.154577879430375,0.9640266309639536,1.2136109154800399,0.9963643864148002,0.1939621623880225
2.9164855516236576,12.353477763680582,11.154577879430375,0.9640266309639536,1.2136109154800399,0.9963643864148002,0.1939621623880225
2.8768055516236575,12.317767763680582,11.194277879430375,0.8529266309639532,1.1788209154800398,0.9615743864148001,0.1802291623880225
2.8768055516236575,12.242387763680583,11.083177879430377,0.777526630963953,1.1605109154800397,0.9478443864148001,0.20677916238802252
2.8768055516236575,12.242387763680583,11.194277879430375,0.737926630963953,1.1550109154800396,0.9963643864148002,0.1664961623880225
2.8768055516236575,12.242387763680583,11.194277879430375,0.737926630963953,1.1550109154800396,0.9963643864148002,0.1664961623880225
2.8411055516236576,12.242387763680583,11.229977879430376,0.7022266309639544,1.1724109154800395,1.0375643864148,0.1664961623880225
2.8053955516236577,12.317767763680582,11.194277879430375,0.737926630963953,1.2200209154800397,1.0448843864148,0.18663716238802247
2.8411055516236576,12.278097763680583,11.229977879430376,0.6625266309639528,1.2612209154800396,1.0036843864148002,0.1664961623880225
2.769695551623658,12.278097763680583,11.194277879430375,0.6268266309639543,1.2722009154800396,0.9963643864148002,0.21410316238802252
2.7300155516236577,12.504227763680582,11.194277879430375,0.5871266309639545,1.2136109154800399,1.0036843864148002,0.21410316238802252
2.6586055516236575,12.504227763680582,11.083177879430377,0.47602663096395403,1.1788209154800398,0.9688943864148001,0.1664961623880225
2.6586055516236575,12.504227763680582,11.083177879430377,0.47602663096395403,1.1788209154800398,0.9688943864148001,0.1664961623880225
2.694315551623658,12.468527763680582,11.118877879430377,0.47602663096395403,1.1193109154800398,0.9688943864148001,0.1664961623880225
2.7300155516236577,12.504227763680582,11.083177879430377,0.5514266309639524,1.1257209154800396,1.0311543864148,0.21410316238802252
2.7300155516236577,12.504227763680582,11.047477879430376,0.5514266309639524,1.1898009154800397,1.0659443864148002,0.1939621623880225
2.694315551623658,12.504227763680582,11.007777879430376,0.5117266309639525,1.2255109154800397,1.0174243864148,0.16008716238802245
2.6229055516236577,12.543907763680583,11.007777879430376,0.5514266309639524,1.2722009154800396,0.9414343864148,0.20677916238802252
2.694315551623658,12.690697763680582,11.083177879430377,0.5514266309639524,1.2255109154800397,0.8993143864148001,0.1939621623880225
2.769695551623658,12.730367763680583,10.972077879430376,0.5514266309639524,1.2017109154800396,0.9414343864148,0.20677916238802252
2.7300155516236577,12.579607763680581,10.900677879430376,0.5871266309639545,1.1550109154800396,0.9615743864148001,0.18663716238802247
2.694315551623658,12.615317763680583,10.900677879430376,0.6625266309639528,1.1193109154800398,0.9478443864148001,0.1802291623880225
2.6586055516236575,12.504227763680582,10.972077879430376,0.6625266309639528,1.0845209154800397,0.9615743864148001,0.1939621623880225
2.694315551623658,12.353477763680582,10.972077879430376,0.7022266309639544,1.0726209154800395,1.0448843864148,0.1939621623880225
2.7300155516236577,12.317767763680582,10.825277879430375,0.737926630963953,1.0607109154800396,1.0723543864148002,0.15367916238802248
2.769695551623658,12.167017763680583,10.825277879430375,0.737926630963953,1.1074109154800396,1.0311543864148,0.20037016238802247
2.769695551623658,12.167017763680583,10.972077879430376,0.737926630963953,1.0900109154800397,0.9478443864148001,0.16008716238802245
2.8053955516236577,12.202717763680582,10.972077879430376,0.777526630963953,1.1669209154800395,0.9267843864148002,0.1939621623880225
2.9521855516236575,12.278097763680583,10.900677879430376,0.737926630963953,1.2081109154800398,0.9688943864148001,0.1802291623880225
2.9521855516236575,12.167017763680583,10.860977879430376,0.737926630963953,1.2255109154800397,0.9890343864148001,0.1802291623880225
2.8411055516236576,12.242387763680583,10.972077879430376,0.6625266309639528,1.1898009154800397,0.9963643864148002,0.20677916238802252
2.987895551623658,12.317767763680582,10.972077879430376,0.7022266309639544,1.1019109154800395,0.9963643864148002,0.20037016238802247
2.9521855516236575,12.167017763680583,11.007777879430376,0.7022266309639544,1.0845209154800397,1.0448843864148,0.1738201623880225
2.987895551623658,12.242387763680583,11.047477879430376,0.7022266309639544,1.1019109154800395,1.0036843864148002,0.16008716238802245
2.9521855516236575,12.167017763680583,11.083177879430377,0.7022266309639544,1.1312109154800396,0.9753043864148001,0.20037016238802247
2.8053955516236577,12.278097763680583,11.083177879430377,0.7022266309639544,1.1843109154800397,0.9963643864148002,0.16008716238802245
2.8411055516236576,12.202717763680582,11.007777879430376,0.6625266309639528,1.1898009154800397,1.0238243864148002,0.20037016238802247
2.9521855516236575,12.091637763680582,11.047477879430376,0.6625266309639528,1.1843109154800397,1.0174243864148,0.20677916238802252
2.987895551623658,12.051957763680582,11.047477879430376,0.5871266309639545,1.1257209154800396,0.9753043864148001,0.14635416238802246
2.769695551623658,11.976587763680582,11.083177879430377,0.6625266309639528,1.1074109154800396,0.9615743864148001,0.20677916238802252
2.7300155516236577,11.976587763680582,11.083177879430377,0.737926630963953,1.0900109154800397,1.0100943864148002,0.14635416238802246
2.7300155516236577,12.016257763680581,11.083177879430377,0.6268266309639543,1.1193109154800398,1.0796743864148002,0.1738201623880225
2.7300155516236577,12.091637763680582,11.083177879430377,0.7022266309639544,1.1376209154800399,1.0586143864148,0.1939621623880225
2.769695551623658,12.051957763680582,11.118877879430377,0.5871266309639545,1.1788209154800398,0.9890343864148001,0.14635416238802246
2.769695551623658,12.051957763680582,11.154577879430375,0.5871266309639545,1.1843109154800397,0.9203743864148002,0.1939621623880225
2.6586055516236575,11.976587763680582,11.154577879430375,0.5871266309639545,1.1962109154800395,0.9267843864148002,0.1939621623880225
2.769695551623658,11.976587763680582,11.118877879430377,0.5514266309639524,1.1605109154800397,0.9478443864148001,0.16008716238802245
2.8053955516236577,12.127337763680583,11.047477879430376,0.5871266309639545,1.1898009154800397,0.9615743864148001,0.18663716238802247
2.8411055516236576,12.051957763680582,11.154577879430375,0.47602663096395403,1.1788209154800398,0.9890343864148001,0.1399461623880225
2.8768055516236575,12.091637763680582,11.118877879430377,0.5117266309639525,1.1898009154800397,1.0174243864148,0.16008716238802245
2.769695551623658,12.016257763680581,11.118877879430377,0.5514266309639524,1.1312109154800396,1.0238243864148002,0.18663716238802247
2.7300155516236577,12.091637763680582,11.154577879430375,0.5117266309639525,1.0552209154800396,0.9963643864148002,0.1262131623880225
2.7300155516236577,11.940877763680582,11.154577879430375,0.5514266309639524,1.0314209154800396,0.9414343864148,0.20037016238802247
2.769695551623658,11.901207763680581,11.118877879430377,0.5871266309639545,1.0552209154800396,0.9341043864148002,0.1738201623880225
2.8053955516236577,11.940877763680582,11.194277879430375,0.5871266309639545,1.0662109154800397,0.9341043864148002,0.1664961623880225
2.8053955516236577,11.901207763680581,11.154577879430375,0.6268266309639543,1.1257209154800396,0.9341043864148002,0.1939621623880225
2.769695551623658,11.825827763680582,11.118877879430377,0.6268266309639543,1.1550109154800396,0.9615743864148001,0.1335371623880225
2.769695551623658,11.790117763680582,11.083177879430377,0.5871266309639545,1.2200209154800397,0.9267843864148002,0.1802291623880225
2.7300155516236577,11.675067763680582,11.047477879430376,0.6268266309639543,1.2255109154800397,0.8993143864148001,0.14635416238802246
2.7300155516236577,11.675067763680582,11.047477879430376,0.6268266309639543,1.2255109154800397,0.8993143864148001,0.14635416238802246
2.769695551623658,11.825827763680582,10.972077879430376,0.5514266309639524,1.2374109154800395,0.8581143864148002,0.1399461623880225
2.8053955516236577,11.750447763680583,11.047477879430376,0.47602663096395403,1.2081109154800398,0.8782643864148001,0.1664961623880225
2.8053955516236577,11.714737763680581,11.047477879430376,0.47602663096395403,1.1550109154800396,0.8855843864148001,0.11980416238802248
2.8768055516236575,11.750447763680583,11.083177879430377,0.4007266309639519,1.1312109154800396,0.9066443864148002,0.1335371623880225
2.9164855516236576,11.714737763680581,11.154577879430375,0.4007266309639519,1.1605109154800397,0.9341043864148002,0.10607116238802249
2.9521855516236575,11.639367763680582,11.194277879430375,0.44032663096395197,1.1605109154800397,0.9551643864148001,0.09966216238802249
2.9521855516236575,11.714737763680581,11.194277879430375,0.4007266309639519,1.1550109154800396,0.9341043864148002,0.1262131623880225
3.0235955516236577,11.675067763680582,11.118877879430377,0.4007266309639519,1.1431109154800398,0.9130543864148002,0.11980416238802248
2.9521855516236575,11.639367763680582,11.118877879430377,0.3650266309639534,1.0845209154800397,0.8993143864148001,0.07952116238802247
3.0235955516236577,11.599687763680581,11.154577879430375,0.4007266309639519,1.0488109154800398,0.8645243864148002,0.08592916238802246
2.987895551623658,11.524307763680582,11.047477879430376,0.44032663096395197,1.0662109154800397,0.8855843864148001,0.059379162388022474
2.9164855516236576,11.524307763680582,11.083177879430377,0.5117266309639525,1.1074109154800396,0.9267843864148002,0.10607116238802249
2.9164855516236576,11.563987763680583,11.118877879430377,0.47602663096395403,1.1376209154800399,0.9753043864148001,0.06578816238802247
2.8768055516236575,11.373557763680582,11.118877879430377,0.5117266309639525,1.1962109154800395,0.9414343864148,0.07311216238802247
2.9164855516236576,11.373557763680582,11.047477879430376,0.5117266309639525,1.2081109154800398,0.8855843864148001,0.09325416238802249
2.9521855516236575,11.488607763680582,11.154577879430375,0.47602663096395403,1.1843109154800397,0.8645243864148002,0.03923816238802248
2.9164855516236576,11.488607763680582,11.118877879430377,0.47602663096395403,1.1669209154800395,0.8507943864148002,0.08592916238802246
2.987895551623658,11.563987763680583,11.083177879430377,0.44032663096395197,1.1138209154800398,0.8443843864148002,0.08592916238802246
2.987895551623658,11.599687763680581,11.047477879430376,0.3650266309639534,1.0900109154800397,0.8718543864148001,0.04564616238802248
2.9164855516236576,11.639367763680582,11.083177879430377,0.4007266309639519,1.0726209154800395,0.9267843864148002,0.08592916238802246
2.987895551623658,11.639367763680582,11.083177879430377,0.32532663096395353,1.0552209154800396,0.9551643864148001,0.03282906238802248
3.0235955516236577,11.714737763680581,11.083177879430377,0.3650266309639534,1.0662109154800397,0.9341043864148002,0.03923816238802248
3.063275551623658,11.790117763680582,11.265677879430376,0.4007266309639519,1.0900109154800397,0.8855843864148001,0.02550486238802248
3.1346855516236576,11.675067763680582,11.265677879430376,0.44032663096395197,1.0845209154800397,0.8718543864148001,0.03923816238802248
3.0235955516236577,11.599687763680581,11.301377879430376,0.47602663096395403,1.1193109154800398,0.8993143864148001,0.02550486238802248
3.063275551623658,11.488607763680582,11.154577879430375,0.44032663096395197,1.1257209154800396,0.9341043864148002,0.05297116238802248
3.063275551623658,11.488607763680582,11.154577879430375,0.47602663096395403,1.1138209154800398,0.9267843864148002,0.005363262388022483
2.987895551623658,11.413227763680583,11.154577879430375,0.5117266309639525,1.1138209154800398,0.8929043864148001,0.0010454376119775205
2.987895551623658,11.373557763680582,11.229977879430376,0.5117266309639525,1.0900109154800397,0.8645243864148002,0.012687462388022472
2.9521855516236575,11.373557763680582,11.194277879430375,0.44032663096395197,1.1257209154800396,0.8993143864148001,0.021187037611977523
2.987895551623658,11.488607763680582,11.301377879430376,0.5117266309639525,1.1669209154800395,0.9203743864148002,0.019096162388022475
2.9164855516236576,11.413227763680583,11.265677879430376,0.4007266309639519,1.1724109154800395,0.8855843864148001,0.021187037611977523
2.8768055516236575,11.563987763680583,11.265677879430376,0.44032663096395197,1.1724109154800395,0.8645243864148002,0.01477833761197752
2.8768055516236575,11.524307763680582,11.229977879430376,0.289626630963955,1.1486109154800395,0.8645243864148002,0.005363262388022483
2.9164855516236576,11.413227763680583,11.118877879430377,0.24992663096395518,1.1312109154800396,0.8581143864148002,0.06787893761197752
2.9164855516236576,11.488607763680582,11.118877879430377,0.2142266309639531,1.0726209154800395,0.8370643864148002,0.012687462388022472
2.8768055516236575,11.413227763680583,11.083177879430377,0.32532663096395353,1.0607109154800396,0.8443843864148002,0.041328637611977526
2.9521855516236575,11.337847763680582,11.118877879430377,0.32532663096395353,1.0552209154800396,0.8782643864148001,0.05414603761197752
2.8411055516236576,11.337847763680582,11.118877879430377,0.24992663096395518,1.1257209154800396,0.9267843864148002,0.021187037611977523
2.769695551623658,11.337847763680582,11.194277879430375,0.4007266309639519,1.1605109154800397,0.8993143864148001,0.041328637611977526
2.8053955516236577,11.298177763680583,11.194277879430375,0.32532663096395353,1.1486109154800395,0.7610743864148002,0.06787893761197752
2.8053955516236577,11.298177763680583,11.194277879430375,0.32532663096395353,1.1486109154800395,0.7610743864148002,0.06787893761197752
2.8411055516236576,11.262467763680583,11.154577879430375,0.289626630963955,1.1550109154800396,0.7400143864148001,0.06787893761197752
2.7300155516236577,11.262467763680583,11.083177879430377,0.289626630963955,1.1486109154800395,0.8095943864148001,0.06147023761197752
2.769695551623658,11.262467763680583,10.860977879430376,0.32532663096395353,1.1724109154800395,0.8855843864148001,0.06147023761197752
2.6586055516236575,11.262467763680583,10.936377879430376,0.24992663096395518,1.1724109154800395,0.9066443864148002,0.06787893761197752
2.694315551623658,11.147417763680583,10.900677879430376,0.24992663096395518,1.1843109154800397,0.8855843864148001,0.08802053761197752
2.694315551623658,11.147417763680583,10.936377879430376,0.24992663096395518,1.1843109154800397,0.8370643864148002,0.11457083761197752
2.769695551623658,11.036337763680582,10.900677879430376,0.289626630963955,1.1193109154800398,0.7885343864148002,0.08161183761197752
2.769695551623658,11.036337763680582,10.900677879430376,0.289626630963955,1.1193109154800398,0.7885343864148002,0.08161183761197752
2.7300155516236577,11.076007763680582,10.936377879430376,0.32532663096395353,1.0607109154800396,0.7610743864148002,0.09442923761197752
2.694315551623658,11.076007763680582,10.936377879430376,0.289626630963955,1.0552209154800396,0.7812143864148002,0.12830373761197753
2.694315551623658,11.147417763680583,10.936377879430376,0.3650266309639534,1.0662109154800397,0.8160043864148001,0.06787893761197752
2.6586055516236575,11.076007763680582,10.860977879430376,0.3650266309639534,1.1193109154800398,0.8507943864148002,0.12830373761197753
2.694315551623658,11.076007763680582,10.860977879430376,0.3650266309639534,1.1312109154800396,0.8370643864148002,0.10816213761197752
2.6586055516236575,10.960957763680582,10.860977879430376,0.3650266309639534,1.1312109154800396,0.7958643864148001,0.10816213761197752
2.694315551623658,10.810197763680582,10.789577879430375,0.289626630963955,1.1843109154800397,0.7885343864148002,0.13471243761197751
2.769695551623658,10.734827763680583,10.718177879430376,0.17452663096395327,1.1843109154800397,0.7885343864148002,0.1685868376119775
2.7300155516236577,10.885577763680583,10.718177879430376,0.13882663096395476,1.1962109154800395,0.7958643864148001,0.13471243761197751
2.6229055516236577,10.960957763680582,10.789577879430375,0.13882663096395476,1.1550109154800396,0.7885343864148002,0.12189503761197752
2.6586055516236575,10.925247763680582,10.753877879430377,0.13882663096395476,1.1550109154800396,0.7537443864148001,0.1685868376119775
2.7300155516236577,10.810197763680582,10.678477879430377,0.09912663096395491,1.1550109154800396,0.7473443864148002,0.16217823761197753
2.694315551623658,10.849877763680583,10.825277879430375,0.06342663096395285,1.1669209154800395,0.7336043864148001,0.12189503761197752
2.5475255516236577,10.849877763680583,10.753877879430377,0.13882663096395476,1.1486109154800395,0.7473443864148002,0.20886983761197753
2.5832255516236575,10.810197763680582,10.718177879430376,0.09912663096395491,1.1486109154800395,0.7748043864148002,0.14844533761197753
2.6586055516236575,10.774497763680582,10.607077879430376,0.13882663096395476,1.0964209154800395,0.8370643864148002,0.16217823761197753
2.6586055516236575,10.734827763680583,10.571377879430376,0.011873369036045744,1.0900109154800397,0.8370643864148002,0.1823198376119775
2.5475255516236577,10.699117763680583,10.571377879430376,0.023826630963952766,1.0607109154800396,0.8160043864148001,0.16217823761197753
2.5118155516236578,10.584067763680583,10.571377879430376,0.011873369036045744,1.0781109154800395,0.7748043864148002,0.21527883761197752
2.4761155516236575,10.623737763680582,10.607077879430376,0.08727336903604765,1.1257209154800396,0.7674843864148002,0.1749958376119775
2.5475255516236577,10.659447763680582,10.642777879430376,0.1269733690360475,1.1669209154800395,0.7812143864148002,0.1887288376119775
2.5475255516236577,10.508687763680582,10.531677879430376,0.20237336903604586,1.1843109154800397,0.7537443864148001,0.20886983761197753
2.4364355516236578,10.699117763680583,10.571377879430376,0.23807336903604792,1.2017109154800396,0.7262843864148001,0.2024618376119775
2.4007355516236575,10.734827763680583,10.384877879430377,0.277673369036048,1.1193109154800398,0.8297343864148001,0.20886983761197753
2.5475255516236577,10.960957763680582,10.384877879430377,0.4284733690360447,1.1138209154800398,0.8507943864148002,0.1823198376119775
2.4761155516236575,10.960957763680582,10.384877879430377,0.38877336903604487,1.0845209154800397,0.8022743864148001,0.22260283761197752
2.5118155516236578,10.734827763680583,10.424577879430377,0.38877336903604487,1.0845209154800397,0.7473443864148002,0.23542083761197752
2.5475255516236577,10.623737763680582,10.384877879430377,0.4641733690360468,1.1074109154800396,0.7473443864148002,0.2024618376119775
2.5118155516236578,10.472977763680582,10.424577879430377,0.4284733690360447,1.0964209154800395,0.7610743864148002,0.2491538376119775
2.6586055516236575,10.357927763680582,10.384877879430377,0.4284733690360447,1.1019109154800395,0.8022743864148001,0.24274483761197752
2.5832255516236575,10.472977763680582,10.424577879430377,0.4284733690360447,1.1257209154800396,0.7958643864148001,0.23542083761197752
2.6229055516236577,10.508687763680582,10.460277879430375,0.5038733690360466,1.1074109154800396,0.8095943864148001,0.26288583761197754
2.694315551623658,10.472977763680582,10.384877879430377,0.4284733690360447,1.1431109154800398,0.8507943864148002,0.2491538376119775
2.694315551623658,10.472977763680582,10.384877879430377,0.4284733690360447,1.1431109154800398,0.8507943864148002,0.2491538376119775
2.7300155516236577,10.433307763680583,10.460277879430375,0.5038733690360466,1.1605109154800397,0.8581143864148002,0.28302783761197753
2.6586055516236575,10.433307763680583,10.424577879430377,0.5395733690360451,1.1843109154800397,0.7885343864148002,0.24274483761197752
2.694315551623658,10.282547763680583,10.495977879430376,0.579273369036045,1.1724109154800395,0.7189543864148,0.25556183761197754
2.6229055516236577,10.207177763680582,10.571377879430376,0.614973369036047,1.1669209154800395,0.7125543864148001,0.2894368376119775
2.6586055516236575,10.246847763680583,10.495977879430376,0.6545733690360471,1.1376209154800399,0.7812143864148002,0.26288583761197754
2.769695551623658,10.282547763680583,10.460277879430375,0.579273369036045,1.1312109154800396,0.8581143864148002,0.3031698376119775
2.769695551623658,10.472977763680582,10.424577879430377,0.579273369036045,1.1486109154800395,0.8645243864148002,0.25556183761197754
2.9164855516236576,10.357927763680582,10.531677879430376,0.579273369036045,1.1550109154800396,0.8718543864148001,0.30957783761197755
2.9164855516236576,10.433307763680583,10.531677879430376,0.579273369036045,1.1898009154800397,0.8297343864148001,0.26929483761197753
2.987895551623658,10.397607763680583,10.571377879430376,0.6545733690360471,1.1898009154800397,0.7473443864148002,0.28302783761197753
2.9164855516236576,10.357927763680582,10.607077879430376,0.579273369036045,1.1788209154800398,0.7052243864148002,0.3031698376119775
2.9521855516236575,10.246847763680583,10.607077879430376,0.6545733690360471,1.1193109154800398,0.7400143864148001,0.26288583761197754
2.987895551623658,10.207177763680582,10.571377879430376,0.614973369036047,1.0662109154800397,0.8297343864148001,0.3031698376119775
2.9521855516236575,10.131795763680582,10.607077879430376,0.6545733690360471,1.0726209154800395,0.8993143864148001,0.28302783761197753
2.9521855516236575,10.131795763680582,10.607077879430376,0.6545733690360471,1.0726209154800395,0.8993143864148001,0.28302783761197753
2.9521855516236575,10.246847763680583,10.571377879430376,0.6545733690360471,1.0781109154800395,0.9130543864148002,0.27570383761197753
3.0235955516236577,10.207177763680582,10.642777879430376,0.614973369036047,1.0900109154800397,0.9130543864148002,0.30957783761197755
3.063275551623658,10.207177763680582,10.642777879430376,0.6545733690360471,1.1376209154800399,0.8581143864148002,0.30957783761197755
2.987895551623658,10.096089763680583,10.607077879430376,0.6545733690360471,1.1898009154800397,0.7812143864148002,0.3361288376119775
2.9164855516236576,10.131795763680582,10.531677879430376,0.7299733690360455,1.2374109154800395,0.7125543864148001,0.34345283761197754
2.987895551623658,9.945332763680582,10.571377879430376,0.7656733690360475,1.2493109154800397,0.7125543864148001,0.2958448376119775
2.769695551623658,9.905660763680583,10.495977879430376,0.8053733690360474,1.1898009154800397,0.7674843864148002,0.3159868376119775
2.8053955516236577,9.905660763680583,10.460277879430375,0.8053733690360474,1.1431109154800398,0.8581143864148002,0.3361288376119775
2.769695551623658,9.905660763680583,10.531677879430376,0.8807733690360458,1.1312109154800396,0.9130543864148002,0.26929483761197753
2.7300155516236577,9.945332763680582,10.424577879430377,0.8410733690360459,1.0964209154800395,0.9066443864148002,0.34986183761197753
2.6586055516236575,10.056416763680582,10.495977879430376,0.8410733690360459,1.0607109154800396,0.7885343864148002,0.30957783761197755
2.5832255516236575,10.096089763680583,10.495977879430376,0.9521733690360463,1.0607109154800396,0.7748043864148002,0.3297198376119775
2.5832255516236575,10.096089763680583,10.495977879430376,0.9521733690360463,1.0607109154800396,0.7748043864148002,0.3297198376119775
2.5475255516236577,10.056416763680582,10.495977879430376,0.9521733690360463,1.0900109154800397,0.8160043864148001,0.2894368376119775
2.5118155516236578,10.056416763680582,10.460277879430375,0.9521733690360463,1.1312109154800396,0.8443843864148002,0.3233108376119775
2.5118155516236578,9.945332763680582,10.424577879430377,0.9164733690360478,1.1605109154800397,0.8370643864148002,0.3159868376119775
2.5475255516236577,9.869954763680582,10.313477879430376,0.9521733690360463,1.1550109154800396,0.8443843864148002,0.2894368376119775
2.5832255516236575,9.830281763680583,10.384877879430377,1.0275733690360447,1.1724109154800395,0.8370643864148002,0.3361288376119775
2.5475255516236577,9.794576763680583,10.384877879430377,0.9521733690360463,1.1724109154800395,0.8022743864148001,0.2894368376119775
2.4364355516236578,9.794576763680583,10.424577879430377,0.9918733690360462,1.2255109154800397,0.7812143864148002,0.34986183761197753
2.4761155516236575,9.905660763680583,10.460277879430375,1.0275733690360447,1.2255109154800397,0.7885343864148002,0.3159868376119775
2.3650255516236576,9.794576763680583,10.460277879430375,0.9918733690360462,1.1788209154800398,0.7748043864148002,0.28302783761197753
2.4007355516236575,9.719197763680583,10.460277879430375,1.0275733690360447,1.1074109154800396,0.7262843864148001,0.34345283761197754
2.4007355516236575,9.679524763680583,10.460277879430375,1.0275733690360447,1.1486109154800395,0.7189543864148,0.2958448376119775
2.4007355516236575,10.020711763680582,10.424577879430377,1.0275733690360447,1.1669209154800395,0.8160043864148001,0.34345283761197754
2.4761155516236575,10.096089763680583,10.424577879430377,0.9918733690360462,1.1669209154800395,0.8581143864148002,0.2958448376119775
2.4007355516236575,9.905660763680583,10.384877879430377,0.9918733690360462,1.1605109154800397,0.8233243864148001,0.3562698376119775
2.4761155516236575,9.679524763680583,10.495977879430376,0.9918733690360462,1.1431109154800398,0.7812143864148002,0.3361288376119775
2.4364355516236578,9.568440763680583,10.531677879430376,1.0671733690360448,1.1074109154800396,0.7748043864148002,0.27570383761197753
2.5118155516236578,9.381978763680582,10.460277879430375,1.0671733690360448,1.0781109154800395,0.7958643864148001,0.34986183761197753
2.5118155516236578,9.381978763680582,10.495977879430376,1.1425733690360467,1.0433209154800398,0.8507943864148002,0.28302783761197753
2.4364355516236578,9.532735763680583,10.531677879430376,1.0671733690360448,1.0781109154800395,0.9341043864148002,0.27570383761197753
2.3650255516236576,9.457356763680583,10.571377879430376,1.0671733690360448,1.0900109154800397,0.9414343864148,0.3562698376119775
2.4761155516236575,9.457356763680583,10.495977879430376,1.1028733690360468,1.1138209154800398,0.8782643864148001,0.30957783761197755
2.4761155516236575,9.457356763680583,10.607077879430376,1.1425733690360467,1.1486109154800395,0.7812143864148002,0.3159868376119775
2.5118155516236578,9.191548963680582,10.531677879430376,1.1425733690360467,1.1898009154800397,0.6850843864148002,0.3297198376119775
2.3650255516236576,9.116170563680582,10.495977879430376,1.1782733690360452,1.1788209154800398,0.7336043864148001,0.30957783761197755
2.3650255516236576,9.155843463680583,10.531677879430376,1.217973369036045,1.1605109154800397,0.8645243864148002,0.34345283761197754
2.4007355516236575,9.080464963680582,10.531677879430376,1.1782733690360452,1.1431109154800398,0.9551643864148001,0.2894368376119775
2.3650255516236576,9.266927363680582,10.495977879430376,1.3290733690360454,1.1312109154800396,0.9130543864148002,0.30957783761197755
2.5118155516236578,9.306599763680582,10.531677879430376,1.4044733690360474,1.1193109154800398,0.8782643864148001,0.3297198376119775
2.4761155516236575,9.342305763680582,10.642777879430376,1.4044733690360474,1.0726209154800395,0.8233243864148001,0.2894368376119775
2.6586055516236575,9.266927363680582,10.607077879430376,1.479773369036046,1.0433209154800398,0.8233243864148001,0.3635938376119775
2.5475255516236577,9.231221863680583,10.678477879430377,1.3687733690360453,1.0726209154800395,0.8297343864148001,0.3361288376119775
2.5832255516236575,9.116170563680582,10.718177879430376,1.4440733690360474,1.0845209154800397,0.8443843864148002,0.30957783761197755
2.5832255516236575,9.040791763680582,10.678477879430377,1.4440733690360474,1.1257209154800396,0.9551643864148001,0.3031698376119775
2.6586055516236575,9.040791763680582,10.678477879430377,1.4440733690360474,1.1074109154800396,0.9267843864148002,0.3233108376119775
2.6586055516236575,9.040791763680582,10.678477879430377,1.4440733690360474,1.1074109154800396,0.9267843864148002,0.3233108376119775
2.6586055516236575,9.040791763680582,10.678477879430377,1.4440733690360474,1.1074109154800396,0.9267843864148002,0.3233108376119775
2.6586055516236575,9.040791763680582,10.678477879430377,1.4440733690360474,1.1074109154800396,0.9267843864148002,0.3233108376119775
2.8053955516236577,8.965413763680582,10.678477879430377,1.4044733690360474,1.1257209154800396,0.8507943864148002,0.3297198376119775
2.8411055516236576,8.477437763680582,10.789577879430375,1.479773369036046,1.1669209154800395,0.9414343864148,0.34986183761197753
2.8053955516236577,8.588521763680582,10.860977879430376,1.479773369036046,1.1376209154800399,0.9203743864148002,0.3297198376119775
2.8411055516236576,8.552815763680583,10.860977879430376,1.3687733690360453,1.1138209154800398,0.8855843864148001,0.3297198376119775
2.9521855516236575,8.513142763680582,10.860977879430376,1.4440733690360474,1.1074109154800396,0.8782643864148001,0.3562698376119775
3.0235955516236577,8.552815763680583,10.900677879430376,1.479773369036046,1.1257209154800396,0.8645243864148002,0.3297198376119775
2.987895551623658,8.513142763680582,10.972077879430376,1.479773369036046,1.1605109154800397,0.9130543864148002,0.3297198376119775
2.8411055516236576,8.513142763680582,10.972077879430376,1.4440733690360474,1.2017109154800396,0.9414343864148,0.3159868376119775
2.8768055516236575,8.552815763680583,10.900677879430376,1.5551733690360479,1.1669209154800395,0.8993143864148001,0.3764118376119775
2.9164855516236576,8.588521763680582,10.936377879430376,1.5194733690360458,1.1193109154800398,0.8929043864148001,0.3031698376119775
2.9521855516236575,8.513142763680582,10.860977879430376,1.5551733690360479,1.0433209154800398,0.8855843864148001,0.34986183761197753
2.8411055516236576,8.513142763680582,10.936377879430376,1.5194733690360458,1.0195209154800398,0.8782643864148001,0.3764118376119775
2.8411055516236576,8.513142763680582,10.936377879430376,1.5194733690360458,1.0195209154800398,0.8782643864148001,0.3764118376119775
2.9164855516236576,8.588521763680582,10.900677879430376,1.4440733690360474,1.0369109154800396,0.8782643864148001,0.30957783761197755
2.8053955516236577,8.588521763680582,10.900677879430376,1.253673369036047,1.0662109154800397,0.9130543864148002,0.3764118376119775
2.694315551623658,8.588521763680582,10.825277879430375,1.1782733690360452,1.1193109154800398,0.9203743864148002,0.3233108376119775
2.6586055516236575,8.663899763680583,10.753877879430377,1.1425733690360467,1.1431109154800398,0.8993143864148001,0.3031698376119775
2.5475255516236577,8.739278763680582,10.753877879430377,1.0671733690360448,1.1486109154800395,0.8581143864148002,0.3828208376119775
2.5832255516236575,8.929707763680582,10.753877879430377,1.1425733690360467,1.1376209154800399,0.8022743864148001,0.3233108376119775
2.5475255516236577,9.040791763680582,10.642777879430376,1.0671733690360448,1.1193109154800398,0.7812143864148002,0.3764118376119775
2.4761155516236575,8.778951763680583,10.607077879430376,0.9521733690360463,1.0726209154800395,0.8993143864148001,0.3233108376119775
2.3650255516236576,8.663899763680583,10.607077879430376,0.9521733690360463,1.0900109154800397,0.8855843864148001,0.34345283761197754
2.4364355516236578,8.552815763680583,10.571377879430376,0.8410733690360459,1.0900109154800397,0.8443843864148002,0.3297198376119775
2.4364355516236578,8.663899763680583,10.531677879430376,0.9164733690360478,1.0845209154800397,0.8581143864148002,0.3159868376119775
2.4761155516236575,8.628194763680582,10.571377879430376,0.9918733690360462,1.0726209154800395,0.8581143864148002,0.34986183761197753
2.5118155516236578,8.628194763680582,10.495977879430376,0.9521733690360463,1.0195209154800398,0.8297343864148001,0.3297198376119775
2.3293255516236577,8.513142763680582,10.531677879430376,1.0275733690360447,1.0662109154800397,0.8645243864148002,0.3361288376119775
2.4007355516236575,8.402059763680583,10.460277879430375,1.0671733690360448,1.1074109154800396,0.9341043864148002,0.3297198376119775
2.4007355516236575,8.326680763680582,10.495977879430376,1.1782733690360452,1.1605109154800397,0.9341043864148002,0.3700028376119775
2.2896555516236576,8.287007763680583,10.460277879430375,1.217973369036045,1.1724109154800395,0.8581143864148002,0.3297198376119775
2.3650255516236576,8.477437763680582,10.460277879430375,1.293373369036047,1.1312109154800396,0.8233243864148001,0.3297198376119775
2.4761155516236575,8.513142763680582,10.495977879430376,1.3290733690360454,1.1074109154800396,0.8855843864148001,0.3635938376119775
2.4761155516236575,8.552815763680583,10.424577879430377,1.4044733690360474,1.1138209154800398,0.8929043864148001,0.3297198376119775
2.4364355516236578,8.628194763680582,10.313477879430376,1.3687733690360453,1.1138209154800398,0.8370643864148002,0.3233108376119775
2.3293255516236577,8.552815763680583,10.313477879430376,1.3290733690360454,1.1605109154800397,0.7748043864148002,0.3764118376119775
2.3293255516236577,8.477437763680582,10.384877879430377,1.3290733690360454,1.1605109154800397,0.8297343864148001,0.3031698376119775
2.3650255516236576,8.513142763680582,10.313477879430376,1.293373369036047,1.1431109154800398,0.8718543864148001,0.3764118376119775
2.4761155516236575,8.477437763680582,10.277777879430376,1.1782733690360452,1.1193109154800398,0.8507943864148002,0.3297198376119775
2.4007355516236575,8.402059763680583,10.277777879430376,1.217973369036045,1.1550109154800396,0.7674843864148002,0.3233108376119775
2.4761155516236575,8.326680763680582,10.242077879430376,1.217973369036045,1.1669209154800395,0.8022743864148001,0.3700028376119775
2.5832255516236575,8.211629763680582,10.242077879430376,1.253673369036047,1.1898009154800397,0.9066443864148002,0.3159868376119775
2.6586055516236575,8.140217763680582,10.277777879430376,1.253673369036047,1.1788209154800398,0.9414343864148,0.3159868376119775
2.694315551623658,7.9497877636805825,10.277777879430376,1.3687733690360453,1.1788209154800398,0.9066443864148002,0.3764118376119775
2.8053955516236577,8.025167763680582,10.313477879430376,1.3687733690360453,1.1431109154800398,0.8855843864148001,0.3159868376119775
2.769695551623658,7.914087763680582,10.349177879430377,1.479773369036046,1.0726209154800395,0.9130543864148002,0.3700028376119775
2.8053955516236577,7.914087763680582,10.242077879430376,1.5948733690360477,1.0662109154800397,0.9478443864148001,0.3635938376119775
2.8411055516236576,7.8744077636805825,10.313477879430376,1.7059733690360481,1.0662109154800397,0.8855843864148001,0.30957783761197755
2.8411055516236576,7.838707763680582,10.424577879430377,1.6305733690360462,1.0845209154800397,0.8855843864148001,0.3764118376119775
2.8768055516236575,7.7990277636805825,10.424577879430377,1.670273369036046,1.1138209154800398,0.9615743864148001,0.3361288376119775
2.8768055516236575,7.7990277636805825,10.424577879430377,1.670273369036046,1.1138209154800398,0.9615743864148001,0.3361288376119775
2.987895551623658,7.723657763680582,10.495977879430376,1.7059733690360481,1.1724109154800395,1.0100943864148002,0.3233108376119775
2.987895551623658,7.687947763680582,10.424577879430377,1.7813733690360465,1.1898009154800397,1.0100943864148002,0.3562698376119775
2.987895551623658,7.612567763680582,10.460277879430375,1.670273369036046,1.2017109154800396,0.9615743864148001,0.3297198376119775
3.0989755516236577,7.572897763680582,10.349177879430377,1.7059733690360481,1.1193109154800398,0.9753043864148001,0.3297198376119775
3.0989755516236577,7.838707763680582,10.384877879430377,1.670273369036046,1.0726209154800395,0.9688943864148001,0.2958448376119775
3.0235955516236577,7.7990277636805825,10.460277879430375,1.5551733690360479,1.0845209154800397,0.9414343864148,0.3562698376119775
3.0235955516236577,7.914087763680582,10.607077879430376,1.479773369036046,1.1074109154800396,0.9551643864148001,0.3159868376119775
3.063275551623658,8.064837763680583,10.642777879430376,1.4440733690360474,1.1257209154800396,0.9615743864148001,0.30957783761197755
3.063275551623658,8.064837763680583,10.642777879430376,1.4440733690360474,1.1257209154800396,0.9615743864148001,0.30957783761197755
3.0235955516236577,8.402059763680583,10.571377879430376,1.3687733690360453,1.0900109154800397,0.9267843864148002,0.3700028376119775
3.0235955516236577,8.287007763680583,10.460277879430375,1.293373369036047,1.0433209154800398,0.9267843864148002,0.30957783761197755
3.0235955516236577,8.140217763680582,10.424577879430377,1.1782733690360452,0.9664209154800397,0.9066443864148002,0.3635938376119775
2.9164855516236576,8.064837763680583,10.349177879430377,1.1028733690360468,0.9838109154800397,0.8645243864148002,0.3297198376119775
2.8411055516236576,7.989457763680583,10.349177879430377,0.9918733690360462,1.0076109154800394,0.8581143864148002,0.2958448376119775
2.8768055516236575,7.989457763680583,10.313477879430376,0.9164733690360478,1.0552209154800396,0.9267843864148002,0.3361288376119775
2.9164855516236576,7.9497877636805825,10.384877879430377,0.9164733690360478,1.1138209154800398,0.9963643864148002,0.3233108376119775
2.9164855516236576,7.8744077636805825,10.424577879430377,0.8053733690360474,1.1376209154800399,0.8993143864148001,0.2894368376119775
2.8411055516236576,7.914087763680582,10.424577879430377,0.8053733690360474,1.1074109154800396,0.8022743864148001,0.34986183761197753
2.8768055516236575,7.763327763680582,10.424577879430377,0.8807733690360458,1.0662109154800397,0.7748043864148002,0.3159868376119775
2.9164855516236576,7.687947763680582,10.349177879430377,0.9521733690360463,1.0369109154800396,0.8443843864148002,0.34345283761197754
2.769695551623658,7.687947763680582,10.349177879430377,1.0275733690360447,0.9838109154800397,0.8581143864148002,0.3635938376119775
2.6586055516236575,7.687947763680582,10.277777879430376,1.0671733690360448,1.0433209154800398,0.9688943864148001,0.30957783761197755
2.694315551623658,7.723657763680582,10.202477879430376,1.0671733690360448,1.0726209154800395,1.0238243864148002,0.30957783761197755
2.8053955516236577,7.7990277636805825,10.202477879430376,1.1028733690360468,1.0900109154800397,0.9478443864148001,0.2958448376119775
2.7300155516236577,7.763327763680582,10.202477879430376,1.1782733690360452,1.1431109154800398,0.8645243864148002,0.3562698376119775
2.694315551623658,7.687947763680582,10.166677879430376,1.253673369036047,1.1431109154800398,0.8022743864148001,0.2958448376119775
2.6586055516236575,7.723657763680582,10.166677879430376,1.293373369036047,1.1312109154800396,0.8095943864148001,0.3297198376119775
2.6229055516236577,7.687947763680582,10.130977879430375,1.253673369036047,1.1431109154800398,0.8855843864148001,0.34345283761197754
2.5118155516236578,7.612567763680582,10.202477879430376,1.3687733690360453,1.1193109154800398,0.9551643864148001,0.3031698376119775
2.4761155516236575,7.612567763680582,10.166677879430376,1.4044733690360474,1.0845209154800397,0.9615743864148001,0.3297198376119775
2.4007355516236575,7.461807763680582,10.095277879430377,1.4440733690360474,1.0369109154800396,0.9341043864148002,0.3233108376119775
2.4007355516236575,7.311057763680582,9.984277879430376,1.5194733690360458,0.9957109154800395,0.9414343864148,0.30957783761197755
2.4007355516236575,7.045247763680582,10.019977879430376,1.6305733690360462,1.0021209154800395,0.9341043864148002,0.30957783761197755
2.4364355516236578,7.120627763680583,10.019977879430376,1.7059733690360481,1.0781109154800395,0.9066443864148002,0.3159868376119775
2.3650255516236576,7.009537763680582,10.019977879430376,1.7455733690360447,1.1019109154800395,0.9341043864148002,0.34345283761197754
2.4761155516236575,6.969867763680583,10.055677879430377,1.7059733690360481,1.1898009154800397,1.0100943864148002,0.3361288376119775
2.5118155516236578,6.934167763680582,10.095277879430377,1.8209733690360466,1.2017109154800396,1.0036843864148002,0.3233108376119775
2.5475255516236577,6.783407763680582,10.019977879430376,1.856673369036045,1.1843109154800397,0.8929043864148001,0.3031698376119775
2.5118155516236578,6.632647763680582,10.055677879430377,1.856673369036045,1.1193109154800398,0.8718543864148001,0.3233108376119775
2.5475255516236577,6.521567763680583,10.055677879430377,1.8209733690360466,1.0845209154800397,0.9341043864148002,0.3159868376119775
2.5475255516236577,6.406517763680583,9.984277879430376,1.7813733690360465,1.0662109154800397,0.9890343864148001,0.34345283761197754
2.5832255516236575,6.406517763680583,9.948477879430376,1.670273369036046,1.1193109154800398,1.0238243864148002,0.3233108376119775
2.5475255516236577,6.446187763680582,9.908877879430376,1.6305733690360462,1.1550109154800396,1.1007343864148,0.30957783761197755
2.6229055516236577,6.557267763680582,9.948477879430376,1.5948733690360477,1.1376209154800399,1.0659443864148002,0.3700028376119775
2.694315551623658,6.596947763680582,9.948477879430376,1.4440733690360474,1.1257209154800396,0.9341043864148002,0.3233108376119775
2.694315551623658,6.596947763680582,9.948477879430376,1.4440733690360474,1.1257209154800396,0.9341043864148002,0.3233108376119775
2.7300155516236577,6.632647763680582,9.948477879430376,1.4044733690360474,1.1193109154800398,0.8507943864148002,0.3297198376119775
2.694315551623658,6.708027763680582,9.948477879430376,1.217973369036045,1.0662109154800397,0.8645243864148002,0.3635938376119775
2.8053955516236577,6.969867763680583,9.948477879430376,1.0671733690360448,1.0607109154800396,0.8645243864148002,0.34345283761197754
2.769695551623658,7.160297763680582,9.873177879430376,0.9521733690360463,1.0314209154800396,0.9066443864148002,0.3562698376119775
2.769695551623658,7.009537763680582,9.948477879430376,0.9164733690360478,1.0195209154800398,0.9478443864148001,0.3233108376119775
2.7300155516236577,6.819107763680583,9.908877879430376,0.8807733690360458,0.9838109154800397,0.9414343864148,0.34345283761197754
2.7300155516236577,6.783407763680582,9.948477879430376,0.8410733690360459,0.9728209154800397,0.9066443864148002,0.3297198376119775
2.8411055516236576,6.743737763680582,9.873177879430376,0.8807733690360458,1.0140209154800397,0.9414343864148,0.34345283761197754
2.8053955516236577,6.708027763680582,9.984277879430376,0.9164733690360478,1.0781109154800395,0.9551643864148001,0.3159868376119775
2.8411055516236576,6.708027763680582,9.948477879430376,0.9918733690360462,1.1550109154800396,0.8929043864148001,0.3562698376119775
2.8768055516236575,6.596947763680582,9.984277879430376,0.9918733690360462,1.1431109154800398,0.9066443864148002,0.3297198376119775
2.8768055516236575,6.596947763680582,9.984277879430376,0.9918733690360462,1.1431109154800398,0.9066443864148002,0.3297198376119775
2.769695551623658,6.481897763680582,10.095277879430377,0.9918733690360462,1.0726209154800395,0.9066443864148002,0.3764118376119775
2.8053955516236577,6.370807763680583,9.984277879430376,1.0671733690360448,1.0250109154800398,0.9267843864148002,0.3159868376119775
2.9164855516236576,6.370807763680583,9.948477879430376,1.1028733690360468,0.9902209154800395,0.9890343864148001,0.34986183761197753
2.769695551623658,6.446187763680582,9.908877879430376,1.293373369036047,1.0076109154800394,0.9478443864148001,0.34986183761197753
2.769695551623658,6.481897763680582,9.837477879430375,1.5194733690360458,1.0964209154800395,0.8929043864148001,0.3297198376119775
2.694315551623658,6.632647763680582,9.801777879430377,1.6305733690360462,1.1486109154800395,0.8993143864148001,0.3562698376119775
2.7300155516236577,6.668357763680582,9.766077879430377,1.856673369036045,1.2081109154800398,0.9414343864148,0.3635938376119775
2.6586055516236575,6.819107763680583,9.726377879430377,1.9717733690360468,1.2017109154800396,0.9267843864148002,0.3159868376119775
2.6229055516236577,6.858787763680582,9.726377879430377,2.047173369036045,1.2017109154800396,0.9615743864148001,0.3297198376119775
2.4364355516236578,6.596947763680582,9.654977879430376,1.9717733690360468,1.1019109154800395,0.8993143864148001,0.3233108376119775
2.2896555516236576,6.406517763680583,9.508177879430376,1.896373369036045,1.1376209154800399,0.9267843864148002,0.34986183761197753
2.2539455516236577,6.295427763680582,9.432777879430375,1.896373369036045,1.1257209154800396,0.9826343864148002,0.30957783761197755
2.2539455516236577,6.0692977636805825,9.325677879430376,1.7455733690360447,1.1431109154800398,0.8855843864148001,0.34986183761197753
2.142865551623658,5.878867763680582,9.289977879430376,1.6305733690360462,1.1605109154800397,0.8443843864148002,0.3159868376119775
2.182535551623658,5.803487763680582,9.289977879430376,1.4440733690360474,1.1550109154800396,0.8443843864148002,0.3562698376119775
2.2539455516236577,5.9185377636805825,9.214577879430376,1.3687733690360453,1.1019109154800395,0.8855843864148001,0.3361288376119775
2.218235551623658,5.803487763680582,9.103477879430375,1.1028733690360468,1.0433209154800398,0.9414343864148,0.3159868376119775
2.182535551623658,5.7677777636805825,9.103477879430375,1.1028733690360468,1.0021209154800395,0.9267843864148002,0.3361288376119775
2.182535551623658,5.692407763680582,9.032077879430377,1.1425733690360467,1.0076109154800394,0.8645243864148002,0.3361288376119775
2.3293255516236577,5.617027763680582,9.032077879430377,1.1782733690360452,1.0488109154800398,0.9341043864148002,0.3635938376119775
2.5118155516236578,5.728107763680582,8.956677879430377,1.1782733690360452,1.0900109154800397,0.8855843864148001,0.3159868376119775
2.4364355516236578,5.803487763680582,9.032077879430377,1.1782733690360452,1.1019109154800395,0.8645243864148002,0.3233108376119775
2.5118155516236578,5.9185377636805825,9.032077879430377,1.253673369036047,1.1138209154800398,0.8782643864148001,0.34986183761197753
2.4007355516236575,5.9939177636805825,8.996377879430376,1.293373369036047,1.1257209154800396,0.9066443864148002,0.3297198376119775
2.5832255516236575,6.104997763680583,8.885277879430376,1.253673369036047,1.1193109154800398,0.9341043864148002,0.34345283761197754
2.5475255516236577,6.255757763680583,8.920977879430376,1.293373369036047,1.0552209154800396,0.9341043864148002,0.3562698376119775
2.5475255516236577,5.954247763680582,8.956677879430377,1.293373369036047,1.0552209154800396,0.8022743864148001,0.3233108376119775
2.5475255516236577,5.954247763680582,8.956677879430377,1.293373369036047,1.0552209154800396,0.8022743864148001,0.3233108376119775
2.5475255516236577,5.541647763680582,8.956677879430377,1.293373369036047,1.0726209154800395,0.9341043864148002,0.30957783761197755
2.6586055516236575,5.501977763680582,8.920977879430376,1.3290733690360454,1.0964209154800395,1.0723543864148002,0.3297198376119775
2.6229055516236577,5.351217763680582,8.956677879430377,1.4044733690360474,1.0964209154800395,1.0723543864148002,0.3764118376119775
2.6229055516236577,5.275837763680583,8.996377879430376,1.479773369036046,1.0964209154800395,0.9615743864148001,0.3562698376119775
2.694315551623658,5.129047763680583,9.032077879430377,1.5551733690360479,1.0662109154800397,0.8782643864148001,0.3635938376119775
2.8053955516236577,4.978287763680583,9.067777879430375,1.7059733690360481,1.0369109154800396,0.9267843864148002,0.34345283761197754
2.8053955516236577,5.053667763680583,9.143177879430375,1.7059733690360481,1.0369109154800396,0.9826343864148002,0.30957783761197755
2.6586055516236575,4.978287763680583,9.143177879430375,1.7813733690360465,1.0552209154800396,0.9890343864148001,0.3361288376119775
2.5832255516236575,5.013997763680583,9.214577879430376,1.7813733690360465,1.0726209154800395,0.9963643864148002,0.3635938376119775
2.694315551623658,5.129047763680583,9.178877879430376,1.7455733690360447,1.0964209154800395,1.0375643864148,0.34345283761197754
2.8053955516236577,5.200457763680582,9.067777879430375,1.7455733690360447,1.1074109154800396,1.0860843864148002,0.3562698376119775
2.9164855516236576,5.351217763680582,9.032077879430377,1.7813733690360465,1.1074109154800396,1.0238243864148002,0.3361288376119775
2.8053955516236577,5.501977763680582,9.103477879430375,1.6305733690360462,1.0845209154800397,0.9130543864148002,0.3635938376119775
2.8053955516236577,5.501977763680582,9.103477879430375,1.6305733690360462,1.0845209154800397,0.9130543864148002,0.3635938376119775
2.694315551623658,5.617027763680582,9.103477879430375,1.5194733690360458,1.0845209154800397,0.8581143864148002,0.3764118376119775
2.769695551623658,5.692407763680582,9.032077879430377,1.3687733690360453,1.0662109154800397,0.9688943864148001,0.3297198376119775
2.769695551623658,5.617027763680582,8.956677879430377,1.217973369036045,1.0781109154800395,1.0036843864148002,0.3233108376119775
2.4364355516236578,5.315507763680582,9.067777879430375,0.9918733690360462,1.0314209154800396,0.8507943864148002,0.3297198376119775
2.5118155516236578,5.129047763680583,8.885277879430376,0.8410733690360459,1.0021209154800395,0.9130543864148002,0.3700028376119775
2.5118155516236578,5.053667763680583,8.885277879430376,0.9164733690360478,1.0021209154800395,1.0238243864148002,0.3828208376119775
2.4761155516236575,5.089377763680583,8.885277879430376,0.9521733690360463,1.0552209154800396,1.0860843864148002,0.3361288376119775
2.4761155516236575,5.089377763680583,8.885277879430376,0.9521733690360463,1.0552209154800396,1.0860843864148002,0.3361288376119775
2.182535551623658,5.013997763680583,8.885277879430376,0.8053733690360474,1.0900109154800397,0.9341043864148002,0.3361288376119775
2.2539455516236577,4.902917763680582,8.813877879430375,0.8053733690360474,1.0964209154800395,0.8160043864148001,0.3562698376119775
2.2896555516236576,4.827537763680582,8.702777879430377,0.9918733690360462,1.0845209154800397,0.8718543864148001,0.3159868376119775
2.3650255516236576,4.601397763680582,8.774177879430376,1.1782733690360452,1.0552209154800396,0.8581143864148002,0.34345283761197754
2.107155551623658,4.526017763680582,8.849577879430376,1.293373369036047,1.0662109154800397,0.8022743864148001,0.3700028376119775
2.035745551623658,4.486347763680582,8.885277879430376,1.5194733690360458,1.1193109154800398,0.8581143864148002,0.3233108376119775
2.142865551623658,4.335587763680582,8.774177879430376,1.5948733690360477,1.1193109154800398,1.0036843864148002,0.3562698376119775
2.2539455516236577,4.526017763680582,8.702777879430377,1.896373369036045,1.1376209154800399,1.1071443864148,0.3764118376119775
2.218235551623658,4.561727763680582,8.738477879430375,2.0828733690360473,1.1312109154800396,1.0311543864148,0.30957783761197755
2.0714455516236576,4.637107763680582,8.667077879430376,2.1224733690360473,1.1376209154800399,0.8645243864148002,0.3764118376119775
2.182535551623658,4.827537763680582,8.555977879430376,2.158173369036046,1.1312109154800396,0.8297343864148001,0.3764118376119775
2.218235551623658,4.978287763680583,8.520277879430376,2.158173369036046,1.1193109154800398,0.9203743864148002,0.3031698376119775
2.182535551623658,5.200457763680582,8.520277879430376,2.1224733690360473,1.1138209154800398,0.9267843864148002,0.34345283761197754
2.107155551623658,4.978287763680583,8.591677879430376,1.9717733690360468,1.0900109154800397,0.8855843864148001,0.3562698376119775
2.107155551623658,4.450647763680582,8.555977879430376,1.479773369036046,1.0662109154800397,1.1071443864148,0.3562698376119775
2.4364355516236578,4.335587763680582,8.555977879430376,1.253673369036047,1.0140209154800397,1.1419343864148002,0.3361288376119775
2.4364355516236578,4.260217763680583,8.627377879430377,1.1782733690360452,1.0433209154800398,1.0174243864148,0.3562698376119775
2.5118155516236578,4.260217763680583,8.667077879430376,1.1425733690360467,1.0845209154800397,0.8645243864148002,0.3562698376119775
2.5118155516236578,4.260217763680583,8.667077879430376,1.1425733690360467,1.0845209154800397,0.8645243864148002,0.3562698376119775
2.7300155516236577,4.224507763680582,8.702777879430377,1.1425733690360467,1.0964209154800395,0.8645243864148002,0.34986183761197753
2.7300155516236577,4.109457763680583,8.774177879430376,1.1425733690360467,1.1257209154800396,0.9267843864148002,0.3828208376119775
2.8053955516236577,4.034077763680583,8.885277879430376,1.1782733690360452,1.0845209154800397,0.9615743864148001,0.3297198376119775
2.7300155516236577,4.034077763680583,8.956677879430377,1.1028733690360468,1.0552209154800396,0.9551643864148001,0.3764118376119775
2.7300155516236577,3.9586977636805827,8.996377879430376,1.253673369036047,1.0195209154800398,0.9753043864148001,0.3764118376119775
2.9164855516236576,3.998367763680582,8.920977879430376,1.4440733690360474,0.9609209154800397,1.0586143864148,0.30957783761197755
2.8411055516236576,4.224507763680582,8.813877879430375,1.896373369036045,1.0607109154800396,1.0174243864148,0.3965528376119775
2.694315551623658,4.335587763680582,8.738477879430375,2.0828733690360473,1.1138209154800398,0.9267843864148002,0.3297198376119775
2.769695551623658,4.375267763680582,8.627377879430377,2.1978733690360457,1.1431109154800398,0.9615743864148001,0.3965528376119775
2.7300155516236577,4.184837763680583,8.520277879430376,2.2692733690360463,1.1724109154800395,1.0238243864148002,0.3562698376119775
2.6229055516236577,4.149127763680582,8.480677879430376,2.2335733690360478,1.1431109154800398,1.0238243864148002,0.3233108376119775
2.4007355516236575,3.8476177636805824,8.555977879430376,2.2692733690360463,1.1257209154800396,0.9826343864148002,0.34986183761197753
2.3293255516236577,3.470727763680582,8.627377879430377,2.158173369036046,1.0845209154800397,1.0311543864148,0.3562698376119775
2.3293255516236577,3.284257763680582,8.409177879430375,2.047173369036045,1.0433209154800398,1.0238243864148002,0.3361288376119775
2.218235551623658,3.2088877636805826,8.262427879430376,1.896373369036045,1.0488109154800398,1.0723543864148002,0.3764118376119775
1.9960755516236577,3.2088877636805826,8.262427879430376,1.896373369036045,1.0314209154800396,1.0860843864148002,0.3031698376119775
1.9960755516236577,3.2088877636805826,8.262427879430376,1.896373369036045,1.0314209154800396,1.0860843864148002,0.3031698376119775
1.8135755516236576,3.2088877636805826,8.115637879430375,1.670273369036046,1.0433209154800398,1.0100943864148002,0.3562698376119775
1.9603655516236578,3.0184577636805825,8.004557879430376,1.5194733690360458,1.0488109154800398,0.9267843864148002,0.3635938376119775
2.035745551623658,2.9073677636805826,7.9331478794303765,1.479773369036046,1.0433209154800398,0.8855843864148001,0.3159868376119775
1.8135755516236576,2.8676977636805825,7.968847879430377,1.479773369036046,1.0369109154800396,0.8782643864148001,0.34345283761197754
1.7024955516236577,2.9430777636805825,7.786357879430377,1.293373369036047,1.0662109154800397,0.8929043864148001,0.3635938376119775
1.8492855516236577,3.093827763680582,7.675267879430376,1.3290733690360454,1.0781109154800395,0.9615743864148001,0.3159868376119775
1.8492855516236577,3.319967763680582,7.639567879430376,1.3687733690360453,1.0781109154800395,1.0448843864148,0.3159868376119775
1.7421655516236576,3.510397763680582,7.675267879430376,1.5194733690360458,1.0726209154800395,1.0174243864148,0.3764118376119775
1.7024955516236577,3.7722377636805824,7.568157879430378,1.4044733690360474,1.0900109154800397,0.8443843864148002,0.3159868376119775
1.7778755516236577,4.034077763680583,7.457067879430377,1.3687733690360453,1.0726209154800395,0.7958643864148001,0.34986183761197753
1.8492855516236577,4.486347763680582,7.457067879430377,1.3290733690360454,1.0552209154800396,0.8160043864148001,0.3233108376119775
1.9603655516236578,4.335587763680582,7.603857879430376,1.4440733690360474,0.9957109154800395,0.7748043864148002,0.30957783761197755
1.8889555516236576,3.9586977636805827,7.492777879430377,1.4440733690360474,1.0250109154800398,0.7400143864148001,0.3700028376119775
1.9603655516236578,3.6214777636805824,7.675267879430376,1.5948733690360477,1.0662109154800397,0.8782643864148001,0.34986183761197753
1.9603655516236578,3.359637763680582,7.861737879430376,1.5948733690360477,1.0781109154800395,1.0448843864148,0.3361288376119775
2.0714455516236576,3.0581277636805826,7.750647879430377,1.670273369036046,1.0845209154800397,1.0448843864148,0.3361288376119775
2.2539455516236577,2.9073677636805826,7.786357879430377,1.7455733690360447,1.1312109154800396,0.9551643864148001,0.3031698376119775
2.2539455516236577,2.7923177636805825,7.897437879430377,1.7813733690360465,1.1431109154800398,0.8507943864148002,0.3031698376119775
2.2539455516236577,2.7923177636805825,7.897437879430377,1.7813733690360465,1.1431109154800398,0.8507943864148002,0.3031698376119775
2.2539455516236577,2.7923177636805825,7.897437879430377,1.7813733690360465,1.1431109154800398,0.8507943864148002,0.3031698376119775
2.4761155516236575,2.340047763680582,8.004557879430376,1.7059733690360481,1.0900109154800397,0.9267843864148002,0.34986183761197753
2.4761155516236575,2.379717763680582,8.115637879430375,1.5551733690360479,1.0662109154800397,0.9826343864148002,0.3700028376119775
2.5118155516236578,2.490807763680582,8.115637879430375,1.4440733690360474,1.0662109154800397,0.9963643864148002,0.3031698376119775
2.6229055516236577,2.7566077636805826,8.004557879430376,1.4044733690360474,1.0607109154800396,0.9963643864148002,0.3361288376119775
2.7300155516236577,2.7923177636805825,7.968847879430377,1.4440733690360474,1.0314209154800396,0.9267843864148002,0.3297198376119775
2.6586055516236575,3.0184577636805825,8.004557879430376,1.5948733690360477,1.0369109154800396,0.8645243864148002,0.2958448376119775
2.8411055516236576,3.0581277636805826,7.9331478794303765,1.5551733690360479,1.0726209154800395,0.8507943864148002,0.3635938376119775
2.8768055516236575,3.1335077636805826,7.9331478794303765,1.5948733690360477,1.0900109154800397,0.8993143864148001,0.3297198376119775
2.769695551623658,3.2088877636805826,8.004557879430376,1.5551733690360479,1.0964209154800395,1.0174243864148,0.2894368376119775
2.8053955516236577,2.6415577636805825,7.897437879430377,1.5194733690360458,1.0781109154800395,0.9267843864148002,0.2958448376119775
2.6229055516236577,2.415427763680582,7.9331478794303765,1.5551733690360479,1.0607109154800396,0.9066443864148002,0.3233108376119775
2.5118155516236578,2.264667763680582,7.9331478794303765,1.7059733690360481,1.0488109154800398,0.9688943864148001,0.34345283761197754
2.5118155516236578,2.2289677636805827,7.786357879430377,1.7059733690360481,1.0250109154800398,0.9478443864148001,0.3159868376119775
2.5118155516236578,1.8520677636805827,7.714947879430377,1.7813733690360465,0.9957109154800395,1.0100943864148002,0.34345283761197754
2.2539455516236577,1.7409877636805824,7.750647879430377,1.856673369036045,1.0369109154800396,1.0723543864148002,0.3159868376119775
2.182535551623658,1.5902277636805824,7.750647879430377,1.932073369036047,1.0195209154800398,1.0238243864148002,0.3233108376119775
2.107155551623658,1.3997977636805823,7.714947879430377,1.8209733690360466,1.0314209154800396,0.9753043864148001,0.3635938376119775
2.0714455516236576,1.439477763680582,7.750647879430377,1.7813733690360465,1.0662109154800397,0.9551643864148001,0.34345283761197754
2.035745551623658,1.6259377636805823,7.714947879430377,1.7813733690360465,1.0552209154800396,0.9753043864148001,0.30957783761197755
2.142865551623658,1.6656077636805824,7.639567879430376,1.7455733690360447,1.0781109154800395,0.9753043864148001,0.3965528376119775
2.0714455516236576,2.042497763680582,7.568157879430378,1.6305733690360462,1.0726209154800395,0.9826343864148002,0.34986183761197753
1.9246655516236577,2.490807763680582,7.568157879430378,1.5948733690360477,1.0845209154800397,1.0100943864148002,0.3297198376119775
2.0714455516236576,3.0184577636805825,7.457067879430377,1.4440733690360474,1.0314209154800396,0.9551643864148001,0.3635938376119775
2.2539455516236577,3.1335077636805826,7.385657879430377,1.4044733690360474,0.9728209154800397,0.8507943864148002,0.30957783761197755
2.107155551623658,3.0184577636805825,7.457067879430377,1.293373369036047,0.9783209154800397,0.8160043864148001,0.3233108376119775
1.9960755516236577,2.7169377636805825,7.528477879430377,1.293373369036047,0.9728209154800397,0.8297343864148001,0.3764118376119775
2.0714455516236576,2.566187763680582,7.421367879430377,1.0275733690360447,1.0140209154800397,0.9963643864148002,0.30957783761197755
2.142865551623658,2.490807763680582,7.385657879430377,0.9521733690360463,1.0488109154800398,1.1007343864148,0.3764118376119775
2.218235551623658,2.379717763680582,7.3102778794303775,1.0275733690360447,1.0845209154800397,1.0375643864148,0.34345283761197754
2.182535551623658,2.2289677636805827,7.238867879430377,1.1782733690360452,1.0662109154800397,0.8993143864148001,0.30957783761197755
2.182535551623658,2.117877763680582,7.3102778794303775,1.479773369036046,1.1074109154800396,0.7610743864148002,0.3635938376119775
2.182535551623658,2.0028277636805827,7.274577879430377,1.5194733690360458,1.1019109154800395,0.8095943864148001,0.3233108376119775
2.182535551623658,1.7766977636805823,7.274577879430377,1.7059733690360481,1.0726209154800395,0.8782643864148001,0.34345283761197754
2.182535551623658,1.6259377636805823,7.385657879430377,1.7813733690360465,1.0726209154800395,0.9130543864148002,0.34986183761197753
2.035745551623658,1.5505577636805823,7.385657879430377,1.896373369036045,1.0433209154800398,1.0100943864148002,0.3031698376119775
2.218235551623658,1.4751777636805823,7.238867879430377,2.0074733690360453,1.0140209154800397,1.1144643864148,0.3635938376119775
2.4007355516236575,1.5902277636805824,7.199197879430376,2.0074733690360453,1.0314209154800396,1.0860843864148002,0.34986183761197753
2.3293255516236577,1.7013177636805823,7.238867879430377,2.047173369036045,1.0552209154800396,0.9963643864148002,0.28302783761197753
2.4364355516236578,1.6656077636805824,7.199197879430376,1.932073369036047,1.0900109154800397,0.8855843864148001,0.4102858376119775
2.5118155516236578,1.6656077636805824,7.199197879430376,1.7813733690360465,1.1074109154800396,0.8993143864148001,0.3159868376119775
2.5118155516236578,1.6656077636805824,7.274577879430377,1.7059733690360481,1.1486109154800395,1.0238243864148002,0.26288583761197754
2.5118155516236578,1.6656077636805824,7.274577879430377,1.6305733690360462,1.1074109154800396,1.0036843864148002,0.3700028376119775
2.4761155516236575,1.5148477636805824,7.3459878794303775,1.5194733690360458,1.0726209154800395,0.9203743864148002,0.3031698376119775
2.5475255516236577,1.5505577636805823,7.385657879430377,1.5948733690360477,1.0369109154800396,0.8929043864148001,0.3562698376119775
2.6229055516236577,1.4751777636805823,7.274577879430377,1.5948733690360477,0.9609209154800397,0.9267843864148002,0.4029618376119775
2.6229055516236577,1.4751777636805823,7.1634878794303765,1.7059733690360481,0.9728209154800397,1.0238243864148002,0.30957783761197755
2.4761155516236575,1.3244177636805823,7.199197879430376,1.932073369036047,1.0195209154800398,1.0659443864148002,0.3159868376119775
2.3650255516236576,1.249047763680582,7.199197879430376,1.9717733690360468,1.0662109154800397,0.9890343864148001,0.3361288376119775
2.3650255516236576,1.249047763680582,7.199197879430376,1.9717733690360468,1.0662109154800397,0.9890343864148001,0.3361288376119775
2.3650255516236576,1.0625777636805829,7.1634878794303765,2.2335733690360478,1.1074109154800396,0.9753043864148001,0.3031698376119775
2.5475255516236577,0.9475277636805828,7.274577879430377,2.3446733690360446,1.1605109154800397,1.0036843864148002,0.34345283761197754
2.5832255516236575,0.9118277636805825,7.238867879430377,2.570773369036047,1.1550109154800396,0.9963643864148002,0.3159868376119775
2.3293255516236577,0.9118277636805825,7.238867879430377,2.570773369036047,1.1193109154800398,0.9963643864148002,0.34986183761197753
2.142865551623658,1.137957763680582,7.127787879430376,2.570773369036047,1.0900109154800397,1.0860843864148002,0.30957783761197755
2.035745551623658,1.4751777636805823,6.945287879430377,2.2335733690360478,1.0552209154800396,1.1767243864148,0.3700028376119775
1.8889555516236576,1.5148477636805824,6.798497879430378,1.7813733690360465,1.0140209154800397,0.9066443864148002,0.3233108376119775
1.8492855516236577,1.3244177636805823,6.762797879430377,1.670273369036046,1.0369109154800396,0.7400143864148001,0.3828208376119775
1.7024955516236577,1.213337763680582,6.6874178794303765,1.479773369036046,1.1376209154800399,0.7812143864148002,0.3562698376119775
1.7421655516236576,1.249047763680582,6.651707879430377,1.4044733690360474,1.1788209154800398,0.8855843864148001,0.3233108376119775
1.7421655516236576,1.288717763680582,6.504917879430377,1.1425733690360467,1.1962109154800395,0.9688943864148001,0.3965528376119775
1.7421655516236576,1.213337763680582,6.469217879430377,1.1782733690360452,1.1376209154800399,0.9963643864148002,0.3297198376119775
1.6310855516236578,1.249047763680582,6.504917879430377,1.1782733690360452,1.0488109154800398,0.9414343864148,0.34986183761197753
1.5953755516236576,1.137957763680582,6.358137879430378,1.1782733690360452,0.9316309154800396,0.8929043864148001,0.3700028376119775
1.7421655516236576,1.0625777636805829,6.358137879430378,1.4044733690360474,0.8840209154800397,0.8581143864148002,0.3361288376119775
1.6310855516236578,1.0625777636805829,6.393837879430376,1.5194733690360458,0.9426109154800396,0.7537443864148001,0.3635938376119775
1.7421655516236576,1.0982877636805828,6.540627879430377,1.8209733690360466,1.0076109154800394,0.7473443864148002,0.3700028376119775
1.9603655516236578,1.0982877636805828,6.576337879430377,1.9717733690360468,1.1376209154800399,0.9066443864148002,0.3159868376119775
2.035745551623658,0.9118277636805825,6.469217879430377,2.2335733690360478,1.1788209154800398,1.0375643864148,0.30957783761197755
2.142865551623658,0.8364477636805816,6.540627879430377,2.2692733690360463,1.1843109154800397,1.0448843864148,0.3764118376119775
2.218235551623658,0.6499877636805831,6.540627879430377,2.2692733690360463,1.1550109154800396,0.9688943864148001,0.3297198376119775
2.218235551623658,0.384177763680583,6.576337879430377,2.1978733690360457,1.1138209154800398,0.9066443864148002,0.3700028376119775
2.3293255516236577,0.007287763680581705,6.576337879430377,1.932073369036047,1.0488109154800398,0.9615743864148001,0.3562698376119775
2.4364355516236578,0.2545622363194173,6.504917879430377,1.7059733690360481,1.0369109154800396,0.9615743864148001,0.3297198376119775
2.4364355516236578,0.2545622363194173,6.504917879430377,1.7059733690360481,1.0369109154800396,0.9615743864148001,0.3297198376119775
2.2896555516236576,0.4449822363194169,6.6874178794303765,1.5194733690360458,1.0433209154800398,0.9130543864148002,0.34345283761197754
2.5832255516236575,0.5957422363194169,6.6874178794303765,1.293373369036047,1.0433209154800398,0.8233243864148001,0.3031698376119775
2.5118155516236578,0.4806922363194186,6.576337879430377,1.253673369036047,1.0964209154800395,0.8929043864148001,0.3233108376119775
2.4007355516236575,0.5560722363194177,6.433507879430377,1.4044733690360474,1.0607109154800396,0.9203743864148002,0.3361288376119775
2.3293255516236577,0.5560722363194177,6.393837879430376,1.5551733690360479,1.0607109154800396,0.8507943864148002,0.3361288376119775
2.3293255516236577,0.5560722363194177,6.393837879430376,1.5551733690360479,1.0607109154800396,0.8507943864148002,0.3361288376119775
2.2539455516236577,0.6314522363194186,6.433507879430377,1.7059733690360481,1.0726209154800395,0.9203743864148002,0.3297198376119775
2.2896555516236576,0.6711222363194178,6.322427879430378,1.856673369036045,1.0662109154800397,1.0174243864148,0.30957783761197755
2.2539455516236577,0.4806922363194186,6.211347879430377,2.1224733690360473,1.0250109154800398,1.0586143864148,0.3361288376119775
2.182535551623658,0.10380223631941732,6.211347879430377,2.3446733690360446,1.0845209154800397,1.0448843864148,0.30957783761197755
2.182535551623658,0.1977177636805827,6.139927879430377,2.4597733690360464,1.0662109154800397,0.9615743864148001,0.3233108376119775
2.2539455516236577,0.4595577636805821,6.064557879430377,2.4597733690360464,1.0662109154800397,0.9551643864148001,0.3233108376119775
2.142865551623658,0.6103077636805825,6.064557879430377,2.4597733690360464,1.0662109154800397,0.9890343864148001,0.3159868376119775
1.9960755516236577,0.4992277636805831,5.993147879430377,2.158173369036046,1.0552209154800396,1.0036843864148002,0.3233108376119775
1.8135755516236576,0.08265776368058297,5.882057879430377,1.8209733690360466,1.0552209154800396,0.9267843864148002,0.3635938376119775
1.8135755516236576,0.6314522363194186,5.882057879430377,1.293373369036047,1.0781109154800395,0.8855843864148001,0.2894368376119775
1.7024955516236577,0.7465022363194169,5.882057879430377,1.1028733690360468,1.0726209154800395,0.9130543864148002,0.3361288376119775
1.7024955516236577,0.7465022363194169,5.882057879430377,1.1028733690360468,1.0726209154800395,0.9130543864148002,0.3361288376119775
1.8135755516236576,0.6314522363194186,5.846357879430377,0.9918733690360462,1.1019109154800395,0.8581143864148002,0.34345283761197754
1.7421655516236576,0.5203622363194178,5.846357879430377,0.9521733690360463,1.0433209154800398,0.7958643864148001,0.30957783761197755
1.7024955516236577,0.3299322363194186,5.882057879430377,0.9918733690360462,1.0488109154800398,0.7958643864148001,0.3297198376119775
1.7024955516236577,0.2942322363194183,5.810647879430377,1.0275733690360447,0.9902209154800395,0.8370643864148002,0.3159868376119775
1.6310855516236578,0.2545622363194173,5.810647879430377,1.1028733690360468,0.9609209154800397,0.9066443864148002,0.30957783761197755
1.6667855516236576,0.21885223631941741,5.846357879430377,1.293373369036047,0.9609209154800397,0.8782643864148001,0.34986183761197753
1.6667855516236576,0.10380223631941732,5.770977879430377,1.5551733690360479,0.9838109154800397,0.8297343864148001,0.3233108376119775
1.7421655516236576,0.028422236319418204,5.699567879430377,1.932073369036047,1.0076109154800394,0.9203743864148002,0.34986183761197753
1.7024955516236577,0.04695776368058269,5.699567879430377,2.2692733690360463,1.1019109154800395,1.0586143864148,0.3828208376119775
1.8889555516236576,0.028422236319418204,5.588477879430377,2.4200733690360465,1.0964209154800395,1.0723543864148002,0.30957783761197755
1.8889555516236576,0.10380223631941732,5.735267879430377,2.495473369036045,1.1376209154800399,1.0238243864148002,0.34986183761197753
1.9246655516236577,0.3696122363194174,5.810647879430377,2.570773369036047,1.1074109154800396,0.9826343864148002,0.3700028376119775
1.9960755516236577,0.6711222363194178,5.882057879430377,2.4200733690360465,1.0845209154800397,0.9478443864148001,0.2958448376119775
1.8889555516236576,1.309892236319417,5.993147879430377,1.856673369036045,1.0250109154800398,0.8993143864148001,0.3635938376119775
1.9960755516236577,1.4962922363194178,5.917767879430377,1.7059733690360481,0.9609209154800397,0.9203743864148002,0.3031698376119775
2.0714455516236576,1.647092236319418,5.846357879430377,1.5948733690360477,0.9902209154800395,0.8718543864148001,0.3562698376119775
2.0714455516236576,1.7620922363194182,5.735267879430377,1.7059733690360481,1.0076109154800394,0.8645243864148002,0.3159868376119775
2.0714455516236576,1.8374922363194184,5.770977879430377,1.670273369036046,1.0726209154800395,0.8782643864148001,0.3159868376119775
2.0714455516236576,1.7977922363194185,5.846357879430377,1.932073369036047,1.1312109154800396,0.9267843864148002,0.4166948376119775
2.2539455516236577,1.7224922363194182,5.882057879430377,2.0828733690360473,1.1962109154800395,0.9688943864148001,0.3159868376119775
2.4761155516236575,1.647092236319418,5.957437879430377,2.384373369036048,1.1550109154800396,1.0934043864148002,0.3159868376119775
2.4007355516236575,1.4605922363194175,5.957437879430377,2.7215733690360473,1.1376209154800399,1.1144643864148,0.3233108376119775
2.3650255516236576,1.0836922363194184,6.028847879430377,2.947673369036046,1.0369109154800396,1.0796743864148002,0.3297198376119775
2.3650255516236576,0.8575922363194177,5.917767879430377,3.0984733690360464,0.9838109154800397,0.9890343864148001,0.34986183761197753
2.4364355516236578,0.4806922363194186,5.882057879430377,3.0984733690360464,1.0250109154800398,1.0586143864148,0.3635938376119775
2.4007355516236575,0.6711222363194178,5.735267879430377,3.023073369036048,1.0552209154800396,1.0723543864148002,0.30957783761197755
2.2539455516236577,1.0836922363194184,5.699567879430377,2.6461733690360454,1.1257209154800396,1.0522143864148001,0.34345283761197754
2.142865551623658,1.3455922363194173,5.735267879430377,2.495473369036045,1.2200209154800397,1.0311543864148,0.3361288376119775
2.142865551623658,1.571692236319418,5.770977879430377,2.047173369036045,1.2017109154800396,0.9963643864148002,0.3233108376119775
2.142865551623658,1.7620922363194182,5.663857879430377,1.7455733690360447,1.1605109154800397,0.9414343864148,0.3562698376119775
1.9960755516236577,1.7224922363194182,5.517067879430377,1.5194733690360458,1.1019109154800395,0.8718543864148001,0.3159868376119775
1.9603655516236578,1.7224922363194182,5.588477879430377,1.3290733690360454,1.0250109154800398,0.8581143864148002,0.2958448376119775
1.7778755516236577,1.7977922363194185,5.517067879430377,1.253673369036047,0.9609209154800397,0.8718543864148001,0.3361288376119775
1.7421655516236576,1.647092236319418,5.370277879430377,1.253673369036047,0.9426109154800396,0.8993143864148001,0.3159868376119775
1.6310855516236578,1.6113922363194177,5.294897879430377,1.253673369036047,0.9133109154800397,0.8718543864148001,0.34345283761197754
1.6310855516236578,1.6113922363194177,5.294897879430377,1.253673369036047,0.9133109154800397,0.8718543864148001,0.34345283761197754
1.4485855516236577,1.4208922363194176,5.148107879430377,1.4440733690360474,0.9426109154800396,0.8095943864148001,0.3562698376119775
1.4842955516236576,1.3851922363194173,4.965617879430377,1.7059733690360481,0.9783209154800397,0.7958643864148001,0.34986183761197753
1.5199955516236576,1.309892236319417,4.818827879430377,2.1224733690360473,1.0607109154800396,0.8581143864148002,0.3700028376119775
1.4842955516236576,1.3455922363194173,4.818827879430377,2.4597733690360464,1.1788209154800398,0.8782643864148001,0.3635938376119775
1.3732055516236576,1.3851922363194173,4.747417879430377,2.570773369036047,1.2310009154800396,0.8507943864148002,0.3700028376119775
1.3375055516236576,1.4605922363194175,4.747417879430377,2.610473369036047,1.2374109154800395,0.9753043864148001,0.34986183761197753
1.3732055516236576,1.647092236319418,4.711707879430377,2.6858733690360452,1.1605109154800397,1.0586143864148,0.3297198376119775
1.4485855516236577,2.2143922363194175,4.672037879430377,2.384373369036048,1.0433209154800398,0.9688943864148001,0.3828208376119775
1.2621255516236576,2.4761922363194184,4.894207879430377,2.158173369036046,0.9783209154800397,0.8581143864148002,0.3031698376119775
1.1510395516236578,2.777792236319417,4.858497879430377,1.856673369036045,0.9609209154800397,0.8233243864148001,0.3233108376119775
1.3375055516236576,2.964192236319418,4.783117879430377,1.670273369036046,0.9490209154800396,0.8645243864148002,0.3361288376119775
1.4485855516236577,3.1149922363194182,4.783117879430377,1.5551733690360479,1.0076109154800394,0.9551643864148001,0.3233108376119775
1.5199955516236576,3.265692236319417,4.894207879430377,1.670273369036046,1.1019109154800395,0.9066443864148002,0.34986183761197753
1.4485855516236577,3.2299922363194185,4.965617879430377,1.856673369036045,1.1550109154800396,0.8297343864148001,0.34345283761197754
1.6667855516236576,3.2299922363194185,5.005287879430377,2.0074733690360453,1.1724109154800395,0.8507943864148002,0.3361288376119775
1.6667855516236576,3.2299922363194185,5.005287879430377,2.0074733690360453,1.1724109154800395,0.8507943864148002,0.3361288376119775
1.6667855516236576,3.2299922363194185,5.005287879430377,2.0074733690360453,1.1724109154800395,0.8507943864148002,0.3361288376119775
1.7778755516236577,2.8134922363194175,5.005287879430377,2.7215733690360473,1.0314209154800396,0.8645243864148002,0.3901448376119775
1.8492855516236577,2.4761922363194184,5.005287879430377,2.8723733690360476,1.0433209154800398,0.9130543864148002,0.34986183761197753
2.035745551623658,2.0635922363194172,4.965617879430377,2.8365733690360457,1.0781109154800395,1.0174243864148,0.3159868376119775
2.107155551623658,1.873192236319417,4.929907879430377,2.6858733690360452,1.1019109154800395,1.0375643864148,0.3700028376119775
2.035745551623658,2.1389922363194174,4.929907879430377,2.4200733690360465,1.1074109154800396,0.8929043864148001,0.3361288376119775
2.035745551623658,2.5119922363194185,4.929907879430377,2.2692733690360463,1.1138209154800398,0.8233243864148001,0.4102858376119775
1.9960755516236577,2.888792236319418,4.894207879430377,1.932073369036047,1.1138209154800398,0.8855843864148001,0.3700028376119775
1.9246655516236577,3.1903922363194184,4.783117879430377,1.253673369036047,1.0488109154800398,0.9267843864148002,0.4102858376119775
1.8889555516236576,3.2299922363194185,4.965617879430377,1.1028733690360468,1.0314209154800396,0.8581143864148002,0.3233108376119775
1.8889555516236576,3.154692236319418,5.112407879430377,1.0275733690360447,1.0140209154800397,0.7812143864148002,0.3159868376119775
2.142865551623658,3.1149922363194182,4.894207879430377,0.9918733690360462,0.9078209154800397,0.8645243864148002,0.3233108376119775
2.035745551623658,3.003892236319418,4.894207879430377,1.293373369036047,0.9426109154800396,0.8718543864148001,0.3297198376119775
1.8492855516236577,3.003892236319418,4.818827879430377,1.5551733690360479,0.9545109154800396,0.8297343864148001,0.4166948376119775
1.8889555516236576,2.9284922363194177,4.672037879430377,1.7813733690360465,1.0076109154800394,0.8718543864148001,0.30957783761197755
1.8135755516236576,2.9284922363194177,4.418127879430377,2.1978733690360457,1.1138209154800398,0.9688943864148001,0.30957783761197755
1.9246655516236577,2.888792236319418,4.418127879430377,2.2692733690360463,1.1257209154800396,1.0100943864148002,0.3965528376119775
1.8492855516236577,2.9284922363194177,4.453837879430377,2.495473369036045,1.1550109154800396,0.9826343864148002,0.3031698376119775
1.6667855516236576,2.888792236319418,4.489537879430377,2.384373369036048,1.1376209154800399,0.9203743864148002,0.3361288376119775
1.5199955516236576,3.1903922363194184,4.382427879430377,2.158173369036046,1.0662109154800397,0.8855843864148001,0.3965528376119775
1.5199955516236576,3.3053922363194186,4.124547879430377,1.896373369036045,0.9728209154800397,0.9414343864148,0.3159868376119775
1.3375055516236576,3.6068922363194176,4.088847879430377,1.8209733690360466,0.9426109154800396,1.0174243864148,0.3233108376119775
1.1153345516236577,4.019492236319417,3.977757879430377,1.6305733690360462,0.9490209154800396,0.8233243864148001,0.3233108376119775
1.0796285516236577,4.170292236319417,3.8666778794303767,1.896373369036045,1.0076109154800394,0.8022743864148001,0.3764118376119775
1.0796285516236577,4.170292236319417,3.8666778794303767,1.896373369036045,1.0076109154800394,0.8022743864148001,0.3764118376119775
1.1907125516236576,4.320992236319418,3.8309678794303768,2.047173369036045,1.0488109154800398,0.9267843864148002,0.3159868376119775
1.1153345516236577,4.281392236319418,3.7952678794303774,2.384373369036048,1.0726209154800395,0.9688943864148001,0.3031698376119775
1.0439235516236578,3.8687922363194183,3.7595578794303766,2.8723733690360476,1.1376209154800399,0.9267843864148002,0.3297198376119775
1.3017955516236577,3.5314922363194174,3.723857879430377,3.0984733690360464,1.0781109154800395,0.9130543864148002,0.3297198376119775
1.3017955516236577,3.5314922363194174,3.723857879430377,3.0984733690360464,1.0781109154800395,0.9130543864148002,0.3297198376119775
1.2264155516236577,3.2299922363194185,3.7595578794303766,3.213473369036045,1.0552209154800396,1.0036843864148002,0.3764118376119775
1.2621255516236576,3.1149922363194182,3.723857879430377,3.249173369036047,1.0314209154800396,0.9826343864148002,0.3159868376119775
1.1907125516236576,3.1903922363194184,3.7952678794303774,2.8723733690360476,0.9957109154800395,0.9066443864148002,0.34345283761197754
1.3375055516236576,3.4164922363194172,3.7952678794303774,2.570773369036047,0.9902209154800395,0.9267843864148002,0.3635938376119775
1.4089155516236576,3.717992236319418,3.7595578794303766,2.2335733690360478,0.9838109154800397,0.9753043864148001,0.3361288376119775
1.4089155516236576,3.9044922363194186,3.7595578794303766,2.0074733690360453,1.0076109154800394,0.9615743864148001,0.3562698376119775
1.4485855516236577,4.094892236319417,3.723857879430377,1.7455733690360447,1.0314209154800396,0.8782643864148001,0.3361288376119775
1.6310855516236578,4.130592236319417,3.8309678794303768,1.670273369036046,1.0140209154800397,0.7674843864148002,0.2958448376119775
1.7421655516236576,4.055192236319417,3.9420578794303767,1.3687733690360453,0.9957109154800395,0.7400143864148001,0.3828208376119775
1.8135755516236576,3.944092236319417,4.053137879430377,1.3290733690360454,0.8959209154800397,0.7748043864148002,0.3562698376119775
1.8135755516236576,3.944092236319417,4.053137879430377,1.3290733690360454,0.8959209154800397,0.7748043864148002,0.3562698376119775
1.6667855516236576,3.979792236319417,4.160257879430377,1.4440733690360474,0.8373309154800396,0.8581143864148002,0.30957783761197755
1.7421655516236576,4.094892236319417,4.088847879430377,1.7059733690360481,0.7778209154800396,0.8718543864148001,0.3764118376119775
1.8135755516236576,3.979792236319417,4.013467879430377,1.9717733690360468,0.7430309154800397,0.8581143864148002,0.3159868376119775
1.9246655516236577,3.944092236319417,3.977757879430377,2.4597733690360464,0.8492309154800396,0.9414343864148,0.3764118376119775
1.8492855516236577,4.094892236319417,3.9420578794303767,2.570773369036047,0.9252209154800396,1.0100943864148002,0.34345283761197754
1.8492855516236577,4.130592236319417,3.9063478794303768,2.535073369036045,1.0076109154800394,1.0174243864148,0.3361288376119775
1.8889555516236576,4.396392236319418,3.7952678794303774,2.3446733690360446,0.9838109154800397,0.9963643864148002,0.3700028376119775
1.7421655516236576,4.432092236319418,3.7952678794303774,2.158173369036046,0.9426109154800396,0.9203743864148002,0.30957783761197755
1.6310855516236578,4.658292236319419,3.8666778794303767,1.932073369036047,0.8785209154800396,0.8022743864148001,0.3297198376119775
1.6310855516236578,4.658292236319419,3.8666778794303767,1.932073369036047,0.8785209154800396,0.8022743864148001,0.3297198376119775
1.7024955516236577,5.261292236319418,3.9063478794303768,1.7813733690360465,0.7485209154800397,0.7885343864148002,0.34345283761197754
1.7024955516236577,5.261292236319418,3.9063478794303768,1.7813733690360465,0.7485209154800397,0.7885343864148002,0.34345283761197754
1.6310855516236578,5.296992236319417,3.7952678794303774,1.896373369036045,0.7137309154800396,0.8929043864148001,0.3233108376119775
1.4842955516236576,5.447692236319417,3.577067879430377,2.1978733690360457,0.7311309154800397,1.0311543864148,0.3297198376119775
1.3375055516236576,5.447692236319417,3.577067879430377,2.4597733690360464,0.7723209154800396,1.0100943864148002,0.3635938376119775
1.3017955516236577,5.3366922363194185,3.501687879430377,2.6461733690360454,0.8602109154800396,0.9478443864148001,0.3297198376119775
1.2264155516236577,5.296992236319417,3.4302778794303768,2.761273369036047,0.8785209154800396,0.8993143864148001,0.3562698376119775
1.2264155516236577,5.110492236319418,3.319187879430377,2.8723733690360476,0.8904309154800397,0.8929043864148001,0.3635938376119775
1.0439235516236578,4.697892236319417,3.2081078794303766,2.6858733690360452,0.8904309154800397,0.8929043864148001,0.30957783761197755
0.9328395516236576,4.396392236319418,3.0613178794303773,2.495473369036045,0.7842309154800396,0.8782643864148001,0.3901448376119775
0.7860495516236576,4.245692236319417,2.989907879430377,2.1978733690360457,0.7549309154800395,0.8929043864148001,0.3901448376119775
0.7503445516236578,4.396392236319418,2.8074178794303766,1.896373369036045,0.6661209154800397,0.9267843864148002,0.34345283761197754
0.7503445516236578,4.5828922363194184,2.843117879430377,1.5948733690360477,0.6661209154800397,0.8581143864148002,0.3700028376119775
0.7860495516236576,5.035092236319418,2.843117879430377,1.217973369036045,0.7430309154800397,0.5880343864148001,0.3635938376119775
0.7860495516236576,5.110492236319418,2.7717078794303767,1.1782733690360452,0.8190209154800397,0.5395143864148002,0.34986183761197753
0.7860495516236576,5.110492236319418,2.7717078794303767,1.0275733690360447,0.8080309154800397,0.6429743864148001,0.3700028376119775
0.8217555516236577,5.035092236319418,2.8074178794303766,1.1425733690360467,0.7842309154800396,0.6914943864148002,0.34986183761197753
0.8217555516236577,5.035092236319418,2.8074178794303766,1.1425733690360467,0.7842309154800396,0.6914943864148002,0.34986183761197753
0.9685445516236577,4.959792236319418,2.7717078794303767,1.3687733690360453,0.7549309154800395,0.7610743864148002,0.3700028376119775
1.1153345516236577,5.074792236319418,2.8788278794303768,1.5948733690360477,0.6130229154800396,0.7473443864148002,0.3297198376119775
1.1153345516236577,5.185892236319418,2.914527879430377,1.856673369036045,0.6130229154800396,0.7958643864148001,0.3361288376119775
1.0439235516236578,5.261292236319418,2.914527879430377,2.0074733690360453,0.5663309154800397,0.9130543864148002,0.3764118376119775
1.0439235516236578,5.261292236319418,2.914527879430377,2.0074733690360453,0.5663309154800397,0.9130543864148002,0.3764118376119775
1.0439235516236578,5.261292236319418,2.914527879430377,2.0074733690360453,0.5663309154800397,0.9130543864148002,0.3764118376119775
1.0439235516236578,5.261292236319418,2.914527879430377,2.0074733690360453,0.5663309154800397,0.9130543864148002,0.3764118376119775
1.4089155516236576,5.713492236319418,2.954197879430377,2.0074733690360453,0.7668309154800396,0.8443843864148002,0.3361288376119775
1.5953755516236576,5.824592236319418,3.1009878794303773,2.0074733690360453,0.7604209154800395,0.7610743864148002,0.3361288376119775
1.7421655516236576,6.015092236319418,3.2477778794303767,2.047173369036045,0.7366209154800397,0.7125543864148001,0.3635938376119775
1.8135755516236576,6.241192236319417,3.1366978794303773,2.158173369036046,0.7137309154800396,0.8022743864148001,0.34345283761197754
1.7421655516236576,6.352292236319418,3.2081078794303766,2.308973369036046,0.5782329154800396,0.9130543864148002,0.3635938376119775
1.5557055516236578,6.502992236319418,3.172407879430377,2.495473369036045,0.5196389154800396,0.9826343864148002,0.30957783761197755
1.5557055516236578,6.7291922363194185,3.1009878794303773,2.610473369036047,0.5013289154800397,1.0100943864148002,0.34986183761197753
1.6310855516236578,6.840292236319417,2.989907879430377,2.7969733690360457,0.5013289154800397,1.0311543864148,0.3901448376119775
1.6667855516236576,6.840292236319417,2.989907879430377,2.947673369036046,0.6194319154800396,1.0448843864148,0.3159868376119775
1.6667855516236576,6.840292236319417,2.989907879430377,2.947673369036046,0.6194319154800396,1.0448843864148,0.3159868376119775
1.3732055516236576,6.467292236319418,2.954197879430377,2.9119733690360476,0.7256309154800397,1.0100943864148002,0.3361288376119775
1.4842955516236576,6.352292236319418,2.7320378794303766,2.7969733690360457,0.6954209154800396,1.0659443864148002,0.3297198376119775
1.4842955516236576,6.352292236319418,2.7320378794303766,2.7969733690360457,0.6954209154800396,1.0659443864148002,0.3297198376119775
1.3732055516236576,6.050792236319417,2.8074178794303766,2.535073369036045,0.5718239154800396,0.9963643864148002,0.3700028376119775
1.3375055516236576,5.749292236319418,2.7320378794303766,2.384373369036048,0.5489359154800396,0.9615743864148001,0.3031698376119775
1.1510395516236578,5.447692236319417,2.914527879430377,2.0828733690360473,0.4253399154800397,0.8718543864148001,0.3965528376119775
1.2264155516236577,5.562792236319417,2.8074178794303766,1.7813733690360465,0.4189309154800397,0.8297343864148001,0.3233108376119775
1.3017955516236577,6.090392236319417,2.513837879430377,1.479773369036046,0.3722389154800396,0.7812143864148002,0.3297198376119775
1.0042505516236577,5.9753922363194185,2.478127879430377,1.5194733690360458,0.5306259154800397,0.8095943864148001,0.3031698376119775
1.0042505516236577,5.9753922363194185,2.478127879430377,1.5194733690360458,0.5306259154800397,0.8095943864148001,0.3031698376119775
1.0439235516236578,5.864292236319418,2.513837879430377,1.5551733690360479,0.5608379154800396,0.7674843864148002,0.3828208376119775
1.1510395516236578,6.015092236319418,2.438457879430377,1.7813733690360465,0.6130229154800396,0.7052243864148002,0.3635938376119775
1.2264155516236577,6.050792236319417,2.2202578794303767,2.1224733690360473,0.6130229154800396,0.7125543864148001,0.3297198376119775
0.8971335516236578,6.126092236319417,2.478127879430377,2.2692733690360463,0.5306259154800397,0.8095943864148001,0.34345283761197754
0.6749655516236577,6.090392236319417,2.2956378794303767,2.1978733690360457,0.4958359154800397,0.8855843864148001,0.3361288376119775
0.6035545516236578,6.241192236319417,2.1488478794303765,2.158173369036046,0.3429419154800396,0.9414343864148,0.3562698376119775
0.6392605516236578,6.241192236319417,1.8909678794303766,2.047173369036045,0.29533491548003965,0.9066443864148002,0.2958448376119775
0.5638815516236577,6.3919922363194175,1.7798878794303767,2.0828733690360473,0.3191389154800396,0.8581143864148002,0.3233108376119775
0.4170925516236577,6.427692236319418,1.8552678794303767,2.0828733690360473,0.4070289154800396,0.7537443864148001,0.3635938376119775
0.5638815516236577,6.427692236319418,1.7798878794303767,2.158173369036046,0.5901349154800396,0.6777643864148002,0.3233108376119775
0.7503445516236578,6.502992236319418,1.8909678794303766,2.1978733690360457,0.6313339154800396,0.6850843864148002,0.3635938376119775
0.7860495516236576,6.840292236319417,1.8552678794303767,2.4597733690360464,0.6313339154800396,0.7400143864148001,0.30957783761197755
0.7106715516236577,6.990992236319418,1.8909678794303766,2.570773369036047,0.5425269154800396,0.7885343864148002,0.34986183761197753
0.6035545516236578,7.2924922363194185,2.0020578794303763,2.7969733690360457,0.4134379154800396,0.8855843864148001,0.34986183761197753
0.8574605516236578,7.784492236319419,1.8909678794303766,2.9119733690360476,0.24223391548003959,1.0375643864148,0.34986183761197753
0.7860495516236576,7.895592236319416,2.0020578794303763,2.8723733690360476,0.3072369154800396,0.9826343864148002,0.3297198376119775
0.7106715516236577,7.820192236319418,1.9623778794303768,2.7969733690360457,0.4070289154800396,0.9066443864148002,0.3635938376119775
0.8971335516236578,7.784492236319419,1.9623778794303768,2.610473369036047,0.4482279154800396,0.8507943864148002,0.3297198376119775
1.2264155516236577,7.784492236319419,1.7798878794303767,2.4200733690360465,0.5306259154800397,0.8581143864148002,0.2958448376119775
1.1510395516236578,7.709092236319417,1.7798878794303767,2.0828733690360473,0.4601299154800397,0.8160043864148001,0.4029618376119775
0.9328395516236576,7.633692236319419,1.9623778794303768,1.896373369036045,0.4482279154800396,0.7748043864148002,0.2894368376119775
1.0796285516236577,7.332192236319418,1.9623778794303768,1.6305733690360462,0.39604291548003967,0.7674843864148002,0.2958448376119775
1.3017955516236577,7.141792236319418,2.0020578794303763,1.4044733690360474,0.2834329154800397,0.8581143864148002,0.34345283761197754
1.3017955516236577,6.840292236319417,1.8909678794303766,1.217973369036045,0.2898419154800397,0.8370643864148002,0.3031698376119775
1.0042505516236577,6.653792236319418,2.0377578794303766,1.0671733690360448,0.23124791548003965,0.7537443864148001,0.3764118376119775
1.0439235516236578,6.764892236319417,2.0377578794303766,1.1782733690360452,0.25413591548003966,0.6640243864148001,0.34345283761197754
1.2621255516236576,7.106092236319419,1.8909678794303766,1.3687733690360453,0.30174391548003965,0.6914943864148002,0.2958448376119775
1.4485855516236577,7.332192236319418,1.9266778794303765,1.479773369036046,0.2898419154800397,0.7812143864148002,0.3828208376119775
1.2621255516236576,7.2924922363194185,1.9623778794303768,1.479773369036046,0.43083291548003966,0.8581143864148002,0.27570383761197753
1.0796285516236577,7.367892236319417,2.1488478794303765,1.6305733690360462,0.4427349154800396,0.8645243864148002,0.3031698376119775
1.2264155516236577,7.367892236319417,1.9266778794303765,1.6305733690360462,0.43083291548003966,0.7537443864148001,0.3965528376119775
1.3375055516236576,7.443292236319419,1.7441778794303768,1.5551733690360479,0.3722389154800396,0.7262843864148001,0.3031698376119775
0.9685445516236577,7.443292236319419,1.9266778794303765,1.7455733690360447,0.3191389154800396,0.6567043864148001,0.34986183761197753
0.8217555516236577,7.482992236319419,1.8552678794303767,1.9717733690360468,0.3136459154800396,0.6017743864148002,0.3233108376119775
1.0796285516236577,7.709092236319417,1.7084778794303765,2.1224733690360473,0.33653391548003964,0.7189543864148,0.3700028376119775
1.0042505516236577,7.784492236319419,1.5973878794303766,2.3446733690360446,0.3548439154800397,0.8718543864148001,0.3159868376119775
0.7106715516236577,7.895592236319416,1.6727678794303766,2.7215733690360473,0.36583091548003965,0.8782643864148001,0.34986183761197753
0.5638815516236577,7.970892236319418,1.4505978794303769,2.987373369036046,0.4894269154800397,0.8929043864148001,0.3297198376119775
0.6035545516236578,8.161392236319418,1.4863078794303768,3.0984733690360464,0.4546369154800396,0.9130543864148002,0.34345283761197754
0.6392605516236578,8.347792236319417,1.2681078794303768,3.173873369036045,0.4546369154800396,0.8855843864148001,0.3635938376119775
0.19889152162365772,8.573992236319416,1.3791878794303767,3.0984733690360464,0.38963391548003967,0.8929043864148001,0.34986183761197753
0.19889152162365772,8.573992236319416,1.3791878794303767,3.0984733690360464,0.38963391548003967,0.8929043864148001,0.34986183761197753
0.19889152162365772,8.724692236319417,1.0102378794303768,2.8723733690360476,0.43083291548003966,0.8443843864148002,0.3361288376119775
0.3456815516236577,8.684992236319417,0.9031178794303767,2.495473369036045,0.3722389154800396,0.7674843864148002,0.3700028376119775
0.19889152162365772,8.684992236319417,0.7206178794303766,2.384373369036048,0.39604291548003967,0.7812143864148002,0.34345283761197754
0.05210155162365773,8.724692236319417,0.8277378794303767,2.0074733690360453,0.43083291548003966,0.6777643864148002,0.3828208376119775
0.16318595162365773,8.760392236319419,0.6452378794303766,1.670273369036046,0.43083291548003966,0.6567043864148001,0.3297198376119775
0.27030265162365774,8.534292236319416,0.6452378794303766,1.5948733690360477,0.3548439154800397,0.7336043864148001,0.3233108376119775
0.27030265162365774,8.534292236319416,0.6452378794303766,1.5948733690360477,0.3548439154800397,0.7336043864148001,0.3233108376119775
0.12351305162365772,8.046292236319417,0.6809478794303765,1.7059733690360481,0.33104091548003967,0.7610743864148002,0.3233108376119775
0.12351305162365772,7.859892236319418,0.7206178794303766,1.7813733690360465,0.30174391548003965,0.7052243864148002,0.34986183761197753
0.27030265162365774,7.7447922363194195,0.7206178794303766,1.8209733690360466,0.2779399154800396,0.6850843864148002,0.30957783761197755
0.5281765516236577,7.7447922363194195,0.6095378794303767,1.856673369036045,0.2898419154800397,0.8160043864148001,0.34345283761197754
0.5281765516236577,8.046292236319417,0.7206178794303766,1.856673369036045,0.27244691548003963,0.9267843864148002,0.3031698376119775
0.45676555162365773,8.42319223631942,0.7920278794303768,1.8209733690360466,0.36583091548003965,0.9267843864148002,0.3361288376119775
0.4924705516236577,8.684992236319417,1.0102378794303768,1.6305733690360462,0.3548439154800397,0.8297343864148001,0.3361288376119775
0.8217555516236577,8.800092236319419,0.9031178794303767,1.5551733690360479,0.3777319154800396,0.7812143864148002,0.3159868376119775
0.9328395516236576,8.875492236319417,0.9031178794303767,1.5948733690360477,0.4070289154800396,0.7125543864148001,0.3297198376119775
0.7503445516236578,8.684992236319417,1.0102378794303768,1.8209733690360466,0.3777319154800396,0.6777643864148002,0.3031698376119775
0.6749655516236577,8.684992236319417,0.9745278794303769,1.932073369036047,0.4189309154800397,0.6081843864148002,0.34345283761197754
0.6749655516236577,8.684992236319417,0.9745278794303769,1.932073369036047,0.4189309154800397,0.6081843864148002,0.34345283761197754
0.6749655516236577,8.684992236319417,0.9745278794303769,1.932073369036047,0.4189309154800397,0.6081843864148002,0.34345283761197754
0.8217555516236577,9.212692236319416,1.0856078794303767,2.8723733690360476,0.2834329154800397,1.0036843864148002,0.3562698376119775
0.8217555516236577,9.252392236319416,0.9388178794303765,2.9119733690360476,0.3841409154800396,0.8929043864148001,0.27570383761197753
1.0042505516236577,9.288092236319418,0.9388178794303765,2.9119733690360476,0.4546369154800396,0.8581143864148002,0.3764118376119775
0.9328395516236576,9.363492236319416,1.049907879430377,2.947673369036046,0.5489359154800396,0.8370643864148002,0.30957783761197755
0.9685445516236577,9.327692236319418,0.9031178794303767,2.7969733690360457,0.5901349154800396,0.8507943864148002,0.26288583761197754
1.0042505516236577,9.212692236319416,1.049907879430377,2.570773369036047,0.47203191548003964,0.8160043864148001,0.3965528376119775
0.8217555516236577,9.478492236319418,0.7206178794303766,2.2335733690360478,0.3722389154800396,0.7748043864148002,0.34345283761197754
0.6035545516236578,9.629292236319419,0.8674078794303768,2.047173369036045,0.1717389154800396,0.7812143864148002,0.34345283761197754
0.4170925516236577,9.70069223631942,0.8277378794303767,1.9717733690360468,0.1836409154800397,0.8370643864148002,0.3828208376119775
0.6035545516236578,9.70069223631942,0.6095378794303767,1.7059733690360481,0.2074439154800396,0.8160043864148001,0.25556183761197754
0.6392605516236578,9.775992236319418,0.6452378794303766,1.5551733690360479,0.29533491548003965,0.7537443864148001,0.3700028376119775
0.5281765516236577,9.553892236319417,0.42703787943037663,1.5551733690360479,0.3841409154800396,0.6365643864148001,0.3233108376119775
0.45676555162365773,9.327692236319418,0.5738278794303768,1.8209733690360466,0.38963391548003967,0.5880343864148001,0.3361288376119775
0.38138655162365775,9.327692236319418,0.46274787943037654,1.856673369036045,0.4189309154800397,0.5596543864148,0.30957783761197755
0.45676555162365773,9.252392236319416,0.20487787943037672,2.0074733690360453,0.43083291548003966,0.7052243864148002,0.34986183761197753
0.30997555162365775,8.986592236319417,0.3913378794303768,1.896373369036045,0.32463191548003967,0.8095943864148001,0.3159868376119775
0.16318595162365773,8.835792236319417,0.20487787943037672,1.856673369036045,0.3429419154800396,0.8297343864148001,0.3031698376119775
0.05210155162365773,8.724692236319417,0.28024787943037666,1.8209733690360466,0.21934591548003968,0.7537443864148001,0.3635938376119775
0.12351305162365772,8.724692236319417,0.1691678794303768,1.7455733690360447,0.2129379154800396,0.6988143864148002,0.3159868376119775
0.016396551623657718,8.986592236319417,0.022377879430376613,1.6305733690360462,0.27244691548003963,0.7262843864148001,0.3233108376119775
0.0946874483763423,9.212692236319416,0.04903212056962336,1.7059733690360481,0.26603791548003963,0.7125543864148001,0.3361288376119775
0.0946874483763423,9.403092236319416,0.1601121205696232,1.932073369036047,0.4189309154800397,0.6081843864148002,0.27570383761197753
0.24147744837634227,9.514192236319417,0.022377879430376613,2.1224733690360473,0.4839339154800396,0.5111333864148002,0.3562698376119775
0.023276448376342268,9.70069223631942,0.01332212056962323,2.308973369036046,0.4958359154800397,0.5459243864148002,0.34986183761197753
0.023276448376342268,9.70069223631942,0.01332212056962323,2.308973369036046,0.4958359154800397,0.5459243864148002,0.34986183761197753
0.05210155162365773,9.815692236319418,0.12441212056962336,2.535073369036045,0.4253399154800397,0.7400143864148001,0.30957783761197755
0.0946874483763423,9.851392236319416,0.022377879430376613,2.8365733690360457,0.38963391548003967,0.8993143864148001,0.3361288376119775
0.13039344837634226,10.002192236319416,0.04903212056962336,2.8365733690360457,0.3072369154800396,0.8782643864148001,0.3297198376119775
0.023276448376342268,10.228292236319419,0.08474212056962327,2.8365733690360457,0.23674091548003962,0.7473443864148002,0.3828208376119775
0.16318595162365773,10.343392236319417,0.1601121205696232,2.9119733690360476,0.2779399154800396,0.7189543864148,0.3700028376119775
0.16318595162365773,10.303692236319417,0.08474212056962327,2.8723733690360476,0.33104091548003967,0.7537443864148001,0.3361288376119775
0.016396551623657718,10.343392236319417,0.01332212056962323,2.7215733690360473,0.4189309154800397,0.7610743864148002,0.3635938376119775
0.05210155162365773,10.37909223631942,0.1601121205696232,2.535073369036045,0.5306259154800397,0.6850843864148002,0.3361288376119775
0.27030265162365774,10.529792236319416,0.19582212056962334,2.2692733690360463,0.5251319154800397,0.6365643864148001,0.3297198376119775
0.38138655162365775,10.644892236319418,0.23153212056962325,2.0828733690360473,0.4601299154800397,0.6502943864148001,0.3361288376119775
0.16318595162365773,10.605192236319418,0.19582212056962334,1.932073369036047,0.39604291548003967,0.7473443864148002,0.3361288376119775
0.05210155162365773,10.755992236319418,0.12441212056962336,1.7059733690360481,0.2898419154800397,0.7610743864148002,0.4029618376119775
0.12351305162365772,10.870992236319417,0.3069021205696232,1.7059733690360481,0.23674091548003962,0.7052243864148002,0.34986183761197753
0.12351305162365772,10.870992236319417,0.19582212056962334,1.856673369036045,0.20103591548003963,0.7336043864148001,0.3361288376119775
0.05210155162365773,10.946392236319419,0.4179921205696233,1.9717733690360468,0.21934591548003968,0.7473443864148002,0.34345283761197754
0.023276448376342268,11.021792236319417,0.3069021205696232,2.047173369036045,0.24864291548003958,0.8022743864148001,0.3562698376119775
0.05210155162365773,10.906692236319419,0.3426121205696233,1.896373369036045,0.36033691548003965,0.7336043864148001,0.3159868376119775
0.3456815516236577,10.906692236319419,0.3426121205696233,1.856673369036045,0.40153591548003964,0.6640243864148001,0.3700028376119775
0.3456815516236577,10.906692236319419,0.3426121205696233,1.856673369036045,0.40153591548003964,0.6640243864148001,0.3700028376119775
0.30997555162365775,10.982092236319417,0.19582212056962334,1.670273369036046,0.4134379154800396,0.6155043864148002,0.3635938376119775
0.3456815516236577,10.870992236319417,0.12441212056962336,1.7059733690360481,0.47844091548003964,0.6292343864148002,0.3233108376119775
0.30997555162365775,10.529792236319416,0.08474212056962327,1.7455733690360447,0.4665389154800397,0.6017743864148002,0.30957783761197755
0.30997555162365775,10.37909223631942,0.19582212056962334,1.8209733690360466,0.39604291548003967,0.6155043864148002,0.3901448376119775
0.23459705162365774,10.192592236319417,0.3783121205696234,1.9717733690360468,0.3072369154800396,0.6850843864148002,0.30957783761197755
0.08780755162365772,10.152892236319417,0.19582212056962334,2.1978733690360457,0.21934591548003968,0.7400143864148001,0.3297198376119775
0.23459705162365774,10.494092236319418,0.1601121205696232,2.2335733690360478,0.2779399154800396,0.7473443864148002,0.34345283761197754
0.23459705162365774,10.831292236319417,0.23153212056962325,2.4200733690360465,0.22483891548003965,0.8233243864148001,0.2894368376119775
0.30997555162365775,10.831292236319417,0.3069021205696232,2.495473369036045,0.4134379154800396,0.9267843864148002,0.26929483761197753
0.16318595162365773,10.831292236319417,0.12441212056962336,2.4200733690360465,0.3777319154800396,0.7885343864148002,0.3297198376119775
0.19889152162365772,10.870992236319417,0.3069021205696232,2.384373369036048,0.4482279154800396,0.7473443864148002,0.34986183761197753
0.16318595162365773,10.795592236319418,0.3783121205696234,2.4200733690360465,0.40153591548003964,0.7537443864148001,0.3297198376119775
0.05210155162365773,10.795592236319418,0.4179921205696233,2.384373369036048,0.3191389154800396,0.7262843864148001,0.30957783761197755
0.05210155162365773,10.680592236319416,0.6361921205696233,2.1224733690360473,0.2898419154800397,0.6704343864148001,0.34986183761197753
0.058982448376342256,10.755992236319418,0.4894021205696233,2.1224733690360473,0.1836409154800397,0.6988143864148002,0.3159868376119775
0.05210155162365773,10.795592236319418,0.6718921205696233,2.0074733690360453,0.19554291548003966,0.6914943864148002,0.3297198376119775
0.058982448376342256,10.795592236319418,0.6718921205696233,1.856673369036045,0.24864291548003958,0.6914943864148002,0.34986183761197753
0.13039344837634226,10.831292236319417,0.7076021205696232,1.7813733690360465,0.32463191548003967,0.7125543864148001,0.26288583761197754
0.17006644837634227,10.831292236319417,0.8186851205696233,1.9717733690360468,0.4427349154800396,0.7052243864148002,0.3297198376119775
0.27718244837634226,11.057492236319419,0.8543911205696233,2.0828733690360473,0.4546369154800396,0.6155043864148002,0.34986183761197753
0.27718244837634226,11.243892236319418,0.8940641205696233,2.1224733690360473,0.47203191548003964,0.5459243864148002,0.3297198376119775
0.3882664483763422,11.509792236319417,0.8940641205696233,2.0074733690360453,0.3841409154800396,0.6219143864148002,0.3361288376119775
0.42397244837634224,11.620792236319417,0.9297691205696232,2.158173369036046,0.27244691548003963,0.7537443864148001,0.3361288376119775
0.3882664483763422,11.735892236319419,1.0011801205696234,1.9717733690360468,0.19554291548003966,0.7958643864148001,0.2958448376119775
0.3882664483763422,11.811292236319417,1.0368861205696231,1.856673369036045,0.23124791548003965,0.7400143864148001,0.34986183761197753
0.35256144837634223,11.84699223631942,0.9654751205696233,1.896373369036045,0.25413591548003966,0.6567043864148001,0.34345283761197754
0.27718244837634226,11.811292236319417,1.0765591205696232,2.0828733690360473,0.36033691548003965,0.5944443864148001,0.3233108376119775
0.27718244837634226,11.811292236319417,1.0765591205696232,2.0828733690360473,0.36033691548003965,0.5944443864148001,0.3233108376119775
0.27718244837634226,11.811292236319417,1.0765591205696232,2.1978733690360457,0.43083291548003966,0.5669843864148001,0.3297198376119775
0.35256144837634223,11.922392236319418,1.1479701205696233,2.4200733690360465,0.47203191548003964,0.6155043864148002,0.2958448376119775
0.35256144837634223,11.922392236319418,1.1479701205696233,2.4200733690360465,0.47203191548003964,0.6155043864148002,0.2958448376119775
0.3882664483763422,11.811292236319417,1.1479701205696233,2.495473369036045,0.43083291548003966,0.6567043864148001,0.3159868376119775
0.3882664483763422,11.811292236319417,1.1479701205696233,2.495473369036045,0.43083291548003966,0.6567043864148001,0.3159868376119775
0.3882664483763422,11.811292236319417,1.1479701205696233,2.495473369036045,0.43083291548003966,0.6567043864148001,0.3159868376119775
0.3882664483763422,11.811292236319417,1.1479701205696233,2.495473369036045,0.43083291548003966,0.6567043864148001,0.3159868376119775
0.35256144837634223,11.620792236319417,1.2947601205696233,2.570773369036047,0.38963391548003967,0.7610743864148002,0.34345283761197754
0.35256144837634223,11.620792236319417,1.2947601205696233,2.570773369036047,0.38963391548003967,0.7610743864148002,0.34345283761197754
0.24147744837634227,12.188192236319416,1.2947601205696233,2.4200733690360465,0.4070289154800396,0.6365643864148001,0.34345283761197754
0.24147744837634227,12.374592236319419,1.1836761205696233,2.1978733690360457,0.3484359154800396,0.6777643864148002,0.27570383761197753
0.35256144837634223,12.223892236319418,1.1836761205696233,2.0828733690360473,0.39604291548003967,0.7262843864148001,0.3233108376119775
0.24147744837634227,12.188192236319416,1.2233481205696233,1.8209733690360466,0.4189309154800397,0.6914943864148002,0.34986183761197753
0.0946874483763423,12.148492236319417,1.1836761205696233,2.0074733690360453,0.3548439154800397,0.5733943864148001,0.2958448376119775
0.13039344837634226,12.073092236319418,1.1836761205696233,1.856673369036045,0.3777319154800396,0.5459243864148002,0.3233108376119775
0.24147744837634227,12.148492236319417,1.2947601205696233,1.7455733690360447,0.3484359154800396,0.5944443864148001,0.34986183761197753
0.42397244837634224,12.112792236319418,1.2590541205696233,1.932073369036047,0.26603791548003963,0.6850843864148002,0.2958448376119775
0.35256144837634223,12.112792236319418,1.4772551205696234,2.047173369036045,0.27244691548003963,0.7052243864148002,0.3233108376119775
0.42397244837634224,12.338892236319417,1.4058441205696233,2.2692733690360463,0.2898419154800397,0.6567043864148001,0.34986183761197753
0.42397244837634224,12.338892236319417,1.4058441205696233,2.2692733690360463,0.2898419154800397,0.6567043864148001,0.34986183761197753
0.27718244837634226,12.338892236319417,1.4415491205696234,2.308973369036046,0.36033691548003965,0.5807143864148001,0.3031698376119775
0.31685544837634233,12.338892236319417,1.4415491205696234,2.384373369036048,0.43083291548003966,0.6365643864148001,0.2958448376119775
0.3882664483763422,12.489692236319417,1.3701381205696233,2.3446733690360446,0.4546369154800396,0.6640243864148001,0.3635938376119775
0.3882664483763422,12.636492236319416,1.5883391205696233,2.1978733690360457,0.5013289154800397,0.6219143864148002,0.2958448376119775
0.42397244837634224,12.787192236319417,1.4058441205696233,2.0828733690360473,0.4134379154800396,0.5459243864148002,0.3562698376119775
0.4993504483763423,13.013392236319419,1.6240443205696233,2.1224733690360473,0.4070289154800396,0.4909923864148002,0.3297198376119775
0.6818454483763423,13.128392236319417,1.6240443205696233,2.3446733690360446,0.32463191548003967,0.5669843864148001,0.3031698376119775
0.4993504483763423,13.239492236319418,1.8065395205696233,2.570773369036047,0.43724191548003966,0.6914943864148002,0.3233108376119775
0.5707614483763424,13.16409223631942,1.6240443205696233,2.6858733690360452,0.4427349154800396,0.6640243864148001,0.3700028376119775
0.4993504483763423,13.16409223631942,1.6994228205696233,2.610473369036047,0.40153591548003964,0.7537443864148001,0.2894368376119775
0.5350564483763423,13.20379223631942,1.6994228205696233,2.495473369036045,0.3072369154800396,0.7189543864148,0.3562698376119775
0.5707614483763424,12.977592236319417,1.8462121205696234,2.4200733690360465,0.3777319154800396,0.6567043864148001,0.34986183761197753
0.7572244483763422,12.565092236319419,1.5883391205696233,2.2692733690360463,0.3484359154800396,0.5807143864148001,0.3031698376119775
0.6104344483763422,12.338892236319417,1.7708339205696233,2.047173369036045,0.3429419154800396,0.5880343864148001,0.3700028376119775
0.4636454483763423,12.112792236319418,1.9176231205696233,1.7813733690360465,0.36583091548003965,0.6081843864148002,0.3159868376119775
0.5707614483763424,11.997692236319416,1.8065395205696233,1.670273369036046,0.2834329154800397,0.6155043864148002,0.3031698376119775
0.6818454483763423,12.223892236319418,1.8065395205696233,1.1782733690360452,0.2834329154800397,0.5807143864148001,0.2894368376119775
0.5707614483763424,12.414292236319419,1.7351283205696233,1.0671733690360448,0.3072369154800396,0.5669843864148001,0.2894368376119775
0.5350564483763423,12.414292236319419,1.8819181205696234,1.217973369036045,0.3484359154800396,0.5669843864148001,0.3159868376119775
0.6461404483763422,12.299192236319417,1.8462121205696234,1.293373369036047,0.33653391548003964,0.5596543864148,0.30957783761197755
0.6461404483763422,12.263492236319419,1.8065395205696233,1.4044733690360474,0.33653391548003964,0.5321903864148001,0.28302783761197753
0.6461404483763422,12.299192236319417,1.9533291205696233,1.5948733690360477,0.33653391548003964,0.4836683864148002,0.3233108376119775
0.6461404483763422,12.489692236319417,1.8819181205696234,1.6305733690360462,0.22483891548003965,0.6155043864148002,0.3233108376119775
0.6818454483763423,12.600792236319418,2.0644131205696232,1.7059733690360481,0.23124791548003965,0.7537443864148001,0.34345283761197754
0.8643444483763423,12.711792236319418,2.135824120569623,1.7813733690360465,0.1781479154800396,0.7748043864148002,0.2894368376119775
0.9397144483763424,12.826892236319416,2.175497120569623,1.9717733690360468,0.24864291548003958,0.6155043864148002,0.3159868376119775
0.7929294483763423,12.977592236319417,2.2826141205696233,2.1224733690360473,0.3548439154800397,0.49740038641480017,0.3159868376119775
0.8286344483763424,13.20379223631942,2.175497120569623,2.3446733690360446,0.4601299154800397,0.5047253864148002,0.3361288376119775
0.8643444483763423,13.354492236319416,2.246908120569623,2.610473369036047,0.5608379154800396,0.5184583864148002,0.26288583761197754
0.9754244483763423,13.580692236319418,2.2112021205696233,2.8365733690360457,0.5425269154800396,0.5532443864148002,0.3297198376119775
0.9754244483763423,13.731392236319419,2.2112021205696233,2.8723733690360476,0.4958359154800397,0.5807143864148001,0.3297198376119775
0.8286344483763424,14.032892236319416,2.3222861205696232,2.8723733690360476,0.36033691548003965,0.6704343864148001,0.27570383761197753
0.9040144483763424,14.330492236319419,2.2826141205696233,2.9119733690360476,0.24223391548003959,0.8095943864148001,0.34345283761197754
1.0508044483763423,14.405892236319417,2.246908120569623,2.8365733690360457,0.2898419154800397,0.8160043864148001,0.28302783761197753
1.0865044483763424,14.556592236319418,2.357992120569623,2.7969733690360457,0.33104091548003967,0.7052243864148002,0.2894368376119775
0.9754244483763423,14.330492236319419,2.5047821205696232,2.610473369036047,0.3722389154800396,0.5596543864148,0.3764118376119775
0.9397144483763424,14.330492236319419,2.6118981205696232,2.495473369036045,0.4665389154800397,0.5111333864148002,0.30957783761197755
0.9397144483763424,14.330492236319419,2.6118981205696232,2.495473369036045,0.4665389154800397,0.5111333864148002,0.30957783761197755
1.0865044483763424,14.104392236319416,2.357992120569623,2.4200733690360465,0.4546369154800396,0.5047253864148002,0.3233108376119775
0.9397144483763424,14.068692236319418,2.3936981205696233,2.2335733690360478,0.4665389154800397,0.5047253864148002,0.3361288376119775
0.9397144483763424,14.032892236319416,2.576193120569623,1.932073369036047,0.38963391548003967,0.5257823864148001,0.2958448376119775
1.0111344483763423,13.767092236319417,2.465109120569623,1.8209733690360466,0.3136459154800396,0.5880343864148001,0.3562698376119775
1.1579244483763422,13.354492236319416,2.576193120569623,1.5948733690360477,0.27244691548003963,0.5807143864148001,0.3297198376119775
1.2332944483763424,13.052992236319419,2.6118981205696232,1.7059733690360481,0.33104091548003967,0.4562023864148002,0.3233108376119775
1.1222144483763423,13.16409223631942,2.9054821205696233,1.7059733690360481,0.4070289154800396,0.38662238641480023,0.3297198376119775
1.1222144483763423,13.465592236319416,2.576193120569623,1.7059733690360481,0.3777319154800396,0.4351453864148002,0.3159868376119775
1.1222144483763423,13.465592236319416,2.576193120569623,1.7059733690360481,0.3777319154800396,0.4351453864148002,0.3159868376119775
1.1975944483763423,13.616392236319417,2.722982120569623,1.7813733690360465,0.4601299154800397,0.4909923864148002,0.34345283761197754
1.1579244483763422,13.691792236319419,2.7586921205696235,1.7813733690360465,0.3777319154800396,0.5395143864148002,0.2894368376119775
1.0865044483763424,13.84249223631942,2.576193120569623,1.670273369036046,0.3136459154800396,0.5459243864148002,0.3159868376119775
1.0508044483763423,13.957592236319417,2.722982120569623,1.6305733690360462,0.3429419154800396,0.5880343864148001,0.3635938376119775
1.1579244483763422,13.767092236319417,2.576193120569623,1.9717733690360468,0.22483891548003965,0.5669843864148001,0.3031698376119775
1.0865044483763424,13.917892236319418,2.722982120569623,2.158173369036046,0.25413591548003966,0.49740038641480017,0.3297198376119775
1.0865044483763424,13.917892236319418,2.722982120569623,2.158173369036046,0.25413591548003966,0.49740038641480017,0.3297198376119775
1.0865044483763424,13.917892236319418,2.722982120569623,2.158173369036046,0.25413591548003966,0.49740038641480017,0.3297198376119775
1.0508044483763423,14.520892236319419,2.6118981205696232,2.8723733690360476,0.47844091548003964,0.6292343864148002,0.3031698376119775
1.0508044483763423,14.520892236319419,2.6118981205696232,2.8723733690360476,0.47844091548003964,0.6292343864148002,0.3031698376119775
1.0111344483763423,14.747092236319418,2.576193120569623,2.8365733690360457,0.4894269154800397,0.7537443864148001,0.3031698376119775
0.7572244483763422,14.67169223631942,2.5047821205696232,2.9119733690360476,0.4601299154800397,0.7336043864148001,0.3233108376119775
0.8286344483763424,14.933492236319417,2.2826141205696233,2.7969733690360457,0.4601299154800397,0.4424693864148002,0.2894368376119775
0.7929294483763423,14.897792236319418,2.3936981205696233,2.7215733690360473,0.47203191548003964,0.4836683864148002,0.3159868376119775
0.7175514483763423,14.933492236319417,2.5404871205696233,2.495473369036045,0.3722389154800396,0.5880343864148001,0.34345283761197754
0.9040144483763424,14.933492236319417,2.4294031205696234,2.0828733690360473,0.24864291548003958,0.6017743864148002,0.28302783761197753
0.9397144483763424,14.933492236319417,2.6118981205696232,2.1224733690360473,0.23124791548003965,0.5532443864148002,0.2958448376119775
1.0111344483763423,14.782792236319416,2.5404871205696233,1.7059733690360481,0.1717389154800396,0.5321903864148001,0.3361288376119775
0.8643444483763423,14.822392236319416,2.5404871205696233,1.5551733690360479,0.19004891548003966,0.5733943864148001,0.2894368376119775
0.7175514483763423,14.707392236319418,2.722982120569623,1.479773369036046,0.30174391548003965,0.6081843864148002,0.3233108376119775
1.0865044483763424,14.520892236319419,2.6515711205696233,1.293373369036047,0.3136459154800396,0.49740038641480017,0.3233108376119775
1.3086744483763424,14.330492236319419,2.6515711205696233,1.293373369036047,0.4070289154800396,0.4351453864148002,0.2491538376119775
1.1222144483763423,14.294792236319417,2.834062120569623,1.4044733690360474,0.38963391548003967,0.4424693864148002,0.3361288376119775
0.9754244483763423,14.219392236319418,2.798362120569623,1.4440733690360474,0.24864291548003958,0.4488773864148002,0.2958448376119775
0.9754244483763423,13.917892236319418,2.9808521205696232,1.479773369036046,0.33104091548003967,0.4699353864148002,0.3297198376119775
1.2690044483763423,13.656092236319417,2.7586921205696235,1.4440733690360474,0.24223391548003959,0.4909923864148002,0.3031698376119775
1.1222144483763423,13.691792236319419,2.9054821205696233,1.3290733690360454,0.2779399154800396,0.4488773864148002,0.25556183761197754
1.0508044483763423,13.957592236319417,2.7586921205696235,1.3687733690360453,0.23124791548003965,0.4772593864148002,0.3159868376119775
1.0865044483763424,14.219392236319418,2.7586921205696235,1.5194733690360458,0.3841409154800396,0.4836683864148002,0.24274483761197752
1.1975944483763423,14.330492236319419,2.834062120569623,1.856673369036045,0.4601299154800397,0.4351453864148002,0.3297198376119775
1.1222144483763423,14.370192236319419,2.798362120569623,2.1224733690360473,0.3722389154800396,0.37288938641480024,0.27570383761197753
1.0508044483763423,14.520892236319419,2.9808521205696232,2.384373369036048,0.47203191548003964,0.4287363864148002,0.24274483761197752
1.1975944483763423,14.707392236319418,2.798362120569623,2.495473369036045,0.4601299154800397,0.6502943864148001,0.3965528376119775
1.2690044483763423,14.782792236319416,2.722982120569623,2.610473369036047,0.3548439154800397,0.7537443864148001,0.2491538376119775
1.1579244483763422,14.933492236319417,2.9808521205696232,2.610473369036047,0.3777319154800396,0.7262843864148001,0.3159868376119775
1.1579244483763422,15.123892236319417,2.941182120569623,2.6461733690360454,0.11314491548003963,0.6292343864148002,0.3361288376119775
1.3086744483763424,15.199292236319419,3.1276421205696234,2.7215733690360473,0.1717389154800396,0.5944443864148001,0.2894368376119775
1.3086744483763424,15.199292236319419,3.1276421205696234,2.7215733690360473,0.1717389154800396,0.5944443864148001,0.2894368376119775
1.6736644483763423,15.35009223631942,3.1276421205696234,2.610473369036047,0.2779399154800396,0.5669843864148001,0.3635938376119775
1.6022544483763423,15.35009223631942,3.528342120569623,2.495473369036045,0.43083291548003966,0.5395143864148002,0.27570383761197753
1.6022544483763423,15.35009223631942,3.6394221205696233,2.308973369036046,0.4894269154800397,0.4699353864148002,0.3297198376119775
1.8204544483763425,15.425492236319418,3.4569321205696233,2.308973369036046,0.39604291548003967,0.39394638641480023,0.34986183761197753
1.7847544483763422,15.611892236319417,3.7108321205696235,2.0828733690360473,0.4665389154800397,0.33169038641480014,0.3233108376119775
1.8561644483763424,15.873792236319417,3.603722120569623,1.896373369036045,0.3072369154800396,0.40035538641480023,0.3159868376119775
1.8958344483763425,15.798392236319419,3.6394221205696233,1.7455733690360447,0.2779399154800396,0.5111333864148002,0.3031698376119775
1.7490444483763423,15.873792236319417,3.9687121205696236,1.7455733690360447,0.3072369154800396,0.5532443864148002,0.3297198376119775
1.9315444483763424,15.873792236319417,3.7505121205696232,1.856673369036045,0.1717389154800396,0.4772593864148002,0.30957783761197755
2.078334448376342,15.838092236319419,3.8933321205696236,1.896373369036045,0.32463191548003967,0.39394638641480023,0.2894368376119775
1.9672444483763423,15.798392236319419,3.9330021205696237,1.7813733690360465,0.33104091548003967,0.37288938641480024,0.34345283761197754
1.8958344483763425,15.798392236319419,3.7862121205696235,1.7813733690360465,0.2779399154800396,0.40035538641480023,0.3297198376119775
1.7847544483763422,15.873792236319417,3.9687121205696236,1.7059733690360481,0.4134379154800396,0.4626103864148002,0.28302783761197753
1.7847544483763422,15.873792236319417,3.9687121205696236,1.7059733690360481,0.4134379154800396,0.4626103864148002,0.28302783761197753
1.8204544483763425,15.98879223631942,3.8576221205696237,1.8209733690360466,0.3484359154800396,0.4772593864148002,0.3297198376119775
1.9315444483763424,15.838092236319419,3.6751321205696232,1.8209733690360466,0.3136459154800396,0.40035538641480023,0.3159868376119775
1.7847544483763422,15.687292236319418,3.7862121205696235,1.9717733690360468,0.4253399154800397,0.38021338641480024,0.2894368376119775
1.6379644483763423,15.576192236319418,3.603722120569623,2.2335733690360478,0.32463191548003967,0.4140873864148002,0.3297198376119775
1.6736644483763423,15.500792236319416,3.7108321205696235,2.4200733690360465,0.3722389154800396,0.5184583864148002,0.26288583761197754
1.7093744483763422,15.536492236319418,3.7862121205696235,2.384373369036048,0.3722389154800396,0.5459243864148002,0.28302783761197753
1.8958344483763425,15.722992236319417,3.7108321205696235,2.3446733690360446,0.24223391548003959,0.5184583864148002,0.34986183761197753
1.8204544483763425,15.94909223631942,3.8219221205696234,2.2692733690360463,0.24864291548003958,0.49740038641480017,0.26288583761197754
1.7490444483763423,16.099892236319416,3.7505121205696232,2.2335733690360478,0.3072369154800396,0.49740038641480017,0.3233108376119775
1.7490444483763423,16.064192236319418,3.6751321205696232,2.2692733690360463,0.3548439154800397,0.4351453864148002,0.3233108376119775
1.7490444483763423,15.762692236319417,3.7862121205696235,2.1224733690360473,0.5251319154800397,0.33169038641480014,0.2894368376119775
1.8561644483763424,15.687292236319418,3.7862121205696235,2.0074733690360453,0.43724191548003966,0.4140873864148002,0.3233108376119775
1.9672444483763423,15.873792236319417,3.9330021205696237,1.932073369036047,0.3548439154800397,0.4699353864148002,0.2894368376119775
2.1140344483763425,16.024492236319418,4.004412120569623,1.932073369036047,0.22483891548003965,0.4626103864148002,0.26929483761197753
2.2251244483763424,15.98879223631942,4.004412120569623,1.856673369036045,0.11863791548003966,0.4562023864148002,0.3635938376119775
2.002954448376342,15.98879223631942,4.226582120569623,1.8209733690360466,0.1717389154800396,0.4836683864148002,0.3031698376119775
2.1140344483763425,16.064192236319418,4.115502120569623,1.7059733690360481,0.13053991548003963,0.4699353864148002,0.27570383761197753
2.1497444483763424,15.98879223631942,4.079792120569623,1.8209733690360466,0.3191389154800396,0.40035538641480023,0.3159868376119775
2.078334448376342,15.838092236319419,4.040122120569623,1.7813733690360465,0.4601299154800397,0.28316738641480016,0.24274483761197752
2.002954448376342,15.913392236319417,4.040122120569623,1.8209733690360466,0.43724191548003966,0.22091138641480018,0.3361288376119775
1.8958344483763425,16.024492236319418,4.115502120569623,1.856673369036045,0.4601299154800397,0.26211038641480017,0.27570383761197753
2.002954448376342,16.175292236319418,4.151202120569623,1.7059733690360481,0.3841409154800396,0.35915638641480024,0.3233108376119775
2.1497444483763424,16.51649223631942,4.079792120569623,1.7813733690360465,0.23124791548003965,0.39394638641480023,0.30957783761197755
2.1894144483763425,16.702892236319418,4.186912120569623,1.670273369036046,0.2074439154800396,0.37288938641480024,0.25556183761197754
2.1894144483763425,16.62759223631942,4.226582120569623,1.856673369036045,0.14244191548003965,0.35183238641480014,0.26288583761197754
2.1497444483763424,16.47679223631942,4.186912120569623,2.047173369036045,0.16624591548003964,0.31795738641480015,0.3297198376119775
1.9672444483763423,16.47679223631942,4.151202120569623,2.2335733690360478,0.23674091548003962,0.35183238641480014,0.26288583761197754
1.9672444483763423,16.47679223631942,4.151202120569623,2.2335733690360478,0.23674091548003962,0.35183238641480014,0.26288583761197754
1.9672444483763423,16.47679223631942,4.151202120569623,2.2335733690360478,0.23674091548003962,0.35183238641480014,0.26288583761197754
2.002954448376342,16.702892236319418,4.151202120569623,2.384373369036048,0.29533491548003965,0.5733943864148001,0.3159868376119775
2.078334448376342,16.32599223631942,4.262292120569623,2.2335733690360478,0.3429419154800396,0.38021338641480024,0.3159868376119775
2.1497444483763424,16.250692236319416,4.151202120569623,2.2335733690360478,0.25413591548003966,0.24105338641480017,0.3031698376119775
2.1894144483763425,16.064192236319418,4.115502120569623,2.0828733690360473,0.30174391548003965,0.27584338641480016,0.2958448376119775
2.002954448376342,15.98879223631942,4.186912120569623,1.9717733690360468,0.3548439154800397,0.35915638641480024,0.26288583761197754
2.002954448376342,16.175292236319418,4.004412120569623,1.6305733690360462,0.23124791548003965,0.4772593864148002,0.3233108376119775
1.8958344483763425,16.250692236319416,4.040122120569623,1.5551733690360479,0.24223391548003959,0.4772593864148002,0.2894368376119775
1.8958344483763425,16.552192236319417,3.9687121205696236,1.4440733690360474,0.3072369154800396,0.4351453864148002,0.28302783761197753
1.8958344483763425,16.552192236319417,3.7862121205696235,1.4440733690360474,0.2129379154800396,0.31795738641480015,0.3635938376119775
1.8561644483763424,16.441092236319417,4.151202120569623,1.3687733690360453,0.33653391548003964,0.27584338641480016,0.2894368376119775
1.9315444483763424,16.290292236319416,4.186912120569623,1.3687733690360453,0.30174391548003965,0.35915638641480024,0.24274483761197752
2.1894144483763425,16.214992236319418,4.079792120569623,1.5194733690360458,0.15983691548003964,0.4351453864148002,0.3159868376119775
2.2251244483763424,16.401392236319417,4.297992120569623,1.5948733690360477,0.21934591548003968,0.3655643864148002,0.30957783761197755
2.1894144483763425,16.62759223631942,4.186912120569623,1.670273369036046,0.08384791548003961,0.39394638641480023,0.30957783761197755
2.1140344483763425,16.62759223631942,4.226582120569623,1.8209733690360466,0.06645291548003962,0.4699353864148002,0.3297198376119775
2.0426244483763423,16.742592236319418,4.186912120569623,1.932073369036047,0.24223391548003959,0.5047253864148002,0.27570383761197753
1.9672444483763423,16.81799223631942,4.004412120569623,2.158173369036046,0.22483891548003965,0.4140873864148002,0.2958448376119775
1.9672444483763423,17.079792236319417,4.004412120569623,2.1224733690360473,0.33104091548003967,0.31063338641480015,0.3159868376119775
1.9315444483763424,17.230592236319417,4.115502120569623,2.2692733690360463,0.39604291548003967,0.35183238641480014,0.2958448376119775
1.8958344483763425,17.381292236319418,4.079792120569623,2.3446733690360446,0.27244691548003963,0.38662238641480023,0.3562698376119775
1.9672444483763423,17.532092236319418,4.186912120569623,2.7215733690360473,0.26603791548003963,0.4140873864148002,0.25556183761197754
1.9672444483763423,17.64319223631942,4.186912120569623,2.6461733690360454,0.24223391548003959,0.4562023864148002,0.30957783761197755
2.0426244483763423,17.869292236319417,4.186912120569623,2.8365733690360457,0.12504691548003966,0.4214123864148002,0.3361288376119775
2.0426244483763423,17.869292236319417,4.262292120569623,2.761273369036047,0.2129379154800396,0.4626103864148002,0.26288583761197754
2.078334448376342,17.869292236319417,4.226582120569623,2.7215733690360473,0.23124791548003965,0.5257823864148001,0.34345283761197754
2.1497444483763424,17.908992236319417,4.262292120569623,2.495473369036045,0.21934591548003968,0.4699353864148002,0.26288583761197754
2.2251244483763424,17.83359223631942,4.4804921205696235,2.384373369036048,0.33104091548003967,0.37288938641480024,0.2958448376119775
2.260824448376342,17.79389223631942,4.262292120569623,2.3446733690360446,0.36583091548003965,0.28316738641480016,0.3159868376119775
2.260824448376342,17.68279223631942,4.516192120569623,2.047173369036045,0.3484359154800396,0.28957638641480016,0.28302783761197753
2.2251244483763424,17.64319223631942,4.409082120569623,1.7813733690360465,0.26054491548003966,0.38021338641480024,0.3297198376119775
2.1894144483763425,17.230592236319417,4.4804921205696235,1.896373369036045,0.19554291548003966,0.39394638641480023,0.25556183761197754
2.1894144483763425,17.00439223631942,4.4804921205696235,1.7455733690360447,0.1717389154800396,0.3655643864148002,0.2894368376119775
2.2251244483763424,16.702892236319418,4.369402120569624,1.5551733690360479,0.15983691548003964,0.32436638641480015,0.2894368376119775
2.2251244483763424,16.552192236319417,4.444782120569624,1.4440733690360474,0.2129379154800396,0.35915638641480024,0.30957783761197755
2.2251244483763424,16.47679223631942,4.369402120569624,1.293373369036047,0.15983691548003964,0.33809938641480014,0.30957783761197755
2.2251244483763424,16.62759223631942,4.444782120569624,1.1782733690360452,0.19004891548003966,0.30330938641480015,0.3159868376119775
2.1894144483763425,16.853692236319418,4.5558721205696235,1.1028733690360468,0.15983691548003964,0.28316738641480016,0.22260283761197752
2.296534448376342,16.893392236319418,4.627282120569623,1.1425733690360467,0.07743891548003962,0.1998543864148002,0.26929483761197753
2.4829944483763424,16.853692236319418,4.591572120569623,1.253673369036047,0.11863791548003966,0.1723883864148002,0.34986183761197753
2.4433244483763423,16.968692236319416,4.591572120569623,1.293373369036047,0.19004891548003966,0.24105338641480017,0.2024618376119775
2.5186944483763423,17.079792236319417,4.627282120569623,1.479773369036046,0.2129379154800396,0.34542338641480014,0.27570383761197753
2.5186944483763423,17.11549223631942,4.774072120569623,1.6305733690360462,0.23124791548003965,0.37288938641480024,0.3297198376119775
2.5186944483763423,17.15519223631942,4.885152120569623,1.896373369036045,0.23124791548003965,0.22091138641480018,0.23542083761197752
2.6654844483763425,17.381292236319418,4.885152120569623,2.1224733690360473,0.14244191548003965,0.11013238641480022,0.3233108376119775
2.7369044483763423,17.758192236319417,5.0319421205696235,2.610473369036047,0.21934591548003968,0.27584338641480016,0.23542083761197752
2.7369044483763423,17.758192236319417,5.0319421205696235,2.610473369036047,0.21934591548003968,0.27584338641480016,0.23542083761197752
2.7765744483763424,17.94469223631942,4.992272120569623,2.761273369036047,0.16624591548003964,0.4140873864148002,0.26288583761197754
2.8836844483763424,18.020092236319417,5.0319421205696235,2.947673369036046,0.15983691548003964,0.4424693864148002,0.3159868376119775
2.7765744483763424,18.095392236319416,5.103352120569624,2.9119733690360476,0.15434391548003967,0.38662238641480023,0.26929483761197753
2.812274448376342,18.285892236319416,4.9565621205696235,2.8723733690360476,0.11314491548003963,0.31795738641480015,0.3297198376119775
2.7765744483763424,18.396992236319416,4.9565621205696235,2.8365733690360457,0.11314491548003963,0.31063338641480015,0.3159868376119775
2.7369044483763423,18.47229223631942,4.9565621205696235,2.7215733690360473,0.25413591548003966,0.28957638641480016,0.28302783761197753
2.7369044483763423,18.698492236319417,4.809772120569623,2.535073369036045,0.26054491548003966,0.24105338641480017,0.2894368376119775
2.7011944483763424,18.73419223631942,4.845482120569623,2.308973369036046,0.26603791548003963,0.22732038641480018,0.26929483761197753
2.812274448376342,18.849192236319418,4.920862120569623,2.1978733690360457,0.3072369154800396,0.26943438641480016,0.28302783761197753
2.7369044483763423,18.698492236319417,4.9565621205696235,2.0828733690360473,0.12504691548003966,0.31063338641480015,0.28302783761197753
2.7765744483763424,18.73419223631942,5.139062120569624,1.856673369036045,0.13694891548003962,0.31795738641480015,0.3297198376119775
2.7765744483763424,18.73419223631942,5.139062120569624,1.856673369036045,0.13694891548003962,0.31795738641480015,0.3297198376119775
2.812274448376342,18.547692236319417,5.139062120569624,1.670273369036046,0.14244191548003965,0.31795738641480015,0.24274483761197752
2.847984448376342,18.51199223631942,5.0319421205696235,1.5948733690360477,0.08384791548003961,0.26943438641480016,0.3031698376119775
2.8836844483763424,18.285892236319416,5.0319421205696235,1.5194733690360458,0.06004391548003962,0.21358738641480018,0.30957783761197755
2.812274448376342,18.210492236319418,5.0319421205696235,1.293373369036047,0.03624091548003966,0.22732038641480018,0.2894368376119775
2.7011944483763424,17.908992236319417,5.178732120569624,1.293373369036047,0.07743891548003962,0.1723883864148002,0.3361288376119775
2.7011944483763424,17.908992236319417,5.178732120569624,1.293373369036047,0.07743891548003962,0.1723883864148002,0.3361288376119775
2.847984448376342,17.607492236319416,5.103352120569624,1.3290733690360454,0.1781479154800396,0.1723883864148002,0.2491538376119775
2.923364448376342,17.532092236319418,5.0319421205696235,1.4440733690360474,0.13694891548003962,0.22732038641480018,0.3031698376119775
2.7765744483763424,17.416992236319416,5.103352120569624,1.293373369036047,0.1781479154800396,0.1861213864148002,0.3159868376119775
2.812274448376342,17.381292236319418,5.103352120569624,1.479773369036046,0.20103591548003963,0.1861213864148002,0.22260283761197752
2.812274448376342,17.45669223631942,5.103352120569624,1.4044733690360474,0.14244191548003965,0.2062633864148002,0.3159868376119775
2.812274448376342,17.45669223631942,5.103352120569624,1.4044733690360474,0.14244191548003965,0.2062633864148002,0.3159868376119775
2.7765744483763424,17.758192236319417,5.139062120569624,1.5948733690360477,0.13053991548003963,0.2062633864148002,0.27570383761197753
2.7765744483763424,17.94469223631942,5.0319421205696235,1.7455733690360447,0.14885091548003965,0.1787973864148002,0.1749958376119775
2.7765744483763424,17.94469223631942,5.0319421205696235,1.7455733690360447,0.14885091548003965,0.1787973864148002,0.1749958376119775
2.7765744483763424,17.94469223631942,5.067652120569623,2.047173369036045,0.10765191548003966,0.1998543864148002,0.34986183761197753
2.7765744483763424,17.94469223631942,5.067652120569623,2.047173369036045,0.10765191548003966,0.1998543864148002,0.34986183761197753
2.7765744483763424,17.94469223631942,5.067652120569623,2.047173369036045,0.10765191548003966,0.1998543864148002,0.34986183761197753
2.7765744483763424,17.94469223631942,5.067652120569623,2.047173369036045,0.10765191548003966,0.1998543864148002,0.34986183761197753
2.9590644483763424,18.547692236319417,5.103352120569624,2.4200733690360465,0.14244191548003965,0.31063338641480015,0.30957783761197755
3.030474448376342,18.698492236319417,5.139062120569624,2.570773369036047,0.14244191548003965,0.28957638641480016,0.34345283761197754
3.030474448376342,18.849192236319418,5.250142120569623,2.4597733690360464,0.2129379154800396,0.26943438641480016,0.1887288376119775
2.9590644483763424,18.809592236319418,5.285852120569623,2.3446733690360446,0.25413591548003966,0.1650643864148002,0.26929483761197753
3.030474448376342,18.809592236319418,5.321552120569623,2.308973369036046,0.3136459154800396,0.2062633864148002,0.19513683761197753
3.105854448376342,18.77389223631942,5.285852120569623,2.158173369036046,0.19554291548003966,0.22732038641480018,0.3764118376119775
3.105854448376342,19.035692236319417,5.361222120569623,2.1224733690360473,0.08384791548003961,0.23464438641480018,0.23542083761197752
3.2169444483763425,19.11109223631942,5.285852120569623,1.896373369036045,0.07743891548003962,0.29690038641480015,0.2491538376119775
3.1415644483763425,19.30149223631942,5.396932120569623,1.7813733690360465,0.01884591548003961,0.31795738641480015,0.3901448376119775
3.105854448376342,19.186392236319417,5.432642120569623,1.5194733690360458,0.027846084519960346,0.26943438641480016,0.2491538376119775
3.030474448376342,19.15069223631942,5.361222120569623,1.5194733690360458,0.07743891548003962,0.1787973864148002,0.27570383761197753
3.0701544483763423,19.075392236319416,5.321552120569623,1.4440733690360474,0.15434391548003967,0.05428538641480024,0.28302783761197753
3.105854448376342,18.884892236319416,5.321552120569623,1.3687733690360453,0.16624591548003964,0.026819386414800195,0.26929483761197753
3.0701544483763423,18.884892236319416,5.396932120569623,1.3687733690360453,0.23124791548003965,0.07534238641480023,0.28302783761197753
3.0701544483763423,18.849192236319418,5.396932120569623,1.3290733690360454,0.08934091548003964,0.11013238641480022,0.27570383761197753
3.030474448376342,18.884892236319416,5.432642120569623,1.3687733690360453,0.004958084519960382,0.1723883864148002,0.2894368376119775
3.105854448376342,18.849192236319418,5.361222120569623,1.479773369036046,0.05165008451996034,0.21358738641480018,0.34345283761197754
3.1415644483763425,18.884892236319416,5.361222120569623,1.7059733690360481,0.14594908451996036,0.21358738641480018,0.28302783761197753
3.030474448376342,18.809592236319418,5.543722120569623,1.7059733690360481,0.07545408451996038,0.22732038641480018,0.30957783761197755
3.0701544483763423,18.73419223631942,5.432642120569623,1.896373369036045,0.010451084519960352,0.21358738641480018,0.3159868376119775
3.1415644483763425,18.47229223631942,5.285852120569623,2.1224733690360473,0.06004391548003962,0.22732038641480018,0.26288583761197754
3.030474448376342,18.58339223631942,5.321552120569623,2.3446733690360446,0.2074439154800396,0.1513313864148002,0.3297198376119775
2.923364448376342,18.698492236319417,5.321552120569623,2.308973369036046,0.15434391548003967,0.1375983864148002,0.2894368376119775
3.030474448376342,18.77389223631942,5.361222120569623,2.4200733690360465,0.13694891548003962,0.22732038641480018,0.3233108376119775
3.0701544483763423,18.809592236319418,5.396932120569623,2.2335733690360478,0.14885091548003965,0.27584338641480016,0.34986183761197753
3.030474448376342,19.15069223631942,5.250142120569623,2.3446733690360446,0.07194591548003965,0.25478638641480017,0.30957783761197755
3.030474448376342,19.15069223631942,5.250142120569623,2.3446733690360446,0.07194591548003965,0.25478638641480017,0.30957783761197755
3.030474448376342,19.26179223631942,5.321552120569623,2.2692733690360463,0.11314491548003963,0.1925303864148002,0.30957783761197755
3.1415644483763425,19.337192236319417,5.214442120569624,2.308973369036046,0.11863791548003966,0.21358738641480018,0.3233108376119775
3.105854448376342,19.226092236319417,5.178732120569624,2.2335733690360478,0.07743891548003962,0.1650643864148002,0.2958448376119775
2.9947744483763423,19.186392236319417,5.321552120569623,2.2692733690360463,0.05455091548003965,0.1723883864148002,0.2958448376119775
2.9947744483763423,19.337192236319417,5.214442120569624,2.158173369036046,0.034255084519960344,0.21358738641480018,0.28302783761197753
2.9947744483763423,19.337192236319417,5.214442120569624,2.158173369036046,0.034255084519960344,0.21358738641480018,0.28302783761197753
3.030474448376342,19.638692236319418,5.214442120569624,2.0074733690360453,0.06645291548003962,0.35915638641480024,0.3297198376119775
3.030474448376342,19.638692236319418,5.214442120569624,2.0074733690360453,0.06645291548003962,0.35915638641480024,0.3297198376119775
3.030474448376342,19.714092236319416,5.214442120569624,1.9717733690360468,0.06004391548003962,0.31063338641480015,0.22901183761197752
3.030474448376342,19.563292236319416,5.396932120569623,1.932073369036047,0.1781479154800396,0.03322838641480019,0.3297198376119775
3.0701544483763423,19.602992236319416,5.432642120569623,1.896373369036045,0.14244191548003965,0.007970613585199793,0.27570383761197753
3.2169444483763425,19.638692236319418,5.468342120569623,1.7813733690360465,0.1717389154800396,0.11654138641480022,0.3297198376119775
3.399434448376342,19.602992236319416,5.5080121205696235,1.670273369036046,0.10124291548003966,0.1440073864148002,0.3031698376119775
3.399434448376342,19.602992236319416,5.5080121205696235,1.670273369036046,0.10124291548003966,0.1440073864148002,0.3031698376119775
3.2883544483763423,19.602992236319416,5.5080121205696235,1.5948733690360477,0.006943915480039642,0.11013238641480022,0.3233108376119775
3.105854448376342,19.753792236319416,5.579432120569623,1.5551733690360479,0.05165008451996034,0.11013238641480022,0.34345283761197754
3.1772644483763424,19.829192236319418,5.579432120569623,1.5551733690360479,0.03974808451996037,0.06160938641480024,0.26288583761197754
3.2883544483763423,19.97989223631942,5.432642120569623,1.6305733690360462,0.06645291548003962,0.08175138641480023,0.34345283761197754
3.2883544483763423,19.97989223631942,5.432642120569623,1.6305733690360462,0.06645291548003962,0.08175138641480023,0.34345283761197754
2.9947744483763423,20.09099223631942,5.396932120569623,1.7059733690360481,0.1781479154800396,0.09548438641480023,0.3031698376119775
3.030474448376342,20.015592236319417,5.396932120569623,1.896373369036045,0.19554291548003966,0.019495386414800198,0.34345283761197754
2.9947744483763423,19.904492236319417,5.396932120569623,2.1224733690360473,0.1781479154800396,0.03322838641480019,0.2958448376119775
3.030474448376342,19.94019223631942,5.396932120569623,2.0828733690360473,0.08384791548003961,0.11654138641480022,0.4231038376119775
3.030474448376342,20.05129223631942,5.361222120569623,2.4597733690360464,0.03974808451996037,0.22732038641480018,0.2491538376119775
3.0701544483763423,20.126692236319418,5.285852120569623,2.535073369036045,0.08094708451996036,0.1925303864148002,0.3901448376119775
2.9590644483763424,19.97989223631942,5.396932120569623,2.570773369036047,0.08384791548003961,0.23464438641480018,0.22901183761197752
3.030474448376342,19.829192236319418,5.285852120569623,2.4200733690360465,0.19004891548003966,0.1723883864148002,0.4304278376119775
3.030474448376342,19.527592236319418,5.321552120569623,2.308973369036046,0.2074439154800396,0.1375983864148002,0.34345283761197754
3.030474448376342,19.714092236319416,5.396932120569623,2.047173369036045,0.24864291548003958,0.10280838641480022,0.2491538376119775
3.2169444483763425,19.487992236319418,5.321552120569623,1.932073369036047,0.11314491548003963,0.11654138641480022,0.4166948376119775
3.1772644483763424,19.376892236319417,5.396932120569623,1.856673369036045,0.0014509154800396162,0.1375983864148002,0.30957783761197755
3.105854448376342,19.226092236319417,5.543722120569623,1.7813733690360465,0.05714308451996036,0.1513313864148002,0.3233108376119775
3.1772644483763424,19.226092236319417,5.5080121205696235,1.7455733690360447,0.17524608451996035,0.24105338641480017,0.3700028376119775
3.2526444483763424,19.30149223631942,5.468342120569623,1.6305733690360462,0.12855408451996037,0.31063338641480015,0.3361288376119775
3.3637344483763423,19.30149223631942,5.432642120569623,1.6305733690360462,0.027846084519960346,0.31063338641480015,0.34345283761197754
3.1415644483763425,19.376892236319417,5.615132120569624,1.479773369036046,0.025253915480039635,0.11654138641480022,0.3562698376119775
3.324054448376342,19.376892236319417,5.579432120569623,1.3687733690360453,0.06645291548003962,0.11013238641480022,0.34345283761197754
3.4351444483763425,19.41259223631942,5.579432120569623,1.253673369036047,0.07743891548003962,0.03322838641480019,0.3562698376119775
3.3637344483763423,19.45229223631942,5.579432120569623,1.1425733690360467,0.06645291548003962,0.0015616135851997948,0.30957783761197755
3.2883544483763423,19.753792236319416,5.690512120569624,1.3290733690360454,0.01884591548003961,0.03322838641480019,0.4029618376119775
3.324054448376342,19.638692236319418,5.761922120569623,1.3290733690360454,0.08735508451996038,0.01529461358519979,0.3297198376119775
3.399434448376342,19.638692236319418,5.761922120569623,1.5194733690360458,0.13954008451996036,0.021703613585199788,0.34345283761197754
3.5819344483763422,19.829192236319418,5.761922120569623,1.5551733690360479,0.16334408451996035,0.08907538641480023,0.3031698376119775
3.6216044483763423,20.126692236319418,5.797632120569623,1.7455733690360447,0.13404708451996036,0.1513313864148002,0.3159868376119775
3.5105244483763425,20.352792236319416,5.797632120569623,1.932073369036047,0.022353084519960376,0.1375983864148002,0.34345283761197754
3.4351444483763425,20.42819223631942,5.690512120569624,2.0074733690360453,0.03624091548003966,0.10280838641480022,0.3031698376119775
3.3637344483763423,20.61859223631942,5.726222120569623,2.158173369036046,0.11314491548003963,0.0130863864148002,0.4029618376119775
3.324054448376342,20.72969223631942,5.726222120569623,2.3446733690360446,0.11863791548003966,0.03322838641480019,0.3361288376119775
3.399434448376342,20.955892236319418,5.761922120569623,2.535073369036045,0.14885091548003965,0.019495386414800198,0.3159868376119775
3.5462244483763423,21.031192236319416,5.837302120569623,2.535073369036045,0.14244191548003965,0.08907538641480023,0.4029618376119775
3.5462244483763423,21.031192236319416,5.837302120569623,2.535073369036045,0.14244191548003965,0.08907538641480023,0.4029618376119775
3.6216044483763423,21.221692236319416,5.837302120569623,2.6858733690360452,0.06645291548003962,0.1440073864148002,0.28302783761197753
3.6573144483763422,21.25739223631942,5.944422120569623,2.6461733690360454,0.08094708451996036,0.12386538641480022,0.4102858376119775
3.6573144483763422,21.221692236319416,5.873002120569623,2.4597733690360464,0.08094708451996036,0.08907538641480023,0.2958448376119775
3.6573144483763422,21.221692236319416,5.837302120569623,2.3446733690360446,0.0014509154800396162,0.10280838641480022,0.3159868376119775
3.6573144483763422,21.221692236319416,5.837302120569623,2.3446733690360446,0.0014509154800396162,0.10280838641480022,0.3159868376119775
3.7683944483763425,21.10659223631942,5.761922120569623,2.2692733690360463,0.20103591548003963,0.026819386414800195,0.3297198376119775
3.7683944483763425,21.031192236319416,5.944422120569623,2.2692733690360463,0.23674091548003962,0.05649361358519983,0.3828208376119775
3.7287244483763424,20.955892236319418,6.019792120569623,2.2335733690360478,0.1781479154800396,0.007970613585199793,0.3562698376119775
3.9151844483763423,20.844792236319417,6.019792120569623,2.1978733690360457,0.09574991548003964,0.03322838641480019,0.2958448376119775
3.9508844483763426,20.46789223631942,6.019792120569623,2.0828733690360473,0.01884591548003961,0.05428538641480024,0.34986183761197753
3.9508844483763426,20.317092236319418,6.091212120569623,2.1224733690360473,0.09284908451996038,0.06160938641480024,0.3635938376119775
3.9151844483763423,20.241692236319416,6.091212120569623,1.856673369036045,0.13404708451996036,0.11654138641480022,0.3562698376119775
3.9151844483763423,20.202092236319416,6.091212120569623,1.7455733690360447,0.06904508451996039,0.1375983864148002,0.4166948376119775
3.9508844483763426,20.05129223631942,6.019792120569623,1.7059733690360481,0.022353084519960376,0.09548438641480023,0.30957783761197755
3.8398044483763423,19.904492236319417,6.091212120569623,1.479773369036046,0.03624091548003966,0.042760613585199836,0.3361288376119775
3.7683944483763425,20.05129223631942,5.984092120569623,1.1782733690360452,0.006943915480039642,0.20938661358519983,0.4166948376119775
3.7683944483763425,20.126692236319418,6.019792120569623,1.1782733690360452,0.01335291548003964,0.18100461358519981,0.3159868376119775
3.875514448376342,20.277492236319418,6.091212120569623,1.253673369036047,0.04264891548003963,0.07022661358519983,0.34986183761197753
4.022304448376342,20.352792236319416,6.166582120569623,1.4044733690360474,0.20454308451996037,0.0015616135851997948,0.3233108376119775
4.097674448376343,20.392492236319416,6.055502120569623,1.5551733690360479,0.22193808451996036,0.021703613585199788,0.4505698376119775
3.9151844483763423,20.46789223631942,6.055502120569623,1.856673369036045,0.12855408451996037,0.029027613585199785,0.3700028376119775
3.7683944483763425,20.76939223631942,6.091212120569623,1.9717733690360468,0.05714308451996036,0.005762386414800202,0.3764118376119775
3.875514448376342,21.29699223631942,6.019792120569623,2.308973369036046,0.13053991548003963,0.06381761358519983,0.3562698376119775
3.9151844483763423,21.332792236319417,5.944422120569623,2.4597733690360464,0.10765191548003966,0.09769161358519979,0.3700028376119775
3.8398044483763423,21.483492236319417,6.019792120569623,2.535073369036045,0.0014509154800396162,0.03543661358519978,0.3901448376119775
3.7287244483763424,21.594592236319418,5.984092120569623,2.495473369036045,0.06355208451996036,0.05428538641480024,0.30957783761197755
3.9508844483763426,21.784992236319418,6.091212120569623,2.610473369036047,0.12214508451996037,0.1861213864148002,0.3297198376119775
4.022304448376342,21.860392236319417,5.944422120569623,2.570773369036047,0.24024808451996038,0.24105338641480017,0.3828208376119775
3.9151844483763423,21.971492236319417,6.055502120569623,2.4597733690360464,0.20454308451996037,0.11654138641480022,0.3700028376119775
3.875514448376342,22.011192236319417,5.944422120569623,2.2335733690360478,0.16334408451996035,0.040552386414800135,0.25556183761197754
3.9151844483763423,22.04689223631942,5.984092120569623,2.158173369036046,0.027846084519960346,0.007970613585199793,0.4166948376119775
3.9508844483763426,21.93579223631942,6.091212120569623,2.1224733690360473,0.08384791548003961,0.021703613585199788,0.3562698376119775
3.9508844483763426,22.011192236319417,6.126912120569623,2.0074733690360453,0.10765191548003966,0.13248161358519983,0.3700028376119775
4.022304448376342,21.860392236319417,6.091212120569623,2.0074733690360453,0.030747915480039634,0.13248161358519983,0.4231038376119775
4.169084448376342,21.594592236319418,6.126912120569623,1.932073369036047,0.05714308451996036,0.06381761358519983,0.34345283761197754
4.208764448376343,21.40809223631942,6.091212120569623,1.856673369036045,0.08094708451996036,0.01529461358519979,0.3031698376119775
4.0619744483763425,21.332792236319417,6.202292120569623,1.8209733690360466,0.12214508451996037,0.005762386414800202,0.4029618376119775
3.9865944483763425,21.25739223631942,6.202292120569623,1.7059733690360481,0.03974808451996037,0.042760613585199836,0.4102858376119775
4.244464448376342,21.10659223631942,6.126912120569623,1.670273369036046,0.0014509154800396162,0.08395861358519979,0.3159868376119775
4.280174448376342,21.070892236319416,6.055502120569623,1.6305733690360462,0.10765191548003966,0.14621461358519983,0.4231038376119775
4.133384448376343,21.031192236319416,6.091212120569623,1.479773369036046,0.08384791548003961,0.2505846135851998,0.3700028376119775
3.9865944483763425,20.955892236319418,6.273702120569623,1.217973369036045,0.0014509154800396162,0.1608636135851998,0.34986183761197753
4.133384448376343,20.805092236319418,6.238002120569623,1.1028733690360468,0.04615708451996037,0.007970613585199793,0.3965528376119775
4.280174448376342,20.61859223631942,6.166582120569623,1.217973369036045,0.15785108451996036,0.0130863864148002,0.3233108376119775
4.208764448376343,20.503592236319417,6.166582120569623,1.253673369036047,0.17524608451996035,0.08395861358519979,0.3901448376119775
4.097674448376343,20.42819223631942,6.091212120569623,1.217973369036045,0.18073908451996037,0.1535396135851998,0.4432448376119775
3.9508844483763426,20.352792236319416,6.019792120569623,1.3687733690360453,0.11665208451996037,0.09128361358519982,0.3159868376119775
3.9865944483763425,20.277492236319418,5.944422120569623,1.4440733690360474,0.04615708451996037,0.03543661358519978,0.3901448376119775
3.9865944483763425,20.317092236319418,5.797632120569623,1.5948733690360477,0.03974808451996037,0.06381761358519983,0.4304278376119775
3.9865944483763425,20.317092236319418,5.797632120569623,1.5948733690360477,0.03974808451996037,0.06381761358519983,0.4304278376119775
3.9865944483763425,20.317092236319418,5.797632120569623,1.5948733690360477,0.03974808451996037,0.06381761358519983,0.4304278376119775
3.7683944483763425,20.844792236319417,5.761922120569623,1.932073369036047,0.025253915480039635,0.11234061358519981,0.3635938376119775
3.7683944483763425,20.844792236319417,5.761922120569623,1.932073369036047,0.025253915480039635,0.11234061358519981,0.3635938376119775
3.7683944483763425,20.844792236319417,5.761922120569623,1.932073369036047,0.025253915480039635,0.11234061358519981,0.3635938376119775
3.7683944483763425,20.844792236319417,5.761922120569623,1.932073369036047,0.025253915480039635,0.11234061358519981,0.3635938376119775
3.7683944483763425,21.10659223631942,5.690512120569624,2.4597733690360464,0.15144208451996036,0.049168613585199805,0.3562698376119775
3.8040944483763424,21.332792236319417,5.690512120569624,2.4597733690360464,0.10475008451996037,0.026819386414800195,0.4102858376119775
3.875514448376342,21.51919223631942,5.761922120569623,2.495473369036045,0.05714308451996036,0.1513313864148002,0.3159868376119775
3.9865944483763425,21.74529223631942,5.690512120569624,2.4597733690360464,0.034255084519960344,0.1723883864148002,0.34986183761197753
3.9865944483763425,21.93579223631942,5.726222120569623,2.384373369036048,0.004958084519960382,0.03322838641480019,0.34986183761197753
3.9865944483763425,22.23729223631942,5.797632120569623,2.308973369036046,0.03624091548003966,0.09769161358519979,0.3159868376119775
4.022304448376342,22.23729223631942,5.837302120569623,2.384373369036048,0.04615708451996037,0.13248161358519983,0.4102858376119775
4.097674448376343,22.23729223631942,5.984092120569623,2.4200733690360465,0.06355208451996036,0.042760613585199836,0.34345283761197754
4.244464448376342,22.23729223631942,6.019792120569623,2.2692733690360463,0.10475008451996037,0.040552386414800135,0.3297198376119775
4.315874448376342,22.161892236319417,6.055502120569623,2.308973369036046,0.15144208451996036,0.03322838641480019,0.2958448376119775
4.426964448376342,22.312692236319418,6.126912120569623,2.2692733690360463,0.11665208451996037,0.019495386414800198,0.3635938376119775
4.4626644483763425,22.348392236319416,6.166582120569623,2.2692733690360463,0.16334408451996035,0.03543661358519978,0.3361288376119775
4.391254448376342,22.423792236319418,6.238002120569623,2.1978733690360457,0.09834208451996035,0.03543661358519978,0.3361288376119775
4.4626644483763425,22.57449223631942,6.273702120569623,2.0828733690360473,0.0014509154800396162,0.10501661358519981,0.34345283761197754
4.502344448376342,22.499092236319417,6.313372120569623,2.0074733690360453,0.03624091548003966,0.18832961358519978,0.3965528376119775
4.5380444483763425,22.57449223631942,6.273702120569623,1.9717733690360468,0.015944084519960378,0.2643176135851998,0.3562698376119775
4.5380444483763425,22.538792236319416,6.349082120569623,1.7813733690360465,0.01335291548003964,0.2917836135851998,0.3635938376119775
4.5380444483763425,22.538792236319416,6.349082120569623,1.7059733690360481,0.06355208451996036,0.2231196135851998,0.3361288376119775
4.573754448376342,22.57449223631942,6.384782120569623,1.5551733690360479,0.12855408451996037,0.11234061358519981,0.3635938376119775
4.649134448376342,22.538792236319416,6.460162120569623,1.4044733690360474,0.15144208451996036,0.14621461358519983,0.3901448376119775
4.609454448376343,22.57449223631942,6.349082120569623,1.3687733690360453,0.12214508451996037,0.23685261358519982,0.3764118376119775
4.609454448376343,22.423792236319418,6.166582120569623,1.3687733690360453,0.11665208451996037,0.2716426135851998,0.2958448376119775
4.4626644483763425,22.387992236319416,6.384782120569623,1.4440733690360474,0.03974808451996037,0.2569936135851998,0.3700028376119775
4.4626644483763425,22.312692236319418,6.273702120569623,1.5551733690360479,0.022353084519960376,0.2295276135851998,0.3965528376119775
4.5380444483763425,22.19759223631942,6.238002120569623,1.5948733690360477,0.05714308451996036,0.24326061358519982,0.2894368376119775
4.609454448376343,22.161892236319417,6.313372120569623,1.8209733690360466,0.03974808451996037,0.2505846135851998,0.3297198376119775
4.609454448376343,22.122192236319417,6.166582120569623,1.896373369036045,0.07545408451996038,0.2157946135851998,0.3764118376119775
4.502344448376342,22.08649223631942,6.166582120569623,2.1224733690360473,0.10475008451996037,0.13248161358519983,0.3635938376119775
4.4626644483763425,21.89609223631942,6.202292120569623,2.1978733690360457,0.08094708451996036,0.005762386414800202,0.34345283761197754
4.426964448376342,21.74529223631942,6.166582120569623,2.308973369036046,0.13954008451996036,0.0130863864148002,0.3562698376119775
4.502344448376342,21.784992236319418,6.126912120569623,2.3446733690360446,0.16334408451996035,0.042760613585199836,0.3965528376119775
4.4626644483763425,21.784992236319418,6.126912120569623,2.495473369036045,0.18073908451996037,0.11874861358519984,0.34986183761197753
4.391254448376342,21.784992236319418,6.055502120569623,2.495473369036045,0.19905008451996037,0.1260736135851998,0.4505698376119775
4.4626644483763425,21.89609223631942,6.126912120569623,2.4200733690360465,0.16975308451996035,0.11234061358519981,0.3901448376119775
4.502344448376342,21.784992236319418,6.202292120569623,2.3446733690360446,0.11665208451996037,0.06381761358519983,0.3233108376119775
4.426964448376342,21.93579223631942,6.126912120569623,2.308973369036046,0.12855408451996037,0.08395861358519979,0.3901448376119775
4.502344448376342,22.122192236319417,6.091212120569623,2.2692733690360463,0.09834208451996035,0.1535396135851998,0.3965528376119775
4.502344448376342,22.161892236319417,6.091212120569623,2.1978733690360457,0.11665208451996037,0.1947376135851998,0.26288583761197754
4.502344448376342,22.272992236319418,6.166582120569623,2.1978733690360457,0.09834208451996035,0.18832961358519978,0.4102858376119775
4.5380444483763425,22.161892236319417,6.202292120569623,2.0074733690360453,0.20454308451996037,0.1398066135851998,0.3159868376119775
4.649134448376342,22.19759223631942,6.349082120569623,2.047173369036045,0.26954548451996035,0.09769161358519979,0.3764118376119775
4.756244448376342,22.312692236319418,6.384782120569623,1.896373369036045,0.31074418451996033,0.09769161358519979,0.3965528376119775
4.867334448376343,22.387992236319416,6.313372120569623,1.932073369036047,0.32264608451996035,0.1260736135851998,0.34345283761197754
4.978414448376342,22.463392236319418,6.384782120569623,1.7813733690360465,0.24574178451996037,0.1398066135851998,0.34986183761197753
4.867334448376343,22.499092236319417,6.384782120569623,1.856673369036045,0.21095208451996036,0.1260736135851998,0.4633868376119775
4.756244448376342,22.538792236319416,6.384782120569623,1.7813733690360465,0.16334408451996035,0.11874861358519984,0.3159868376119775
4.756244448376342,22.76489223631942,6.420492120569623,1.670273369036046,0.08735508451996038,0.14621461358519983,0.3159868376119775
4.867334448376343,22.951392236319418,6.384782120569623,1.670273369036046,0.034255084519960344,0.2569936135851998,0.3635938376119775
4.903034448376342,23.062492236319418,6.273702120569623,1.5551733690360479,0.11665208451996037,0.2505846135851998,0.4304278376119775
4.903034448376342,23.102192236319414,6.420492120569623,1.479773369036046,0.19264108451996037,0.2505846135851998,0.34345283761197754
4.831624448376342,23.13789223631942,6.495872120569623,1.3687733690360453,0.22193808451996036,0.1745966135851998,0.3562698376119775
4.831624448376342,23.21319223631942,6.460162120569623,1.4044733690360474,0.23384008451996036,0.2020616135851998,0.3965528376119775
4.867334448376343,23.28859223631942,6.349082120569623,1.4440733690360474,0.15144208451996036,0.23685261358519982,0.3901448376119775
4.831624448376342,23.328292236319417,6.349082120569623,1.3687733690360453,0.12214508451996037,0.2780506135851998,0.34986183761197753
4.903034448376342,23.47909223631942,6.420492120569623,1.3290733690360454,0.10475008451996037,0.3201656135851998,0.34986183761197753
4.867334448376343,23.55439223631942,6.384782120569623,1.3290733690360454,0.13404708451996036,0.29910761358519977,0.3828208376119775
4.649134448376342,23.363992236319415,6.420492120569623,1.479773369036046,0.17524608451996035,0.29910761358519977,0.3965528376119775
4.831624448376342,23.328292236319417,6.420492120569623,1.6305733690360462,0.18714808451996037,0.2716426135851998,0.3635938376119775
4.903034448376342,23.13789223631942,6.384782120569623,1.856673369036045,0.21095208451996036,0.2231196135851998,0.3700028376119775
4.867334448376343,22.951392236319418,6.460162120569623,1.932073369036047,0.22193808451996036,0.14621461358519983,0.4029618376119775
4.903034448376342,22.91569223631942,6.384782120569623,2.1224733690360473,0.22834708451996036,0.11874861358519984,0.3159868376119775
4.978414448376342,22.689592236319417,6.313372120569623,2.2692733690360463,0.23384008451996036,0.10501661358519981,0.3700028376119775
4.867334448376343,22.689592236319417,6.420492120569623,2.384373369036048,0.22834708451996036,0.08395861358519979,0.4505698376119775
4.795924448376343,22.72529223631942,6.384782120569623,2.4200733690360465,0.29884228451996037,0.14621461358519983,0.3965528376119775
4.903034448376342,22.689592236319417,6.460162120569623,2.610473369036047,0.2576435845199604,0.1608636135851998,0.2894368376119775
5.014124448376342,22.840292236319417,6.420492120569623,2.6858733690360452,0.20454308451996037,0.18100461358519981,0.5036698376119776
4.978414448376342,22.76489223631942,6.420492120569623,2.495473369036045,0.22834708451996036,0.2231196135851998,0.3562698376119775
5.014124448376342,22.649892236319417,6.460162120569623,2.535073369036045,0.25215038451996036,0.1608636135851998,0.3562698376119775
4.903034448376342,22.649892236319417,6.460162120569623,2.535073369036045,0.26954548451996035,0.1608636135851998,0.4231038376119775
4.942714448376343,22.689592236319417,6.384782120569623,2.4597733690360464,0.2814472845199604,0.1947376135851998,0.4029618376119775
4.903034448376342,22.800592236319417,6.420492120569623,2.4597733690360464,0.2750385845199604,0.2231196135851998,0.30957783761197755
4.978414448376342,22.72529223631942,6.460162120569623,2.384373369036048,0.19264108451996037,0.20938661358519983,0.3828208376119775
5.014124448376342,22.57449223631942,6.460162120569623,2.308973369036046,0.22193808451996036,0.18100461358519981,0.3361288376119775
5.049824448376342,22.463392236319418,6.420492120569623,2.308973369036046,0.2814472845199604,0.2020616135851998,0.3562698376119775
5.049824448376342,22.463392236319418,6.420492120569623,2.308973369036046,0.2814472845199604,0.2020616135851998,0.3562698376119775
5.049824448376342,22.463392236319418,6.420492120569623,2.308973369036046,0.2814472845199604,0.2020616135851998,0.3562698376119775
5.049824448376342,22.463392236319418,6.420492120569623,2.308973369036046,0.2814472845199604,0.2020616135851998,0.3562698376119775
5.089504448376342,22.272992236319418,6.384782120569623,2.0074733690360453,0.21095208451996036,0.16727161358519982,0.3828208376119775
4.942714448376343,22.19759223631942,6.349082120569623,1.8209733690360466,0.22834708451996036,0.1608636135851998,0.4368368376119775
4.831624448376342,22.312692236319418,6.384782120569623,1.7455733690360447,0.15785108451996036,0.2231196135851998,0.3764118376119775
5.014124448376342,22.689592236319417,6.313372120569623,1.5194733690360458,0.19905008451996037,0.3686881135851998,0.4505698376119775
4.942714448376343,22.800592236319417,6.349082120569623,1.5551733690360479,0.21644508451996036,0.3403066135851998,0.3700028376119775
4.831624448376342,22.875992236319416,6.349082120569623,1.5194733690360458,0.2750385845199604,0.2643176135851998,0.3562698376119775
4.756244448376342,23.102192236319414,6.313372120569623,1.479773369036046,0.25215038451996036,0.20938661358519983,0.4166948376119775
4.795924448376343,23.252892236319415,6.273702120569623,1.3687733690360453,0.21644508451996036,0.23685261358519982,0.3562698376119775
4.903034448376342,23.328292236319417,6.273702120569623,1.3687733690360453,0.16334408451996035,0.3128406135851998,0.3764118376119775
4.903034448376342,23.328292236319417,6.273702120569623,1.3687733690360453,0.16334408451996035,0.3128406135851998,0.3764118376119775
4.756244448376342,23.439392236319417,6.238002120569623,1.4440733690360474,0.24024808451996038,0.4309439135851998,0.3700028376119775
4.720544448376343,23.51479223631942,6.166582120569623,1.4044733690360474,0.24024808451996038,0.4510855135851998,0.3635938376119775
4.756244448376342,23.55439223631942,6.273702120569623,1.4440733690360474,0.15144208451996036,0.3476306135851998,0.3965528376119775
4.795924448376343,23.66549223631942,6.202292120569623,1.5194733690360458,0.17524608451996035,0.2853746135851998,0.4432448376119775
4.756244448376342,23.740892236319414,6.202292120569623,1.6305733690360462,0.24024808451996038,0.30551661358519977,0.3965528376119775
4.756244448376342,23.66549223631942,6.273702120569623,1.670273369036046,0.26954548451996035,0.3128406135851998,0.3562698376119775
4.756244448376342,23.55439223631942,6.238002120569623,1.7813733690360465,0.34004105451996036,0.3201656135851998,0.4368368376119775
4.756244448376342,23.47909223631942,6.273702120569623,1.8209733690360466,0.3638447845199604,0.2716426135851998,0.4505698376119775
4.720544448376343,23.439392236319417,6.238002120569623,1.932073369036047,0.36933788451996036,0.1745966135851998,0.3635938376119775
4.867334448376343,23.55439223631942,6.273702120569623,2.1224733690360473,0.35743608451996034,0.24326061358519982,0.3635938376119775
4.756244448376342,23.590092236319418,6.238002120569623,2.1978733690360457,0.4105366845199604,0.3128406135851998,0.4707108376119775
4.609454448376343,23.590092236319418,6.273702120569623,2.2335733690360478,0.37574658451996035,0.3750968135851998,0.3159868376119775
4.609454448376343,23.66549223631942,6.238002120569623,2.2335733690360478,0.34553422051996036,0.3338976135851998,0.4368368376119775
4.649134448376342,23.816292236319416,6.166582120569623,2.3446733690360446,0.32264608451996035,0.2917836135851998,0.4166948376119775
4.5380444483763425,23.966992236319417,6.091212120569623,2.3446733690360446,0.2576435845199604,0.20938661358519983,0.3233108376119775
4.684834448376343,24.00669223631942,6.091212120569623,2.4597733690360464,0.2814472845199604,0.23685261358519982,0.3828208376119775
4.720544448376343,24.00669223631942,6.091212120569623,2.570773369036047,0.26313678451996037,0.2853746135851998,0.4505698376119775
4.684834448376343,23.891592236319415,6.126912120569623,2.6461733690360454,0.35194291451996035,0.2917836135851998,0.3764118376119775
4.573754448376342,23.891592236319415,6.126912120569623,2.6461733690360454,0.42793168451996033,0.3476306135851998,0.4368368376119775
4.609454448376343,23.966992236319417,6.166582120569623,2.535073369036045,0.45814408451996036,0.23685261358519982,0.3965528376119775
4.720544448376343,23.93129223631942,6.166582120569623,2.535073369036045,0.4105366845199604,0.2157946135851998,0.3635938376119775
4.720544448376343,23.780592236319418,6.166582120569623,2.495473369036045,0.35194291451996035,0.2505846135851998,0.4304278376119775
4.684834448376343,23.855892236319416,6.091212120569623,2.4597733690360464,0.29884228451996037,0.29910761358519977,0.34986183761197753
4.649134448376342,23.780592236319418,6.126912120569623,2.4597733690360464,0.17524608451996035,0.3476306135851998,0.3965528376119775
4.684834448376343,23.855892236319416,6.126912120569623,2.2692733690360463,0.2750385845199604,0.3338976135851998,0.3635938376119775
4.720544448376343,23.816292236319416,6.166582120569623,2.1978733690360457,0.26954548451996035,0.2917836135851998,0.4304278376119775
4.795924448376343,23.780592236319418,6.019792120569623,2.1224733690360473,0.2576435845199604,0.23685261358519982,0.4368368376119775
4.684834448376343,23.705192236319416,6.126912120569623,2.0074733690360453,0.26954548451996035,0.2716426135851998,0.4102858376119775
4.573754448376342,23.740892236319414,6.166582120569623,1.896373369036045,0.2750385845199604,0.3403066135851998,0.4029618376119775
4.609454448376343,23.740892236319414,6.055502120569623,1.7813733690360465,0.25215038451996036,0.3824210135851998,0.34345283761197754
4.684834448376343,23.780592236319418,5.984092120569623,1.7813733690360465,0.24024808451996038,0.3686881135851998,0.4029618376119775
4.720544448376343,23.855892236319416,6.091212120569623,1.6305733690360462,0.22193808451996036,0.3686881135851998,0.3901448376119775
4.756244448376342,23.855892236319416,6.091212120569623,1.5948733690360477,0.2750385845199604,0.3686881135851998,0.3828208376119775
4.756244448376342,23.966992236319417,6.126912120569623,1.479773369036046,0.39314168451996034,0.3613636135851998,0.4029618376119775
4.795924448376343,23.891592236319415,6.273702120569623,1.5194733690360458,0.4462420845199604,0.3824210135851998,0.3562698376119775
4.903034448376342,23.740892236319414,6.238002120569623,1.5551733690360479,0.42793168451996033,0.4025626135851998,0.4102858376119775
4.903034448376342,23.740892236319414,6.202292120569623,1.5194733690360458,0.38673298451996035,0.4172110135851998,0.3828208376119775
4.831624448376342,23.740892236319414,6.238002120569623,1.4440733690360474,0.3986347845199604,0.4172110135851998,0.3901448376119775
4.867334448376343,23.705192236319416,6.238002120569623,1.5194733690360458,0.37574658451996035,0.3613636135851998,0.3965528376119775
4.942714448376343,23.855892236319416,6.273702120569623,1.5551733690360479,0.42243848451996036,0.3265736135851998,0.3828208376119775
5.014124448376342,24.00669223631942,6.420492120569623,1.5551733690360479,0.45814408451996036,0.3686881135851998,0.30957783761197755
4.978414448376342,24.04239223631942,6.349082120569623,1.5194733690360458,0.4810320845199604,0.4098868135851998,0.4304278376119775
5.049824448376342,24.04239223631942,6.313372120569623,1.5948733690360477,0.4810320845199604,0.4510855135851998,0.3965528376119775
4.978414448376342,23.966992236319417,6.273702120569623,1.5948733690360477,0.3986347845199604,0.3686881135851998,0.3635938376119775
5.014124448376342,23.855892236319416,6.349082120569623,1.7813733690360465,0.38673298451996035,0.24326061358519982,0.3965528376119775
4.978414448376342,23.93129223631942,6.384782120569623,1.7455733690360447,0.4343403845199604,0.2569936135851998,0.4029618376119775
4.903034448376342,24.00669223631942,6.313372120569623,1.7455733690360447,0.4343403845199604,0.29910761358519977,0.3965528376119775
4.978414448376342,24.157492236319417,6.313372120569623,1.856673369036045,0.5048360845199604,0.3476306135851998,0.3562698376119775
4.942714448376343,24.11779223631942,6.313372120569623,1.9717733690360468,0.5460350845199604,0.3540396135851998,0.3965528376119775
5.049824448376342,24.157492236319417,6.273702120569623,1.932073369036047,0.45173508451996036,0.3265736135851998,0.4432448376119775
4.942714448376343,24.082092236319415,6.420492120569623,2.0828733690360473,0.29884228451996037,0.30551661358519977,0.3635938376119775
4.903034448376342,24.00669223631942,6.238002120569623,2.1978733690360457,0.24574178451996037,0.4236197135851998,0.4368368376119775
4.903034448376342,24.00669223631942,6.238002120569623,2.1978733690360457,0.24574178451996037,0.4236197135851998,0.4368368376119775
4.978414448376342,24.232792236319415,6.238002120569623,2.3446733690360446,0.2814472845199604,0.5343985135851999,0.30957783761197755
5.049824448376342,24.232792236319415,6.273702120569623,2.308973369036046,0.28694048451996035,0.5417227135851999,0.4304278376119775
5.089504448376342,24.38359223631942,6.313372120569623,2.308973369036046,0.3638447845199604,0.4025626135851998,0.4166948376119775
5.089504448376342,24.49469223631942,6.349082120569623,2.3446733690360446,0.28694048451996035,0.2780506135851998,0.3159868376119775
5.089504448376342,24.53039223631942,6.313372120569623,2.535073369036045,0.26954548451996035,0.29910761358519977,0.4166948376119775
4.978414448376342,24.60579223631942,6.349082120569623,2.495473369036045,0.35743608451996034,0.4098868135851998,0.3828208376119775
5.014124448376342,24.49469223631942,6.384782120569623,2.610473369036047,0.2576435845199604,0.4584097535851998,0.4166948376119775
5.014124448376342,24.45899223631942,6.313372120569623,2.6461733690360454,0.2750385845199604,0.4721426635851998,0.3764118376119775
5.049824448376342,24.49469223631942,6.384782120569623,2.6461733690360454,0.2750385845199604,0.3888297135851998,0.3297198376119775
5.049824448376342,24.49469223631942,6.384782120569623,2.6461733690360454,0.2750385845199604,0.3888297135851998,0.3297198376119775
5.049824448376342,24.49469223631942,6.384782120569623,2.6461733690360454,0.2750385845199604,0.3888297135851998,0.3297198376119775
4.903034448376342,24.796192236319417,6.273702120569623,2.4200733690360465,0.33454788451996037,0.30551661358519977,0.4304278376119775
5.014124448376342,24.831892236319415,6.313372120569623,2.384373369036048,0.3812397845199604,0.3961539135851998,0.3562698376119775
5.049824448376342,24.720792236319415,6.420492120569623,2.495473369036045,0.4105366845199604,0.4584097535851998,0.3901448376119775
5.089504448376342,24.720792236319415,6.384782120569623,2.495473369036045,0.45173508451996036,0.4794669135851998,0.3965528376119775
5.014124448376342,24.796192236319417,6.460162120569623,2.4597733690360464,0.45814408451996036,0.4172110135851998,0.4231038376119775
5.049824448376342,24.64539223631942,6.420492120569623,2.4597733690360464,0.42793168451996033,0.3265736135851998,0.4029618376119775
5.089504448376342,24.720792236319415,6.384782120569623,2.3446733690360446,0.49934308451996035,0.3540396135851998,0.4029618376119775
4.942714448376343,24.907292236319417,6.460162120569623,2.2692733690360463,0.5341330845199603,0.3961539135851998,0.4304278376119775
4.903034448376342,24.87159223631942,6.349082120569623,2.2692733690360463,0.5405410845199603,0.3961539135851998,0.3562698376119775
4.978414448376342,24.907292236319417,6.238002120569623,2.158173369036046,0.42793168451996033,0.3824210135851998,0.4102858376119775
5.049824448376342,24.907292236319417,6.273702120569623,2.2692733690360463,0.3812397845199604,0.3824210135851998,0.3562698376119775
4.903034448376342,24.796192236319417,6.273702120569623,2.2692733690360463,0.39314168451996034,0.4510855135851998,0.3764118376119775
4.756244448376342,24.87159223631942,6.166582120569623,2.158173369036046,0.49293408451996035,0.5279898135851998,0.4102858376119775
4.867334448376343,24.796192236319417,6.166582120569623,2.0828733690360473,0.5515280845199604,0.3750968135851998,0.4102858376119775
4.867334448376343,24.796192236319417,6.166582120569623,1.9717733690360468,0.5634300845199604,0.3201656135851998,0.4707108376119775
4.720544448376343,24.87159223631942,6.166582120569623,1.896373369036045,0.5515280845199604,0.3265736135851998,0.3700028376119775
4.684834448376343,24.831892236319415,6.091212120569623,2.047173369036045,0.43983358451996035,0.4721426635851998,0.3159868376119775
4.649134448376342,24.64539223631942,6.019792120569623,2.1224733690360473,0.34553422051996036,0.5481314135851998,0.3965528376119775
4.609454448376343,24.60579223631942,5.984092120569623,2.0828733690360473,0.37574658451996035,0.5829216135851998,0.3562698376119775
4.5380444483763425,24.68109223631942,6.055502120569623,2.0074733690360453,0.3638447845199604,0.5554556135851998,0.3965528376119775
4.502344448376342,24.68109223631942,6.091212120569623,1.896373369036045,0.34553422051996036,0.4510855135851998,0.4166948376119775
4.609454448376343,24.60579223631942,5.984092120569623,1.896373369036045,0.33454788451996037,0.3961539135851998,0.3700028376119775
4.573754448376342,24.570092236319415,5.944422120569623,1.896373369036045,0.3812397845199604,0.44467681358519984,0.4102858376119775
4.426964448376342,24.49469223631942,5.984092120569623,1.8209733690360466,0.4105366845199604,0.5902456135851998,0.3700028376119775
4.426964448376342,24.38359223631942,5.908712120569623,1.7059733690360481,0.35743608451996034,0.6039786135851998,0.3764118376119775
4.5380444483763425,24.26849223631942,5.873002120569623,1.7059733690360481,0.3812397845199604,0.5765126135851998,0.3901448376119775
4.502344448376342,24.38359223631942,5.984092120569623,1.5551733690360479,0.38673298451996035,0.4309439135851998,0.3562698376119775
4.502344448376342,24.308192236319417,5.837302120569623,1.479773369036046,0.49934308451996035,0.44467681358519984,0.3700028376119775
4.391254448376342,24.343892236319416,5.873002120569623,1.5194733690360458,0.5698380845199604,0.5279898135851998,0.4569778376119775
4.391254448376342,24.343892236319416,5.797632120569623,1.5948733690360477,0.5222310845199604,0.5417227135851999,0.4029618376119775
4.391254448376342,24.343892236319416,5.797632120569623,1.5948733690360477,0.5222310845199604,0.5417227135851999,0.4029618376119775
4.391254448376342,24.419292236319418,5.690512120569624,1.5551733690360479,0.5167380845199604,0.4858756135851998,0.3700028376119775
4.208764448376343,24.38359223631942,5.726222120569623,1.6305733690360462,0.45814408451996036,0.4510855135851998,0.4102858376119775
4.133384448376343,24.419292236319418,5.690512120569624,1.7455733690360447,0.45173508451996036,0.43735261358519983,0.3297198376119775
4.244464448376342,24.49469223631942,5.690512120569624,1.7455733690360447,0.4874410845199604,0.44467681358519984,0.3965528376119775
4.280174448376342,24.45899223631942,5.6508421205696235,1.7455733690360447,0.49934308451996035,0.4648184475851998,0.3965528376119775
4.280174448376342,24.53039223631942,5.761922120569623,1.7059733690360481,0.5698380845199604,0.4510855135851998,0.3965528376119775
4.280174448376342,24.68109223631942,5.726222120569623,1.7455733690360447,0.5991350845199603,0.4236197135851998,0.4231038376119775
4.244464448376342,24.720792236319415,5.837302120569623,1.7813733690360465,0.5515280845199604,0.4098868135851998,0.3361288376119775
4.280174448376342,24.720792236319415,5.761922120569623,1.9717733690360468,0.45173508451996036,0.4794669135851998,0.3700028376119775
4.315874448376342,24.87159223631942,5.797632120569623,1.9717733690360468,0.4874410845199604,0.5481314135851998,0.4908528376119775
4.244464448376342,24.796192236319417,5.797632120569623,2.047173369036045,0.5286400845199604,0.5765126135851998,0.34986183761197753
4.208764448376343,24.946892236319417,5.944422120569623,2.1978733690360457,0.49934308451996035,0.5279898135851998,0.34345283761197754
4.426964448376342,24.98269223631942,5.797632120569623,2.2335733690360478,0.5515280845199604,0.4098868135851998,0.4432448376119775
4.5380444483763425,25.13339223631942,5.873002120569623,2.2692733690360463,0.4462420845199604,0.3265736135851998,0.30957783761197755
4.426964448376342,25.173092236319416,5.944422120569623,2.308973369036046,0.46363708451996033,0.4025626135851998,0.4102858376119775
4.315874448376342,25.284192236319416,5.873002120569623,2.384373369036048,0.47553908451996035,0.4996085135851998,0.4029618376119775
4.355554448376342,25.323792236319417,5.944422120569623,2.4200733690360465,0.43983358451996035,0.5279898135851998,0.3361288376119775
4.426964448376342,25.434892236319417,6.019792120569623,2.4597733690360464,0.45173508451996036,0.6250356135851998,0.3700028376119775
4.426964448376342,25.434892236319417,5.944422120569623,2.495473369036045,0.4105366845199604,0.5829216135851998,0.4029618376119775
4.355554448376342,25.625392236319417,5.873002120569623,2.384373369036048,0.3638447845199604,0.5343985135851999,0.3700028376119775
4.391254448376342,25.625392236319417,5.873002120569623,2.384373369036048,0.3812397845199604,0.4648184475851998,0.4304278376119775
4.4626644483763425,25.661092236319416,5.984092120569623,2.4597733690360464,0.34553422051996036,0.5133414135851998,0.4029618376119775
4.5380444483763425,25.736392236319414,5.797632120569623,2.4200733690360465,0.35743608451996034,0.5902456135851998,0.3901448376119775
4.4626644483763425,25.887192236319418,5.873002120569623,2.4200733690360465,0.37574658451996035,0.5554556135851998,0.4368368376119775
4.426964448376342,25.887192236319418,5.908712120569623,2.3446733690360446,0.3986347845199604,0.4996085135851998,0.34986183761197753
4.5380444483763425,25.887192236319418,6.019792120569623,2.3446733690360446,0.43983358451996035,0.43735261358519983,0.3764118376119775
4.5380444483763425,25.811792236319416,6.019792120569623,2.384373369036048,0.5286400845199604,0.43735261358519983,0.3764118376119775
4.684834448376343,25.85149223631942,5.944422120569623,2.4200733690360465,0.5579360845199604,0.5343985135851999,0.3901448376119775
4.649134448376342,25.85149223631942,5.984092120569623,2.4597733690360464,0.5579360845199604,0.4098868135851998,0.3901448376119775
4.502344448376342,25.776092236319418,5.944422120569623,2.4597733690360464,0.5341330845199603,0.3338976135851998,0.4102858376119775
4.4626644483763425,25.926892236319414,5.984092120569623,2.570773369036047,0.5222310845199604,0.3128406135851998,0.3828208376119775
4.573754448376342,25.99829223631942,5.908712120569623,2.6461733690360454,0.5405410845199603,0.4098868135851998,0.3965528376119775
4.573754448376342,25.99829223631942,6.019792120569623,2.6858733690360452,0.5222310845199604,0.5481314135851998,0.4166948376119775
4.573754448376342,26.07369223631942,5.908712120569623,2.7215733690360473,0.6165300845199604,0.5481314135851998,0.3764118376119775
4.609454448376343,25.96259223631942,6.019792120569623,2.6461733690360454,0.6339250845199604,0.4510855135851998,0.4102858376119775
4.573754448376342,25.99829223631942,6.126912120569623,2.610473369036047,0.5405410845199603,0.3540396135851998,0.3297198376119775
4.684834448376343,25.99829223631942,6.055502120569623,2.495473369036045,0.5460350845199604,0.3888297135851998,0.3233108376119775
4.720544448376343,25.96259223631942,5.984092120569623,2.4597733690360464,0.5991350845199603,0.5343985135851999,0.4569778376119775
4.609454448376343,25.99829223631942,6.126912120569623,2.4597733690360464,0.5753310845199604,0.6250356135851998,0.3828208376119775
4.684834448376343,25.96259223631942,6.126912120569623,2.4200733690360465,0.5927270845199604,0.6177116135851998,0.34986183761197753
4.720544448376343,26.07369223631942,6.055502120569623,2.384373369036048,0.5460350845199604,0.4858756135851998,0.4633868376119775
4.756244448376342,26.07369223631942,6.126912120569623,2.2335733690360478,0.5341330845199603,0.4721426635851998,0.3233108376119775
4.756244448376342,26.07369223631942,6.126912120569623,2.2335733690360478,0.5341330845199603,0.4721426635851998,0.3233108376119775
4.684834448376343,25.85149223631942,6.091212120569623,2.1978733690360457,0.4874410845199604,0.5691886135851998,0.2958448376119775
4.649134448376342,25.887192236319418,6.126912120569623,2.2335733690360478,0.5634300845199604,0.6662346135851998,0.3764118376119775
4.720544448376343,25.926892236319414,6.091212120569623,2.2692733690360463,0.46913008451996036,0.6103876135851998,0.4304278376119775
4.720544448376343,25.887192236319418,6.055502120569623,2.2335733690360478,0.43983358451996035,0.5554556135851998,0.4432448376119775
4.573754448376342,25.811792236319416,5.984092120569623,2.2692733690360463,0.45814408451996036,0.4721426635851998,0.3965528376119775
4.573754448376342,25.736392236319414,5.944422120569623,2.2692733690360463,0.4343403845199604,0.5829216135851998,0.4029618376119775
4.573754448376342,25.736392236319414,6.019792120569623,2.2335733690360478,0.3986347845199604,0.6937006135851997,0.4231038376119775
4.5380444483763425,25.811792236319416,5.837302120569623,2.1224733690360473,0.3812397845199604,0.6937006135851997,0.3764118376119775
4.5380444483763425,25.811792236319416,5.837302120569623,2.1224733690360473,0.3812397845199604,0.6937006135851997,0.3764118376119775
4.426964448376342,25.736392236319414,5.837302120569623,2.1224733690360473,0.4169453845199604,0.6314446135851999,0.3297198376119775
4.391254448376342,25.736392236319414,5.873002120569623,2.047173369036045,0.5222310845199604,0.5481314135851998,0.4029618376119775
4.502344448376342,25.776092236319418,5.873002120569623,1.9717733690360468,0.5927270845199604,0.5481314135851998,0.4368368376119775
4.573754448376342,25.700692236319416,5.873002120569623,1.9717733690360468,0.6751240845199604,0.5691886135851998,0.3828208376119775
4.609454448376343,25.661092236319416,5.944422120569623,1.856673369036045,0.6696310845199603,0.5829216135851998,0.34345283761197754
4.4626644483763425,25.549992236319415,6.019792120569623,1.896373369036045,0.7108300845199604,0.5829216135851998,0.4231038376119775
4.244464448376342,25.39919223631942,5.908712120569623,1.7813733690360465,0.6934350845199604,0.5343985135851999,0.3562698376119775
4.280174448376342,25.51029223631942,5.908712120569623,1.856673369036045,0.6110370845199604,0.5554556135851998,0.3901448376119775
4.280174448376342,25.47459223631942,5.873002120569623,1.7813733690360465,0.5753310845199604,0.6726436135851999,0.4304278376119775
4.315874448376342,25.51029223631942,5.761922120569623,1.856673369036045,0.5460350845199604,0.6799676135851997,0.3233108376119775
4.208764448376343,25.323792236319417,5.837302120569623,1.8209733690360466,0.6751240845199604,0.6039786135851998,0.4166948376119775
4.0619744483763425,25.248492236319418,5.837302120569623,1.856673369036045,0.7346330845199603,0.5481314135851998,0.3764118376119775
4.280174448376342,25.208792236319415,5.837302120569623,1.896373369036045,0.6110370845199604,0.5133414135851998,0.2958448376119775
4.208764448376343,25.248492236319418,5.726222120569623,1.896373369036045,0.5872330845199604,0.5829216135851998,0.3700028376119775
4.022304448376342,25.208792236319415,5.761922120569623,1.856673369036045,0.6458270845199603,0.6662346135851998,0.4231038376119775
4.022304448376342,25.208792236319415,5.761922120569623,1.856673369036045,0.6458270845199603,0.6662346135851998,0.4231038376119775
3.875514448376342,25.057992236319418,5.797632120569623,1.856673369036045,0.6751240845199604,0.6726436135851999,0.3635938376119775
3.9508844483763426,25.13339223631942,5.797632120569623,1.896373369036045,0.5872330845199604,0.6039786135851998,0.3635938376119775
4.022304448376342,25.359492236319415,5.726222120569623,1.856673369036045,0.5286400845199604,0.5481314135851998,0.4231038376119775
4.097674448376343,25.51029223631942,5.690512120569624,1.856673369036045,0.5048360845199604,0.5902456135851998,0.3965528376119775
4.022304448376342,25.58569223631942,5.726222120569623,1.896373369036045,0.4810320845199604,0.6250356135851998,0.3233108376119775
4.022304448376342,25.434892236319417,5.761922120569623,1.932073369036047,0.5579360845199604,0.6314446135851999,0.3901448376119775
4.097674448376343,25.47459223631942,5.908712120569623,2.0074733690360453,0.6165300845199604,0.6250356135851998,0.4029618376119775
4.208764448376343,25.51029223631942,5.873002120569623,2.047173369036045,0.5460350845199604,0.6387686135851998,0.3361288376119775
4.169084448376342,25.776092236319418,5.837302120569623,2.047173369036045,0.5579360845199604,0.6250356135851998,0.3635938376119775
4.133384448376343,25.85149223631942,5.797632120569623,2.0828733690360473,0.5579360845199604,0.6525016135851998,0.4102858376119775
4.133384448376343,25.736392236319414,5.837302120569623,2.1978733690360457,0.46363708451996033,0.7495476135851998,0.34345283761197754
4.133384448376343,25.811792236319416,5.797632120569623,2.0828733690360473,0.37574658451996035,0.7559566135851998,0.4304278376119775
4.097674448376343,25.887192236319418,5.761922120569623,2.047173369036045,0.38673298451996035,0.7358146135851997,0.3562698376119775
4.022304448376342,25.926892236319414,5.797632120569623,2.1224733690360473,0.42243848451996036,0.7074336135851998,0.3031698376119775
4.244464448376342,26.07369223631942,5.873002120569623,2.1978733690360457,0.6458270845199603,0.5829216135851998,0.34345283761197754
4.315874448376342,25.99829223631942,5.908712120569623,2.308973369036046,0.7163230845199604,0.6103876135851998,0.3361288376119775
4.280174448376342,25.99829223631942,6.019792120569623,2.1978733690360457,0.7758320845199604,0.5829216135851998,0.4707108376119775
4.169084448376342,26.11329223631942,5.984092120569623,2.308973369036046,0.7520280845199603,0.5279898135851998,0.34986183761197753
4.208764448376343,26.07369223631942,6.019792120569623,2.4200733690360465,0.7227310845199604,0.5618643135851998,0.30957783761197755
4.280174448376342,26.188692236319415,6.019792120569623,2.4200733690360465,0.6229390845199604,0.6872916135851999,0.4368368376119775
4.280174448376342,26.299792236319416,5.944422120569623,2.384373369036048,0.5817400845199604,0.8044786135851998,0.4368368376119775
4.280174448376342,26.299792236319416,6.091212120569623,2.4200733690360465,0.5753310845199604,0.7843376135851998,0.34986183761197753
4.315874448376342,26.33949223631942,6.091212120569623,2.4200733690360465,0.5991350845199603,0.6662346135851998,0.3828208376119775
4.391254448376342,26.450492236319416,6.126912120569623,2.4200733690360465,0.6641380845199604,0.6314446135851999,0.3764118376119775
4.4626644483763425,26.414792236319418,6.202292120569623,2.4200733690360465,0.6577290845199604,0.6525016135851998,0.3635938376119775
4.5380444483763425,26.299792236319416,6.166582120569623,2.3446733690360446,0.7346330845199603,0.6451776135851999,0.3965528376119775
4.355554448376342,26.22439223631942,6.202292120569623,2.4200733690360465,0.8170310845199604,0.7284906135851998,0.34986183761197753
4.280174448376342,26.188692236319415,6.273702120569623,2.570773369036047,0.7694230845199603,0.7147576135851998,0.4231038376119775
4.391254448376342,26.299792236319416,6.126912120569623,2.4597733690360464,0.7282250845199604,0.6525016135851998,0.3635938376119775
4.244464448376342,26.565592236319414,6.091212120569623,2.4200733690360465,0.5515280845199604,0.6451776135851999,0.4304278376119775
4.133384448376343,26.565592236319414,6.019792120569623,2.4597733690360464,0.5515280845199604,0.7495476135851998,0.3635938376119775
4.133384448376343,26.525892236319418,5.944422120569623,2.4200733690360465,0.5286400845199604,0.8392696135851998,0.3965528376119775
4.169084448376342,26.640992236319416,5.944422120569623,2.3446733690360446,0.5460350845199604,0.6937006135851997,0.3764118376119775
4.169084448376342,26.716392236319418,5.908712120569623,2.535073369036045,0.5579360845199604,0.6039786135851998,0.3764118376119775
4.097674448376343,26.60129223631942,5.873002120569623,2.495473369036045,0.5872330845199604,0.5829216135851998,0.3635938376119775
3.9508844483763426,26.49019223631942,5.873002120569623,2.535073369036045,0.5167380845199604,0.7358146135851997,0.3901448376119775
4.0619744483763425,26.450492236319416,5.797632120569623,2.4597733690360464,0.5103290845199604,0.8603266135851998,0.4029618376119775
3.9508844483763426,26.525892236319418,5.761922120569623,2.4200733690360465,0.5405410845199603,0.8118036135851998,0.3828208376119775
3.875514448376342,26.60129223631942,5.908712120569623,2.384373369036048,0.6284320845199604,0.7074336135851998,0.4633868376119775
3.8398044483763423,26.60129223631942,5.837302120569623,2.4597733690360464,0.6989280845199604,0.6250356135851998,0.4231038376119775
3.8040944483763424,26.60129223631942,5.797632120569623,2.4597733690360464,0.7401260845199604,0.5765126135851998,0.3297198376119775
3.8040944483763424,26.565592236319414,5.797632120569623,2.384373369036048,0.7163230845199604,0.6937006135851997,0.4029618376119775
3.8040944483763424,26.565592236319414,5.797632120569623,2.384373369036048,0.7163230845199604,0.6937006135851997,0.4029618376119775
3.8040944483763424,26.565592236319414,5.797632120569623,2.384373369036048,0.7163230845199604,0.6937006135851997,0.4029618376119775
3.8040944483763424,26.565592236319414,5.797632120569623,2.384373369036048,0.7163230845199604,0.6937006135851997,0.4029618376119775
3.8040944483763424,26.565592236319414,5.797632120569623,2.384373369036048,0.7163230845199604,0.6937006135851997,0.4029618376119775
3.6573144483763422,26.86709223631942,5.761922120569623,2.308973369036046,0.7465350845199603,0.6177116135851998,0.34345283761197754
3.5819344483763422,26.676692236319415,5.690512120569624,2.384373369036048,0.7575210845199604,0.7422236135851998,0.4029618376119775
3.6216044483763423,26.60129223631942,5.761922120569623,2.4597733690360464,0.7877340845199603,0.8118036135851998,0.4166948376119775
3.6930144483763425,26.450492236319416,5.726222120569623,2.495473369036045,0.6522360845199604,0.7147576135851998,0.3159868376119775
3.6930144483763425,26.450492236319416,5.726222120569623,2.495473369036045,0.6522360845199604,0.7147576135851998,0.3159868376119775
3.6573144483763422,26.525892236319418,5.761922120569623,2.3446733690360446,0.6522360845199604,0.5417227135851999,0.4231038376119775
3.7287244483763424,26.676692236319415,5.873002120569623,2.384373369036048,0.7520280845199603,0.5343985135851999,0.34345283761197754
3.8398044483763423,26.60129223631942,5.908712120569623,2.4200733690360465,0.7813250845199604,0.5765126135851998,0.4569778376119775
3.9508844483763426,26.60129223631942,5.837302120569623,2.4597733690360464,0.8344260845199604,0.6662346135851998,0.3562698376119775
3.7287244483763424,26.716392236319418,5.797632120569623,2.495473369036045,0.7520280845199603,0.7358146135851997,0.3635938376119775
3.8040944483763424,26.640992236319416,5.837302120569623,2.4597733690360464,0.5991350845199603,0.7211656135851998,0.5512778376119776
3.8398044483763423,26.60129223631942,5.797632120569623,2.4200733690360465,0.5167380845199604,0.7074336135851998,0.3159868376119775
3.8398044483763423,26.752092236319417,5.761922120569623,2.4200733690360465,0.49293408451996035,0.7284906135851998,0.3562698376119775
3.875514448376342,26.827392236319415,5.873002120569623,2.4200733690360465,0.6046280845199603,0.8182116135851998,0.4505698376119775
4.0619744483763425,26.94249223631942,5.984092120569623,2.2692733690360463,0.5817400845199604,0.7907466135851998,0.4102858376119775
4.022304448376342,26.97819223631942,5.944422120569623,2.4200733690360465,0.5460350845199604,0.7696886135851998,0.4231038376119775
4.022304448376342,26.827392236319415,5.984092120569623,2.495473369036045,0.43983358451996035,0.7907466135851998,0.3700028376119775
4.022304448376342,26.827392236319415,5.944422120569623,2.495473369036045,0.4462420845199604,0.8118036135851998,0.3700028376119775
3.9508844483763426,26.86709223631942,5.984092120569623,2.495473369036045,0.5515280845199604,0.8951166135851998,0.3562698376119775
4.097674448376343,26.94249223631942,6.055502120569623,2.535073369036045,0.6339250845199604,0.8951166135851998,0.4432448376119775
4.097674448376343,26.94249223631942,6.055502120569623,2.535073369036045,0.6339250845199604,0.8951166135851998,0.4432448376119775
4.208764448376343,27.017892236319415,6.202292120569623,2.570773369036047,0.7163230845199604,0.8603266135851998,0.4432448376119775
4.208764448376343,26.86709223631942,6.166582120569623,2.535073369036045,0.8051290845199603,0.7632806135851998,0.3562698376119775
4.169084448376342,26.791692236319417,6.126912120569623,2.570773369036047,0.7987200845199603,0.6314446135851999,0.4231038376119775
4.208764448376343,26.752092236319417,6.238002120569623,2.570773369036047,0.7575210845199604,0.5481314135851998,0.4432448376119775
4.208764448376343,26.565592236319414,6.126912120569623,2.6461733690360454,0.7694230845199603,0.5829216135851998,0.2894368376119775
4.208764448376343,26.565592236319414,6.202292120569623,2.610473369036047,0.7694230845199603,0.8118036135851998,0.4368368376119775
4.097674448376343,26.640992236319416,6.202292120569623,2.535073369036045,0.8518210845199604,0.9985706135851997,0.4432448376119775
4.022304448376342,26.86709223631942,6.202292120569623,2.4200733690360465,0.8225240845199604,0.9015246135851998,0.3700028376119775
4.133384448376343,26.827392236319415,6.126912120569623,2.4597733690360464,0.6989280845199604,0.6314446135851999,0.3965528376119775
4.133384448376343,26.827392236319415,6.091212120569623,2.3446733690360446,0.6522360845199604,0.7422236135851998,0.3635938376119775
3.9865944483763425,26.827392236319415,6.055502120569623,2.308973369036046,0.7401260845199604,0.8530016135851999,0.4029618376119775
3.9508844483763426,26.640992236319416,6.126912120569623,2.384373369036048,0.8289330845199603,0.8804676135851999,0.4102858376119775
3.9865944483763425,26.676692236319415,6.091212120569623,2.4200733690360465,0.7639300845199604,0.7770136135851998,0.3562698376119775
4.022304448376342,26.752092236319417,5.984092120569623,2.3446733690360446,0.7877340845199603,0.6799676135851997,0.4231038376119775
3.9865944483763425,26.94249223631942,5.908712120569623,2.308973369036046,0.7758320845199604,0.7284906135851998,0.3965528376119775
3.9865944483763425,26.94249223631942,5.908712120569623,2.308973369036046,0.7758320845199604,0.7284906135851998,0.3965528376119775
3.8040944483763424,26.902792236319417,5.984092120569623,2.2692733690360463,0.7053360845199603,0.7980706135851998,0.3764118376119775
3.7683944483763425,26.716392236319418,5.944422120569623,2.308973369036046,0.7108300845199604,0.8465936135851998,0.3965528376119775
3.7287244483763424,26.60129223631942,5.837302120569623,2.3446733690360446,0.6815330845199603,0.8667346135851999,0.3764118376119775
3.6573144483763422,26.60129223631942,5.837302120569623,2.308973369036046,0.6229390845199604,0.8465936135851998,0.3965528376119775
3.7683944483763425,26.49019223631942,5.797632120569623,2.2692733690360463,0.5460350845199604,0.7980706135851998,0.34986183761197753
3.7287244483763424,26.565592236319414,5.726222120569623,2.2335733690360478,0.5515280845199604,0.7770136135851998,0.4707108376119775
3.5819344483763422,26.565592236319414,5.726222120569623,2.308973369036046,0.5341330845199603,0.8951166135851998,0.3700028376119775
3.6216044483763423,26.640992236319416,5.797632120569623,2.1978733690360457,0.5579360845199604,0.9225816135851999,0.3764118376119775
3.5462244483763423,26.791692236319417,5.837302120569623,2.2335733690360478,0.7108300845199604,0.9152576135851997,0.4569778376119775
3.5105244483763425,26.752092236319417,5.944422120569623,2.2692733690360463,0.7520280845199603,0.9152576135851997,0.3828208376119775
3.5819344483763422,26.752092236319417,5.944422120569623,2.308973369036046,0.8106220845199603,0.8465936135851998,0.3901448376119775
3.6573144483763422,26.752092236319417,5.908712120569623,2.308973369036046,0.8637230845199604,0.7422236135851998,0.4231038376119775
3.8398044483763423,26.791692236319417,5.908712120569623,2.308973369036046,0.8225240845199604,0.7211656135851998,0.3764118376119775
3.8398044483763423,26.60129223631942,6.019792120569623,2.3446733690360446,0.8930190845199604,0.7495476135851998,0.3764118376119775
3.8398044483763423,26.60129223631942,6.019792120569623,2.3446733690360446,0.8930190845199604,0.7495476135851998,0.3764118376119775
3.7287244483763424,26.60129223631942,6.091212120569623,2.308973369036046,0.9168230845199603,0.7632806135851998,0.3700028376119775
3.6573144483763422,26.716392236319418,6.166582120569623,2.2335733690360478,0.8930190845199604,0.8603266135851998,0.3965528376119775
3.6216044483763423,26.86709223631942,6.091212120569623,2.2335733690360478,0.8289330845199603,0.9985706135851997,0.4908528376119775
3.7683944483763425,27.128992236319416,5.944422120569623,2.1978733690360457,0.6751240845199604,0.9573726135851999,0.3635938376119775
3.9151844483763423,26.94249223631942,5.944422120569623,2.2335733690360478,0.7053360845199603,0.8877916135851998,0.3159868376119775
3.7683944483763425,26.791692236319417,6.126912120569623,2.308973369036046,0.7694230845199603,0.8319446135851998,0.5109938376119776
3.6573144483763422,26.86709223631942,6.166582120569623,2.384373369036048,0.7758320845199604,0.7632806135851998,0.3031698376119775
3.8398044483763423,26.94249223631942,6.019792120569623,2.308973369036046,0.8344260845199604,0.7980706135851998,0.4231038376119775
3.9151844483763423,26.97819223631942,5.984092120569623,2.384373369036048,0.8875260845199604,0.9225816135851999,0.5238118376119776
3.9508844483763426,27.05359223631942,6.055502120569623,2.384373369036048,0.8756240845199603,0.9289906135851997,0.26288583761197754
3.9151844483763423,27.128992236319416,6.091212120569623,2.1978733690360457,0.8701310845199604,0.8392696135851998,0.4368368376119775
3.8040944483763424,27.09319223631942,6.126912120569623,2.308973369036046,0.8051290845199603,0.8182116135851998,0.4166948376119775
3.875514448376342,27.09319223631942,6.091212120569623,2.2692733690360463,0.6870260845199604,0.8603266135851998,0.3361288376119775
3.9151844483763423,27.09319223631942,6.019792120569623,2.1978733690360457,0.5698380845199604,0.9225816135851999,0.4368368376119775
3.875514448376342,27.279692236319416,6.126912120569623,2.308973369036046,0.7401260845199604,1.0123036135851997,0.4231038376119775
3.8040944483763424,27.204292236319414,6.238002120569623,2.2335733690360478,0.6989280845199604,0.8667346135851999,0.4432448376119775
3.8040944483763424,27.204292236319414,6.238002120569623,2.2335733690360478,0.6989280845199604,0.8667346135851999,0.4432448376119775
4.022304448376342,27.204292236319414,6.019792120569623,2.2335733690360478,0.6641380845199604,0.7696886135851998,0.4231038376119775
3.875514448376342,27.279692236319416,6.055502120569623,2.2692733690360463,0.6577290845199604,0.8951166135851998,0.3965528376119775
3.6573144483763422,27.31939223631942,6.019792120569623,2.2692733690360463,0.5698380845199604,1.0608266135851998,0.3965528376119775
3.6216044483763423,27.31939223631942,5.837302120569623,2.2692733690360463,0.6229390845199604,1.1304066135851998,0.4304278376119775
3.6216044483763423,27.204292236319414,5.873002120569623,2.4200733690360465,0.6522360845199604,1.0544176135852,0.3901448376119775
3.5819344483763422,27.168592236319416,6.019792120569623,2.308973369036046,0.7053360845199603,0.8877916135851998,0.4166948376119775
3.6930144483763425,27.43049223631942,5.908712120569623,2.3446733690360446,0.8463280845199603,0.7907466135851998,0.4432448376119775
3.6930144483763425,27.43049223631942,5.908712120569623,2.3446733690360446,0.8463280845199603,0.7907466135851998,0.4432448376119775
3.5462244483763423,27.54159223631942,5.873002120569623,2.4597733690360464,0.9223160845199604,0.8603266135851998,0.3562698376119775
3.5462244483763423,27.54159223631942,5.873002120569623,2.4597733690360464,0.9223160845199604,0.8603266135851998,0.3562698376119775
3.5462244483763423,27.54159223631942,5.873002120569623,2.4597733690360464,0.9223160845199604,0.8603266135851998,0.3562698376119775
3.5462244483763423,27.54159223631942,5.873002120569623,2.4597733690360464,0.9223160845199604,0.8603266135851998,0.3562698376119775
3.1415644483763425,27.731992236319417,5.6508421205696235,2.535073369036045,0.8170310845199604,0.8603266135851998,0.3361288376119775
3.1772644483763424,27.80739223631942,5.579432120569623,2.535073369036045,0.7758320845199604,0.8118036135851998,0.5375448376119776
3.1772644483763424,27.80739223631942,5.579432120569623,2.535073369036045,0.7758320845199604,0.8118036135851998,0.5375448376119776
3.0701544483763423,27.882692236319418,5.579432120569623,2.495473369036045,0.8170310845199604,0.8182116135851998,0.3700028376119775
3.030474448376342,27.95809223631942,5.5080121205696235,2.570773369036047,0.8051290845199603,0.8392696135851998,0.3233108376119775
2.9947744483763423,27.843092236319418,5.432642120569623,2.610473369036047,0.8701310845199604,0.8804676135851999,0.5174028376119776
2.9947744483763423,27.80739223631942,5.543722120569623,2.6461733690360454,0.8930190845199604,0.9289906135851997,0.28302783761197753
2.9947744483763423,27.843092236319418,5.543722120569623,2.535073369036045,0.8344260845199604,0.7907466135851998,0.4432448376119775
3.0701544483763423,27.918392236319416,5.5080121205696235,2.4597733690360464,0.8994280845199604,0.7422236135851998,0.5109938376119776
2.847984448376342,28.033492236319415,5.468342120569623,2.4200733690360465,0.8518210845199604,0.7696886135851998,0.3159868376119775
2.9590644483763424,27.99379223631942,5.5080121205696235,2.3446733690360446,0.7346330845199603,0.8740596135851998,0.4029618376119775
2.9947744483763423,28.06919223631942,5.432642120569623,2.308973369036046,0.7575210845199604,0.9775136135851998,0.4505698376119775
3.1415644483763425,27.99379223631942,5.615132120569624,2.308973369036046,0.7932270845199604,0.9921626135851997,0.3764118376119775
3.105854448376342,27.882692236319418,5.797632120569623,2.2692733690360463,0.7108300845199604,0.9363146135851999,0.3562698376119775
3.2169444483763425,27.95809223631942,5.726222120569623,2.308973369036046,0.6751240845199604,0.9088496135851998,0.3965528376119775
3.2169444483763425,27.882692236319418,5.579432120569623,2.2335733690360478,0.6641380845199604,0.9637806135851998,0.4304278376119775
3.1415644483763425,27.99379223631942,5.726222120569623,2.0828733690360473,0.5405410845199603,1.0882926135851998,0.30957783761197755
3.1415644483763425,27.99379223631942,5.761922120569623,2.0074733690360453,0.6165300845199604,1.1514636135851999,0.3764118376119775
3.2169444483763425,27.95809223631942,5.6508421205696235,2.047173369036045,0.7877340845199603,1.0956166135852,0.4166948376119775
3.2169444483763425,27.918392236319416,5.908712120569623,2.047173369036045,0.8582290845199604,0.9848376135851997,0.3965528376119775
3.3637344483763423,27.918392236319416,5.873002120569623,2.0074733690360453,0.9525290845199603,0.8951166135851998,0.4102858376119775
3.4351444483763425,27.80739223631942,5.837302120569623,2.0828733690360473,1.0285180845199604,0.8255366135851998,0.4029618376119775
3.3637344483763423,27.731992236319417,5.908712120569623,1.9717733690360468,0.9754170845199603,0.7980706135851998,0.4102858376119775
3.324054448376342,27.767692236319416,5.873002120569623,1.9717733690360468,0.9635150845199604,0.8740596135851998,0.4102858376119775
3.4351444483763425,27.843092236319418,5.837302120569623,1.932073369036047,0.9525290845199603,0.9848376135851997,0.3764118376119775
3.399434448376342,28.06919223631942,5.873002120569623,1.896373369036045,0.9168230845199603,1.0196276135851998,0.4029618376119775
3.3637344483763423,28.219992236319417,5.908712120569623,1.8209733690360466,0.8811180845199603,1.0058946135851998,0.3965528376119775
3.4351444483763425,28.144592236319415,5.837302120569623,1.856673369036045,0.8811180845199603,0.9711046135851997,0.3764118376119775
3.5105244483763425,28.033492236319415,5.837302120569623,2.0074733690360453,0.8170310845199604,0.9088496135851998,0.3233108376119775
3.399434448376342,27.99379223631942,5.984092120569623,2.047173369036045,0.8344260845199604,0.8804676135851999,0.4368368376119775
3.3637344483763423,27.882692236319418,5.984092120569623,2.047173369036045,0.8756240845199603,0.9637806135851998,0.34986183761197753
3.4708444483763423,27.80739223631942,5.908712120569623,2.047173369036045,0.9937270845199604,0.9637806135851998,0.4304278376119775
3.5105244483763425,27.843092236319418,5.873002120569623,2.0074733690360453,0.9406270845199604,0.9289906135851997,0.34986183761197753
3.399434448376342,27.882692236319418,5.837302120569623,1.896373369036045,0.9287250845199604,0.9152576135851997,0.3233108376119775
3.2169444483763425,27.95809223631942,5.726222120569623,1.896373369036045,0.8701310845199604,0.9225816135851999,0.4835288376119775
3.105854448376342,27.843092236319418,5.726222120569623,1.9717733690360468,0.7163230845199604,0.9573726135851999,0.30957783761197755
3.105854448376342,27.731992236319417,5.543722120569623,2.0074733690360453,0.6870260845199604,1.0681506135852,0.34986183761197753
3.030474448376342,27.767692236319416,5.5080121205696235,1.896373369036045,0.7932270845199604,1.1368156135852,0.4368368376119775
2.8836844483763424,27.731992236319417,5.6508421205696235,1.8209733690360466,0.7694230845199603,1.0544176135852,0.3828208376119775
2.923364448376342,27.731992236319417,5.396932120569623,1.7059733690360481,0.7932270845199604,0.9436396135851999,0.3700028376119775
2.8836844483763424,27.767692236319416,5.396932120569623,1.670273369036046,0.7758320845199604,0.9225816135851999,0.3635938376119775
2.7369044483763423,27.80739223631942,5.396932120569623,1.5948733690360477,0.6641380845199604,0.9848376135851997,0.4231038376119775
2.812274448376342,27.69229223631942,5.361222120569623,1.670273369036046,0.6934350845199604,1.0608266135851998,0.4432448376119775
2.6654844483763425,27.58119223631942,5.5080121205696235,1.6305733690360462,0.8225240845199604,1.0196276135851998,0.4166948376119775
2.7011944483763424,27.61689223631942,5.432642120569623,1.670273369036046,0.8930190845199604,0.9225816135851999,0.3562698376119775
2.847984448376342,27.656592236319415,5.321552120569623,1.670273369036046,0.9461200845199603,0.8804676135851999,0.4231038376119775
2.8836844483763424,27.61689223631942,5.396932120569623,1.5551733690360479,0.9113300845199603,0.9225816135851999,0.4029618376119775
2.923364448376342,27.656592236319415,5.5080121205696235,1.5194733690360458,0.9287250845199604,0.9775136135851998,0.34345283761197754
2.7765744483763424,27.58119223631942,5.5080121205696235,1.5948733690360477,0.9699240845199604,0.9775136135851998,0.4368368376119775
2.7369044483763423,27.54159223631942,5.579432120569623,1.5551733690360479,0.9461200845199603,0.9225816135851999,0.4102858376119775
2.812274448376342,27.61689223631942,5.615132120569624,1.670273369036046,0.9287250845199604,0.9152576135851997,0.3031698376119775
2.9947744483763423,27.61689223631942,5.615132120569624,1.6305733690360462,0.8994280845199604,0.9848376135851997,0.4029618376119775
3.030474448376342,27.656592236319415,5.6508421205696235,1.5551733690360479,0.9049210845199603,1.0608266135851998,0.4102858376119775
2.8836844483763424,27.61689223631942,5.761922120569623,1.5551733690360479,0.9635150845199604,1.1093496135852,0.22901183761197752
2.9947744483763423,27.61689223631942,5.761922120569623,1.6305733690360462,0.8994280845199604,1.0818836135852,0.4707108376119775
2.9947744483763423,27.58119223631942,5.6508421205696235,1.670273369036046,0.9525290845199603,0.9921626135851997,0.4368368376119775
3.0701544483763423,27.58119223631942,5.837302120569623,1.6305733690360462,0.9461200845199603,0.9848376135851997,0.3159868376119775
3.1415644483763425,27.58119223631942,5.837302120569623,1.7059733690360481,0.9287250845199604,1.0260366135851997,0.4771198376119775
3.0701544483763423,27.61689223631942,5.726222120569623,1.7813733690360465,1.0285180845199604,1.0333606135851998,0.4102858376119775
2.9590644483763424,27.46619223631942,5.726222120569623,1.8209733690360466,0.9525290845199603,0.9500476135851998,0.4029618376119775
2.9590644483763424,27.46619223631942,5.726222120569623,1.8209733690360466,0.9525290845199603,0.9500476135851998,0.4029618376119775
2.9590644483763424,27.46619223631942,5.726222120569623,1.8209733690360466,0.8582290845199604,0.9921626135851997,0.3764118376119775
3.0701544483763423,27.46619223631942,5.6508421205696235,1.7813733690360465,0.8518210845199604,1.1304066135851998,0.34345283761197754
2.9947744483763423,27.43049223631942,5.579432120569623,1.7813733690360465,0.8875260845199604,1.1578726135851998,0.4231038376119775
2.923364448376342,27.43049223631942,5.615132120569624,1.856673369036045,0.7987200845199603,1.1304066135851998,0.30957783761197755
2.9590644483763424,27.46619223631942,5.543722120569623,1.856673369036045,0.6165300845199604,1.0260366135851997,0.3700028376119775
2.847984448376342,27.61689223631942,5.361222120569623,1.7813733690360465,0.6522360845199604,0.9985706135851997,0.4166948376119775
2.6654844483763425,27.394792236319415,5.285852120569623,1.7813733690360465,0.6696310845199603,1.1578726135851998,0.4102858376119775
2.7369044483763423,27.394792236319415,5.250142120569623,1.7059733690360481,0.8518210845199604,1.1651966135851999,0.3635938376119775
2.6654844483763425,27.43049223631942,5.321552120569623,1.7059733690360481,0.9635150845199604,1.0470936135851998,0.34345283761197754
2.6654844483763425,27.43049223631942,5.321552120569623,1.7059733690360481,0.9635150845199604,1.0470936135851998,0.34345283761197754
2.629784448376342,27.394792236319415,5.361222120569623,1.5948733690360477,1.0047140845199602,0.8804676135851999,0.4368368376119775
2.629784448376342,27.394792236319415,5.361222120569623,1.5948733690360477,1.0047140845199602,0.8804676135851999,0.4368368376119775
2.4829944483763424,27.243992236319418,5.178732120569624,1.6305733690360462,1.0166160845199603,0.8465936135851998,0.3700028376119775
2.3362044483763422,27.168592236319416,5.178732120569624,1.6305733690360462,0.9406270845199604,0.9848376135851997,0.3764118376119775
2.3362044483763422,27.168592236319416,5.139062120569624,1.5194733690360458,0.9223160845199604,1.0882926135851998,0.4231038376119775
2.260824448376342,27.279692236319416,5.103352120569624,1.5194733690360458,0.8994280845199604,1.0745596135851998,0.4029618376119775
2.1140344483763425,27.31939223631942,5.067652120569623,1.670273369036046,0.9168230845199603,1.0544176135852,0.27570383761197753
2.2251244483763424,27.355092236319418,5.0319421205696235,1.7059733690360481,0.8637230845199604,0.9985706135851997,0.4908528376119775
2.1140344483763425,27.31939223631942,4.9565621205696235,1.6305733690360462,0.9168230845199603,0.9775136135851998,0.3562698376119775
2.1140344483763425,27.243992236319418,5.139062120569624,1.670273369036046,0.9635150845199604,0.9637806135851998,0.3159868376119775
2.1140344483763425,27.204292236319414,5.103352120569624,1.6305733690360462,1.0166160845199603,1.0745596135851998,0.5778278376119775
2.078334448376342,27.31939223631942,5.139062120569624,1.6305733690360462,1.0935200845199604,1.0260366135851997,0.3700028376119775
2.078334448376342,27.394792236319415,5.214442120569624,1.5948733690360477,1.0871110845199605,0.9500476135851998,0.26288583761197754
2.296534448376342,27.54159223631942,5.178732120569624,1.4440733690360474,0.9342180845199604,1.1304066135851998,0.34345283761197754
2.260824448376342,27.43049223631942,5.139062120569624,1.4044733690360474,0.8756240845199603,1.1651966135851999,0.26929483761197753
2.078334448376342,27.394792236319415,5.285852120569623,1.479773369036046,0.7932270845199604,1.1578726135851998,0.4908528376119775
2.078334448376342,27.355092236319418,5.214442120569624,1.479773369036046,0.8106220845199603,1.1029406135851998,0.3901448376119775
2.1894144483763425,27.46619223631942,5.139062120569624,1.4044733690360474,0.8875260845199604,1.1166736135851998,0.34345283761197754
2.3719044483763425,27.50579223631942,5.214442120569624,1.3687733690360453,0.7987200845199603,1.1230826135852,0.4368368376119775
2.4076144483763424,27.50579223631942,5.067652120569623,1.253673369036047,0.8289330845199603,1.1093496135852,0.3562698376119775
2.260824448376342,27.43049223631942,5.067652120569623,1.253673369036047,0.8701310845199604,1.0882926135851998,0.4432448376119775
2.1497444483763424,27.279692236319416,5.250142120569623,1.217973369036045,0.7877340845199603,1.1166736135851998,0.4231038376119775
2.296534448376342,27.279692236319416,5.139062120569624,1.217973369036045,0.7932270845199604,1.2137196135851998,0.3562698376119775
2.2251244483763424,27.355092236319418,5.214442120569624,1.217973369036045,0.8637230845199604,1.2549186135851997,0.4231038376119775
2.260824448376342,27.355092236319418,5.250142120569623,1.217973369036045,0.9287250845199604,1.1999866135851998,0.34986183761197753
2.4433244483763423,27.394792236319415,5.250142120569623,1.253673369036047,0.9580220845199604,1.1368156135852,0.4166948376119775
2.5901144483763425,27.43049223631942,5.285852120569623,1.1782733690360452,1.0166160845199603,1.0681506135852,0.4908528376119775
2.4433244483763423,27.43049223631942,5.321552120569623,1.1425733690360467,1.0642230845199605,1.0058946135851998,0.3965528376119775
2.3362044483763422,27.43049223631942,5.361222120569623,1.0275733690360447,1.0340110845199604,1.0058946135851998,0.34986183761197753
2.3719044483763425,27.394792236319415,5.321552120569623,1.1028733690360468,1.0459130845199605,1.0818836135852,0.4231038376119775
2.296534448376342,27.394792236319415,5.214442120569624,1.1028733690360468,1.0111220845199602,1.1166736135851998,0.3361288376119775
2.3362044483763422,27.355092236319418,5.103352120569624,1.0671733690360448,0.9635150845199604,1.0608266135851998,0.3562698376119775
2.3362044483763422,27.355092236319418,5.067652120569623,1.0275733690360447,0.9699240845199604,1.0745596135851998,0.4633868376119775
2.2251244483763424,27.31939223631942,5.103352120569624,1.0671733690360448,0.9580220845199604,1.1029406135851998,0.3297198376119775
2.1140344483763425,27.243992236319418,5.178732120569624,0.9521733690360463,0.9873190845199603,1.0882926135851998,0.3562698376119775
2.078334448376342,27.243992236319418,4.992272120569623,0.9164733690360478,0.9580220845199604,1.1093496135852,0.4231038376119775
2.078334448376342,27.279692236319416,4.9565621205696235,0.9164733690360478,0.9113300845199603,1.1029406135851998,0.3764118376119775
2.002954448376342,27.204292236319414,4.920862120569623,0.9918733690360462,0.9873190845199603,1.1093496135852,0.4432448376119775
2.002954448376342,27.204292236319414,4.920862120569623,0.9918733690360462,0.9754170845199603,0.9985706135851997,0.3562698376119775
1.8958344483763425,27.128992236319416,4.845482120569623,1.0671733690360448,0.9342180845199604,0.9775136135851998,0.3562698376119775
1.7847544483763422,27.204292236319414,4.845482120569623,1.0671733690360448,0.8875260845199604,1.0544176135852,0.3562698376119775
1.7847544483763422,27.243992236319418,4.774072120569623,1.1028733690360468,0.9168230845199603,1.1304066135851998,0.4029618376119775
1.7847544483763422,27.355092236319418,4.774072120569623,1.1028733690360468,0.9754170845199603,1.1304066135851998,0.3562698376119775
1.8958344483763425,27.31939223631942,4.845482120569623,1.1425733690360467,0.8170310845199604,1.1093496135852,0.4505698376119775
1.8561644483763424,27.279692236319416,4.738362120569623,1.217973369036045,0.7520280845199603,1.0681506135852,0.3635938376119775
1.6022544483763423,27.243992236319418,4.702662120569623,1.1425733690360467,0.7282250845199604,1.1093496135852,0.3562698376119775
1.6379644483763423,27.243992236319418,4.774072120569623,1.3290733690360454,0.6815330845199603,1.2137196135851998,0.4166948376119775
1.9315444483763424,27.31939223631942,4.845482120569623,1.3290733690360454,0.7575210845199604,1.2961176135851997,0.3562698376119775
2.002954448376342,27.43049223631942,4.992272120569623,1.3290733690360454,0.9461200845199603,1.2274526135851997,0.3901448376119775
2.0426244483763423,27.46619223631942,5.103352120569624,1.4440733690360474,1.0523210845199604,1.0956166135852,0.4304278376119775
2.0426244483763423,27.54159223631942,5.178732120569624,1.5551733690360479,1.0990130845199604,0.9711046135851997,0.3361288376119775
2.0426244483763423,27.54159223631942,5.178732120569624,1.5551733690360479,1.0990130845199604,0.9711046135851997,0.3361288376119775
2.1894144483763425,27.656592236319415,5.103352120569624,1.5194733690360458,1.1228170845199603,0.9573726135851999,0.4102858376119775
2.1497444483763424,27.656592236319415,5.178732120569624,1.6305733690360462,1.0816180845199603,1.0956166135852,0.4432448376119775
1.9315444483763424,27.656592236319415,5.139062120569624,1.8209733690360466,1.0111220845199602,1.2686516135851997,0.4304278376119775
1.9315444483763424,27.656592236319415,5.139062120569624,1.8209733690360466,1.0111220845199602,1.2686516135851997,0.4304278376119775
2.002954448376342,27.767692236319416,5.103352120569624,1.8209733690360466,0.9342180845199604,1.1789296135851999,0.3965528376119775
2.260824448376342,27.843092236319418,5.139062120569624,1.8209733690360466,0.8930190845199604,1.1368156135852,0.30957783761197755
2.1894144483763425,27.882692236319418,5.214442120569624,1.7059733690360481,1.0642230845199605,1.1651966135851999,0.4633868376119775
2.078334448376342,27.882692236319418,5.321552120569623,1.7059733690360481,1.1576070845199604,1.1716056135851998,0.4908528376119775
2.1140344483763425,27.731992236319417,5.361222120569623,1.7059733690360481,1.1283100845199603,1.1230826135852,0.23542083761197752
2.2251244483763424,27.767692236319416,5.321552120569623,1.7455733690360447,1.0697160845199605,1.1651966135851999,0.4569778376119775
2.260824448376342,27.882692236319418,5.285852120569623,1.7059733690360481,1.0752090845199604,1.2622426135851998,0.4432448376119775
1.9672444483763423,27.843092236319418,5.468342120569623,1.670273369036046,1.0285180845199604,1.2759756135851998,0.4368368376119775
1.9672444483763423,27.843092236319418,5.468342120569623,1.670273369036046,1.0285180845199604,1.2759756135851998,0.4368368376119775
1.9672444483763423,27.731992236319417,5.250142120569623,1.7059733690360481,0.9635150845199604,1.1999866135851998,0.4505698376119775
2.002954448376342,27.843092236319418,5.139062120569624,1.5948733690360477,0.9223160845199604,1.2274526135851997,0.3562698376119775
1.8958344483763425,27.843092236319418,5.139062120569624,1.479773369036046,0.8463280845199603,1.3656976135852,0.4569778376119775
1.7847544483763422,27.80739223631942,4.885152120569623,1.3687733690360453,0.9223160845199604,1.3794306135852,0.4166948376119775
1.8204544483763425,27.767692236319416,4.845482120569623,1.479773369036046,0.9873190845199603,1.2201286135851999,0.3635938376119775
1.6736644483763423,27.69229223631942,4.885152120569623,1.4440733690360474,0.8344260845199604,1.0882926135851998,0.4432448376119775
1.6022544483763423,27.61689223631942,4.627282120569623,1.253673369036047,0.8289330845199603,1.0882926135851998,0.3764118376119775
1.3443844483763423,27.58119223631942,4.5558721205696235,1.1782733690360452,0.8875260845199604,1.1578726135851998,0.3901448376119775
1.3086744483763424,27.50579223631942,4.591572120569623,1.217973369036045,0.7758320845199604,1.2338616135851999,0.3901448376119775
1.4554644483763424,27.43049223631942,4.444782120569624,1.217973369036045,0.8399190845199603,1.2274526135851997,0.30957783761197755
1.4157944483763423,27.43049223631942,4.444782120569624,1.1028733690360468,0.8994280845199604,1.1926626135851999,0.4029618376119775
1.1579244483763422,27.50579223631942,4.591572120569623,0.9918733690360462,0.9699240845199604,1.0608266135851998,0.4432448376119775
1.1579244483763422,27.50579223631942,4.409082120569623,1.0275733690360447,1.0578140845199604,0.9848376135851997,0.3297198376119775
1.3443844483763423,27.61689223631942,4.262292120569623,1.1028733690360468,1.0523210845199604,1.0058946135851998,0.3031698376119775
1.1975944483763423,27.61689223631942,4.262292120569623,1.217973369036045,1.0111220845199602,1.0818836135852,0.4569778376119775
1.1222144483763423,27.731992236319417,4.333702120569623,1.1782733690360452,1.0166160845199603,1.1029406135851998,0.34345283761197754
0.9754244483763423,27.656592236319415,4.369402120569624,1.3290733690360454,1.0523210845199604,1.0260366135851997,0.4102858376119775
1.0865044483763424,27.50579223631942,4.5558721205696235,1.5551733690360479,1.0642230845199605,0.9711046135851997,0.4707108376119775
1.3086744483763424,27.54159223631942,4.5558721205696235,1.670273369036046,1.1402120845199604,0.9637806135851998,0.3635938376119775
1.3086744483763424,27.54159223631942,4.5558721205696235,1.670273369036046,1.1402120845199604,0.9637806135851998,0.3635938376119775
1.3086744483763424,27.54159223631942,4.5558721205696235,1.670273369036046,1.1402120845199604,0.9637806135851998,0.3635938376119775
1.3086744483763424,27.54159223631942,4.5558721205696235,1.670273369036046,1.1402120845199604,0.9637806135851998,0.3635938376119775
1.4554644483763424,27.58119223631942,4.920862120569623,2.384373369036048,1.0166160845199603,1.2686516135851997,0.4029618376119775
1.5268744483763423,27.69229223631942,4.992272120569623,2.535073369036045,1.0578140845199604,1.3519646135851997,0.4166948376119775
1.6379644483763423,27.918392236319416,4.992272120569623,2.4597733690360464,1.0166160845199603,1.3592886135851998,0.34986183761197753
1.7490444483763423,28.06919223631942,4.9565621205696235,2.495473369036045,1.0340110845199604,1.2686516135851997,0.4505698376119775
1.6736644483763423,28.295292236319415,4.992272120569623,2.610473369036047,1.0871110845199605,1.2137196135851998,0.4166948376119775
1.4911744483763423,28.33499223631942,5.103352120569624,2.610473369036047,1.0871110845199605,1.2475946135851999,0.4029618376119775
1.7093744483763422,28.44609223631942,4.992272120569623,2.570773369036047,1.0340110845199604,1.3794306135852,0.34345283761197754
1.7847544483763422,28.561092236319414,4.885152120569623,2.610473369036047,0.8463280845199603,1.4078116135852,0.4707108376119775
1.6379644483763423,28.711892236319418,4.809772120569623,2.495473369036045,0.8170310845199604,1.3794306135852,0.3901448376119775
1.4157944483763423,28.78729223631942,4.920862120569623,2.3446733690360446,0.8463280845199603,1.3309076135851998,0.3233108376119775
1.3443844483763423,28.747592236319417,4.920862120569623,2.2335733690360478,0.8518210845199604,1.3446406135851998,0.4368368376119775
1.6022544483763423,28.672192236319415,4.809772120569623,2.0828733690360473,0.8994280845199604,1.3656976135852,0.3700028376119775
1.7093744483763422,28.52149223631942,4.774072120569623,2.0074733690360453,0.9580220845199604,1.4004876135851998,0.2894368376119775
1.7093744483763422,28.52149223631942,4.774072120569623,2.0074733690360453,0.9580220845199604,1.4004876135851998,0.2894368376119775
1.5625844483763422,28.52149223631942,4.738362120569623,1.856673369036045,1.1109150845199602,1.3519646135851997,0.4166948376119775
1.4554644483763424,28.52149223631942,4.809772120569623,1.7455733690360447,1.1988060845199604,1.1514636135851999,0.4505698376119775
1.3443844483763423,28.44609223631942,4.809772120569623,1.670273369036046,1.2171160845199602,0.9711046135851997,0.3297198376119775
1.3086744483763424,28.41039223631942,4.738362120569623,1.6305733690360462,1.1402120845199604,1.0397696135851997,0.4102858376119775
1.2332944483763424,28.41039223631942,4.516192120569623,1.4440733690360474,1.0697160845199605,1.3244986135851997,0.4569778376119775
1.0865044483763424,28.370692236319417,4.369402120569624,1.293373369036047,1.0340110845199604,1.4837956135852,0.4505698376119775
1.0865044483763424,28.33499223631942,4.369402120569624,1.253673369036047,0.9818260845199603,1.3519646135851997,0.3562698376119775
0.9397144483763424,28.33499223631942,4.369402120569624,1.293373369036047,1.0230240845199603,1.0333606135851998,0.4166948376119775
0.9040144483763424,28.295292236319415,4.409082120569623,1.3687733690360453,1.0752090845199604,0.8804676135851999,0.4707108376119775
0.9040144483763424,28.18429223631942,4.333702120569623,1.479773369036046,1.1164080845199602,1.0058946135851998,0.3159868376119775
0.8643444483763423,28.108892236319416,4.297992120569623,1.5194733690360458,1.1466210845199605,1.2475946135851999,0.3901448376119775
0.8286344483763424,28.41039223631942,4.333702120569623,1.7455733690360447,1.1347190845199604,1.2686516135851997,0.3361288376119775
0.7572244483763422,28.485792236319416,4.516192120569623,1.8209733690360466,1.1054220845199603,1.1093496135852,0.3901448376119775
0.7929294483763423,28.44609223631942,4.516192120569623,2.0828733690360473,0.9937270845199604,1.1368156135852,0.4102858376119775
1.1975944483763423,28.485792236319416,4.297992120569623,2.1978733690360457,0.9635150845199604,1.2549186135851997,0.3700028376119775
1.1222144483763423,28.59679223631942,4.591572120569623,2.2335733690360478,0.9406270845199604,1.3867546135851998,0.4166948376119775
1.0111344483763423,28.561092236319414,4.662982120569623,2.2692733690360463,1.0111220845199602,1.4279536135851998,0.3965528376119775
1.0111344483763423,28.561092236319414,4.662982120569623,2.2692733690360463,1.0111220845199602,1.4279536135851998,0.3965528376119775
0.9754244483763423,28.52149223631942,4.662982120569623,2.4597733690360464,1.1164080845199602,1.3382316135851997,0.4304278376119775
1.0508044483763423,28.44609223631942,4.774072120569623,2.610473369036047,1.0935200845199604,1.2686516135851997,0.4166948376119775
1.1579244483763422,28.636492236319416,4.702662120569623,2.535073369036045,0.9287250845199604,1.3171746135851998,0.34345283761197754
1.1579244483763422,28.82299223631942,4.5558721205696235,2.4200733690360465,0.9287250845199604,1.4764756135852,0.4368368376119775
1.0865044483763424,28.78729223631942,4.591572120569623,2.2692733690360463,0.9168230845199603,1.4975356135851998,0.4231038376119775
1.1579244483763422,28.59679223631942,4.662982120569623,2.2692733690360463,0.8289330845199603,1.3592886135851998,0.30957783761197755
1.2332944483763424,28.41039223631942,4.591572120569623,2.2335733690360478,0.9049210845199603,1.3034416135851998,0.3159868376119775
1.2690044483763423,28.33499223631942,4.627282120569623,2.0828733690360473,0.9580220845199604,1.3034416135851998,0.4633868376119775
1.1222144483763423,28.33499223631942,4.809772120569623,1.7813733690360465,1.0578140845199604,1.3592886135851998,0.4166948376119775
1.3443844483763423,27.95809223631942,4.702662120569623,1.670273369036046,1.1466210845199605,1.3309076135851998,0.4166948376119775
1.3086744483763424,27.80739223631942,4.774072120569623,1.4440733690360474,1.1347190845199604,1.2201286135851999,0.3635938376119775
1.1975944483763423,27.99379223631942,4.809772120569623,1.3687733690360453,1.1521140845199604,1.2338616135851999,0.28302783761197753
1.0508044483763423,27.843092236319418,4.702662120569623,1.293373369036047,1.1283100845199603,1.3730216135851998,0.4231038376119775
1.0508044483763423,27.843092236319418,4.702662120569623,1.293373369036047,1.1283100845199603,1.3730216135851998,0.4231038376119775
1.1579244483763422,27.767692236319416,4.627282120569623,1.479773369036046,1.0285180845199604,1.3592886135851998,0.3828208376119775
1.2332944483763424,27.767692236319416,4.444782120569624,1.5551733690360479,1.0111220845199602,1.2411856135851997,0.3361288376119775
1.0508044483763423,27.767692236319416,4.4804921205696235,1.5948733690360477,1.0578140845199604,1.2475946135851999,0.4166948376119775
0.7175514483763423,27.767692236319416,4.5558721205696235,1.6305733690360462,1.0871110845199605,1.2759756135851998,0.3764118376119775
0.8286344483763424,27.843092236319418,4.444782120569624,2.047173369036045,1.1109150845199602,1.3730216135851998,0.4102858376119775
0.8643444483763423,27.95809223631942,4.297992120569623,2.2335733690360478,1.1402120845199604,1.4215446135852,0.3901448376119775
0.5707614483763424,28.295292236319415,4.409082120569623,2.4200733690360465,1.1878190845199603,1.3867546135851998,0.25556183761197754
0.5707614483763424,28.485792236319416,4.226582120569623,2.947673369036046,1.1109150845199602,1.2961176135851997,0.3764118376119775
0.31685544837634233,28.52149223631942,4.115502120569623,3.173873369036045,1.0578140845199604,1.3107656135851997,0.25556183761197754
0.0946874483763423,28.672192236319415,4.040122120569623,3.213473369036045,1.0047140845199602,1.3730216135851998,0.4304278376119775
0.20577144837634226,28.862692236319415,3.9330021205696237,3.3245733690360453,1.0642230845199605,1.4554186135851999,0.4304278376119775
0.20577144837634226,28.97369223631942,3.9330021205696237,3.399973369036047,1.0523210845199604,1.3931636135852,0.3562698376119775
0.27718244837634226,29.04909223631942,3.9687121205696236,3.4753733690360455,1.0404190845199603,1.2759756135851998,0.3965528376119775
0.31685544837634233,28.97369223631942,3.9687121205696236,3.626073369036046,1.0111220845199602,1.2897086135851998,0.3764118376119775
0.31685544837634233,28.93409223631942,3.8576221205696237,3.5903733690360475,0.9818260845199603,1.3171746135851998,0.3361288376119775
0.27718244837634226,29.08479223631942,3.9687121205696236,3.2888733690360468,0.9049210845199603,1.3592886135851998,0.3635938376119775
0.35256144837634223,28.78729223631942,3.9687121205696236,3.1381733690360463,0.9287250845199604,1.4554186135851999,0.4304278376119775
0.35256144837634223,28.711892236319418,3.9687121205696236,2.947673369036046,1.0166160845199603,1.4975356135851998,0.3562698376119775
0.35256144837634223,28.636492236319416,4.186912120569623,2.6461733690360454,1.0871110845199605,1.4279536135851998,0.3159868376119775
0.6104344483763422,28.59679223631942,4.262292120569623,2.2335733690360478,1.1695090845199605,1.3309076135851998,0.4304278376119775
0.7929294483763423,28.44609223631942,4.262292120569623,2.1978733690360457,1.1878190845199603,1.2897086135851998,0.3965528376119775
0.8286344483763424,28.144592236319415,4.409082120569623,2.0828733690360473,1.1228170845199603,1.2549186135851997,0.3635938376119775
0.7929294483763423,28.033492236319415,4.516192120569623,2.0074733690360453,1.2400040845199602,1.2823846135851997,0.34986183761197753
0.7929294483763423,28.033492236319415,4.516192120569623,2.0074733690360453,1.2400040845199602,1.2823846135851997,0.34986183761197753
0.8286344483763424,27.843092236319418,4.5558721205696235,1.856673369036045,1.2171160845199602,1.3592886135851998,0.3965528376119775
1.0111344483763423,27.767692236319416,4.662982120569623,1.856673369036045,1.1347190845199604,1.3519646135851997,0.3764118376119775
0.9754244483763423,27.843092236319418,4.702662120569623,1.7813733690360465,1.1347190845199604,1.3382316135851997,0.4432448376119775
0.9397144483763424,27.767692236319416,4.845482120569623,1.856673369036045,1.1576070845199604,1.4078116135852,0.3233108376119775
1.1222144483763423,27.61689223631942,4.809772120569623,2.0074733690360453,1.1521140845199604,1.4902056135851998,0.4707108376119775
1.2332944483763424,27.61689223631942,4.809772120569623,2.0074733690360453,1.0871110845199605,1.5249956135851999,0.3901448376119775
1.0865044483763424,27.54159223631942,4.738362120569623,2.1224733690360473,1.0816180845199603,1.5323256135852,0.30957783761197755
0.7929294483763423,27.69229223631942,4.774072120569623,2.1224733690360473,1.1695090845199605,1.4902056135851998,0.4707108376119775
0.7572244483763422,27.882692236319418,4.738362120569623,2.047173369036045,1.1988060845199604,1.3867546135851998,0.34986183761197753
1.0111344483763423,28.033492236319415,4.627282120569623,1.932073369036047,1.0578140845199604,1.4215446135852,0.26288583761197754
1.0111344483763423,28.033492236319415,4.409082120569623,1.896373369036045,1.0523210845199604,1.5185856135851998,0.4908528376119775
0.7572244483763422,28.108892236319416,4.444782120569624,1.670273369036046,1.1640160845199605,1.4837956135852,0.4102858376119775
0.4636454483763423,27.843092236319418,4.5558721205696235,1.670273369036046,1.0697160845199605,1.3867546135851998,0.3233108376119775
0.6104344483763422,27.50579223631942,4.297992120569623,1.7455733690360447,1.0285180845199604,1.2897086135851998,0.4231038376119775
0.6104344483763422,27.355092236319418,4.115502120569623,1.5948733690360477,1.0404190845199603,1.3309076135851998,0.3965528376119775
0.4993504483763423,27.394792236319415,4.151202120569623,1.4440733690360474,0.8756240845199603,1.4215446135852,0.3159868376119775
0.35256144837634223,27.279692236319416,3.9330021205696237,1.3290733690360454,0.9049210845199603,1.5112656135851998,0.4166948376119775
0.3882664483763422,27.017892236319415,3.9330021205696237,1.217973369036045,0.9818260845199603,1.4554186135851999,0.3901448376119775
0.27718244837634226,26.640992236319416,4.079792120569623,1.217973369036045,0.9342180845199604,1.3107656135851997,0.4231038376119775
0.27718244837634226,26.375192236319418,3.9687121205696236,1.293373369036047,1.0047140845199602,1.2897086135851998,0.3361288376119775
0.27718244837634226,26.299792236319416,3.8576221205696237,1.3687733690360453,1.0578140845199604,1.4142206135851998,0.3901448376119775
0.3882664483763422,26.264092236319417,3.9330021205696237,1.4044733690360474,1.0871110845199605,1.4975356135851998,0.3700028376119775
0.3882664483763422,26.264092236319417,4.004412120569623,1.5194733690360458,1.1759170845199605,1.4004876135851998,0.3700028376119775
0.35256144837634223,26.299792236319416,4.004412120569623,1.7059733690360481,1.1933120845199605,1.2475946135851999,0.3828208376119775
0.0946874483763423,26.14899223631942,4.079792120569623,1.7813733690360465,1.1576070845199604,1.2201286135851999,0.3562698376119775
0.24147744837634227,26.375192236319418,3.9687121205696236,1.856673369036045,1.1576070845199604,1.3592886135851998,0.3700028376119775
0.31685544837634233,26.640992236319416,3.9687121205696236,1.896373369036045,1.1878190845199603,1.5039456135851998,0.4029618376119775
0.3882664483763422,26.902792236319417,3.9687121205696236,2.158173369036046,1.1695090845199605,1.4975356135851998,0.4505698376119775
0.3882664483763422,26.902792236319417,3.9687121205696236,2.158173369036046,1.1695090845199605,1.4975356135851998,0.4505698376119775
0.35256144837634223,26.94249223631942,4.186912120569623,2.535073369036045,1.2583150845199604,1.3382316135851997,0.3297198376119775
0.20577144837634226,26.94249223631942,4.333702120569623,2.4597733690360464,1.3114150845199604,1.2338616135851999,0.4102858376119775
0.20577144837634226,26.94249223631942,4.333702120569623,2.4597733690360464,1.3114150845199604,1.2338616135851999,0.4102858376119775
0.3882664483763422,27.31939223631942,4.226582120569623,2.495473369036045,1.2400040845199602,1.5945756135851998,0.34986183761197753
0.3882664483763422,27.31939223631942,4.226582120569623,2.495473369036045,1.2400040845199602,1.5945756135851998,0.34986183761197753
0.42397244837634224,27.50579223631942,4.262292120569623,2.570773369036047,1.1347190845199604,1.5945756135851998,0.4304278376119775
0.24147744837634227,27.58119223631942,4.409082120569623,2.4200733690360465,1.2107070845199603,1.4352776135852,0.3159868376119775
0.27718244837634226,27.394792236319415,4.444782120569624,2.158173369036046,1.2519060845199603,1.3519646135851997,0.4368368376119775
0.5707614483763424,27.204292236319414,4.262292120569623,2.0828733690360473,1.2171160845199602,1.4764756135852,0.34345283761197754
0.7175514483763423,27.09319223631942,4.079792120569623,1.9717733690360468,1.1466210845199605,1.5671156135851998,0.3031698376119775
0.3882664483763422,27.09319223631942,4.151202120569623,1.896373369036045,1.1283100845199603,1.4975356135851998,0.4304278376119775
0.20577144837634226,27.017892236319415,4.262292120569623,1.5948733690360477,1.1109150845199602,1.3446406135851998,0.4231038376119775
0.27718244837634226,26.791692236319417,4.226582120569623,1.5948733690360477,1.0871110845199605,1.3107656135851997,0.3562698376119775
0.35256144837634223,26.565592236319414,4.186912120569623,1.7059733690360481,1.0816180845199603,1.4416866135851998,0.3828208376119775
0.35256144837634223,26.565592236319414,4.186912120569623,1.7059733690360481,1.0816180845199603,1.4416866135851998,0.3828208376119775
0.31685544837634233,26.60129223631942,4.040122120569623,1.5948733690360477,0.9635150845199604,1.6293656135852,0.3700028376119775
0.27718244837634226,26.640992236319416,3.8576221205696237,1.5551733690360479,0.9287250845199604,1.6293656135852,0.3764118376119775
0.17006644837634227,26.640992236319416,3.8576221205696237,1.670273369036046,0.9287250845199604,1.4416866135851998,0.3828208376119775
0.016396551623657718,26.640992236319416,3.9687121205696236,1.856673369036045,0.9287250845199604,1.3034416135851998,0.4432448376119775
0.016396551623657718,26.49019223631942,3.8219221205696234,1.932073369036047,1.0752090845199604,1.3382316135851997,0.3562698376119775
0.16318595162365773,26.676692236319415,3.7505121205696232,1.932073369036047,1.1109150845199602,1.5524656135852,0.3635938376119775
0.19889152162365772,26.97819223631942,3.7108321205696235,1.856673369036045,1.1988060845199604,1.6357756135852,0.3562698376119775
0.16318595162365773,27.243992236319418,3.6394221205696233,1.670273369036046,1.2226090845199602,1.4142206135851998,0.3965528376119775
0.3456815516236577,27.05359223631942,3.6394221205696233,1.670273369036046,1.1933120845199605,1.1093496135852,0.4368368376119775
0.4924705516236577,27.168592236319416,3.6394221205696233,1.4440733690360474,1.1933120845199605,1.2897086135851998,0.4029618376119775
0.4924705516236577,27.05359223631942,3.603722120569623,1.1782733690360452,1.1878190845199603,1.5323256135852,0.3297198376119775
0.4170925516236577,26.902792236319417,3.417262120569623,1.1782733690360452,1.1228170845199603,1.5735256135851998,0.4304278376119775
0.7860495516236576,26.49019223631942,3.4569321205696233,1.217973369036045,1.0935200845199604,1.1578726135851998,0.3031698376119775
0.8217555516236577,26.188692236319415,3.4569321205696233,1.293373369036047,1.1759170845199605,1.1789296135851999,0.4707108376119775
0.6392605516236578,26.03789223631942,3.492632120569623,1.3687733690360453,1.2519060845199603,1.3592886135851998,0.3700028376119775
0.4170925516236577,25.99829223631942,3.417262120569623,1.5948733690360477,1.1576070845199604,1.5185856135851998,0.28302783761197753
0.3456815516236577,25.85149223631942,3.417262120569623,1.8209733690360466,1.1759170845199605,1.5249956135851999,0.3361288376119775
0.5638815516236577,25.811792236319416,3.6751321205696232,2.0074733690360453,1.2464130845199604,1.3656976135852,0.4231038376119775
0.6392605516236578,25.625392236319417,3.8219221205696234,2.308973369036046,1.1878190845199603,1.2622426135851998,0.34345283761197754
0.38138655162365775,25.811792236319416,3.6751321205696232,2.6461733690360454,1.1640160845199605,1.4142206135851998,0.4102858376119775
0.16318595162365773,26.188692236319415,3.528342120569623,2.7215733690360473,1.1466210845199605,1.7190956135851998,0.4432448376119775
0.45676555162365773,26.414792236319418,3.7505121205696232,2.8365733690360457,1.0642230845199605,1.8436056135852,0.3562698376119775
0.6035545516236578,26.676692236319415,3.6751321205696232,2.947673369036046,1.0990130845199604,1.6632456135851998,0.3159868376119775
0.4924705516236577,26.752092236319417,3.6751321205696232,2.987373369036046,1.1109150845199602,1.4416866135851998,0.3901448376119775
0.27030265162365774,27.017892236319415,3.7862121205696235,3.023073369036048,1.0642230845199605,1.4078116135852,0.4166948376119775
0.19889152162365772,27.279692236319416,3.6751321205696232,3.062773369036048,1.0642230845199605,1.5735256135851998,0.3901448376119775
0.19889152162365772,27.54159223631942,3.5640421205696233,2.8365733690360457,1.1109150845199602,1.6843056135852,0.34345283761197754
0.3456815516236577,27.50579223631942,3.7108321205696235,2.7215733690360473,1.1402120845199604,1.6495156135851998,0.3700028376119775
0.4170925516236577,27.46619223631942,3.7505121205696232,2.4200733690360465,1.0935200845199604,1.4554186135851999,0.4102858376119775
0.38138655162365775,27.46619223631942,3.6751321205696232,2.2692733690360463,1.0871110845199605,1.3309076135851998,0.3361288376119775
0.45676555162365773,27.394792236319415,3.7505121205696232,2.1224733690360473,1.0871110845199605,1.4352776135852,0.3635938376119775
0.45676555162365773,27.394792236319415,3.7505121205696232,2.1224733690360473,1.0871110845199605,1.4352776135852,0.3635938376119775
0.38138655162365775,27.31939223631942,3.7505121205696232,1.932073369036047,1.2107070845199603,1.5524656135852,0.3901448376119775
0.38138655162365775,27.31939223631942,3.7505121205696232,1.932073369036047,1.2107070845199603,1.5524656135852,0.3901448376119775
0.38138655162365775,27.31939223631942,3.7505121205696232,1.932073369036047,1.2107070845199603,1.5524656135852,0.3901448376119775
0.38138655162365775,27.31939223631942,3.7505121205696232,1.932073369036047,1.2107070845199603,1.5524656135852,0.3901448376119775
0.6392605516236578,26.565592236319414,3.7108321205696235,2.0828733690360473,1.2519060845199603,1.3519646135851997,0.4569778376119775
0.6392605516236578,26.49019223631942,3.5640421205696233,2.0074733690360453,1.2171160845199602,1.5039456135851998,0.3764118376119775
0.5281765516236577,26.375192236319418,3.3458421205696234,2.1978733690360457,1.1759170845199605,1.6357756135852,0.3700028376119775
0.5638815516236577,26.414792236319418,3.417262120569623,2.2692733690360463,1.1933120845199605,1.6357756135852,0.3635938376119775
0.8574605516236578,26.414792236319418,3.3458421205696234,2.1224733690360473,1.1759170845199605,1.5112656135851998,0.4029618376119775
0.9328395516236576,26.525892236319418,3.3458421205696234,2.158173369036046,1.1576070845199604,1.3656976135852,0.3562698376119775
0.8217555516236577,26.752092236319417,3.0522621205696234,1.8209733690360466,1.0459130845199605,1.3656976135852,0.4505698376119775
0.8217555516236577,26.94249223631942,2.9808521205696232,1.4440733690360474,1.1466210845199605,1.4837956135852,0.2958448376119775
1.2264155516236577,26.97819223631942,3.1633521205696233,1.1425733690360467,1.2638080845199604,1.4902056135851998,0.3965528376119775
1.3017955516236577,26.716392236319418,3.1276421205696234,1.0275733690360447,1.2876120845199603,1.3382316135851997,0.3965528376119775
1.0042505516236577,26.525892236319418,3.016562120569623,0.9918733690360462,1.1521140845199604,1.1514636135851999,0.3361288376119775
0.9685445516236577,26.450492236319416,2.9054821205696233,0.9164733690360478,1.0935200845199604,1.1578726135851998,0.4102858376119775
0.9685445516236577,26.450492236319416,2.9054821205696233,0.9164733690360478,1.0935200845199604,1.1578726135851998,0.4102858376119775
1.0439235516236578,26.33949223631942,2.9808521205696232,0.8410733690360459,1.1283100845199603,1.3309076135851998,0.4231038376119775
0.9685445516236577,25.99829223631942,3.0879721205696233,0.9521733690360463,1.0459130845199605,1.4416866135851998,0.3361288376119775
1.0042505516236577,25.625392236319417,3.0522621205696234,1.293373369036047,1.0230240845199603,1.4764756135852,0.4102858376119775
0.8217555516236577,25.284192236319416,3.016562120569623,1.5948733690360477,1.0166160845199603,1.4837956135852,0.3635938376119775
0.8574605516236578,25.248492236319418,3.2347621205696235,1.7455733690360447,0.9699240845199604,1.4554186135851999,0.3764118376119775
0.9328395516236576,24.98269223631942,3.199052120569623,2.158173369036046,0.9937270845199604,1.5112656135851998,0.3828208376119775
0.8574605516236578,24.796192236319417,3.1276421205696234,2.4597733690360464,1.0871110845199605,1.5808456135851998,0.4231038376119775
0.8217555516236577,24.68109223631942,3.3458421205696234,2.6461733690360454,1.0816180845199603,1.6220456135852,0.4231038376119775
0.7860495516236576,24.831892236319415,3.3458421205696234,2.761273369036047,1.1576070845199604,1.6705656135851998,0.3562698376119775
0.9685445516236577,25.09769223631942,3.3815521205696233,2.8723733690360476,1.2464130845199604,1.7264156135851998,0.4166948376119775
0.8574605516236578,25.323792236319417,3.492632120569623,2.761273369036047,1.2464130845199604,1.6495156135851998,0.4102858376119775
0.7106715516236577,25.58569223631942,3.3458421205696234,2.6858733690360452,1.2400040845199602,1.4975356135851998,0.3297198376119775
0.6749655516236577,25.776092236319418,3.3458421205696234,2.384373369036048,1.1933120845199605,1.4764756135852,0.4505698376119775
0.9328395516236576,26.03789223631942,3.492632120569623,1.7813733690360465,1.3343040845199603,1.5524656135852,0.3159868376119775
0.9328395516236576,26.03789223631942,3.492632120569623,1.7813733690360465,1.3343040845199603,1.5524656135852,0.3159868376119775
0.8971335516236578,25.926892236319414,3.3815521205696233,1.5194733690360458,1.2757100845199605,1.5735256135851998,0.3361288376119775
0.9328395516236576,25.887192236319418,3.274432120569623,1.3290733690360454,1.1695090845199605,1.5597856135852,0.4771198376119775
1.0439235516236578,25.58569223631942,3.2347621205696235,1.1425733690360467,1.2171160845199602,1.3107656135851997,0.3562698376119775
0.9685445516236577,25.208792236319415,3.1276421205696234,1.4044733690360474,1.2757100845199605,1.4142206135851998,0.4304278376119775
1.0439235516236578,25.09769223631942,3.199052120569623,1.7059733690360481,1.2638080845199604,1.4902056135851998,0.3901448376119775
1.0796285516236577,24.946892236319417,3.016562120569623,1.6305733690360462,1.2638080845199604,1.5185856135851998,0.3233108376119775
1.2264155516236577,24.907292236319417,3.0879721205696233,1.7455733690360447,1.1347190845199604,1.6009856135851999,0.4304278376119775
1.2264155516236577,24.75649223631942,2.8697721205696234,1.9717733690360468,1.1228170845199603,1.5524656135852,0.4029618376119775
1.3375055516236576,24.831892236319415,2.8697721205696234,2.0828733690360473,1.1814110845199604,1.4700656135852,0.34986183761197753
1.4485855516236577,24.946892236319417,2.798362120569623,2.1224733690360473,1.1466210845199605,1.4902056135851998,0.4166948376119775
1.4485855516236577,25.208792236319415,2.6872771205696235,1.7813733690360465,1.2107070845199603,1.5808456135851998,0.34986183761197753
1.5199955516236576,25.39919223631942,2.722982120569623,1.3290733690360454,1.2583150845199604,1.5387356135852,0.4231038376119775
1.5199955516236576,25.700692236319416,2.6872771205696235,0.9521733690360463,1.1521140845199604,1.4142206135851998,0.3901448376119775
1.5199955516236576,25.926892236319414,2.576193120569623,0.7656733690360475,1.0111220845199602,1.3107656135851997,0.34345283761197754
1.5953755516236576,25.99829223631942,2.5047821205696232,0.5395733690360451,1.0047140845199602,1.2201286135851999,0.3965528376119775
1.7778755516236577,25.96259223631942,2.6872771205696235,0.23807336903604792,1.1164080845199602,1.2274526135851997,0.3297198376119775
1.7778755516236577,25.96259223631942,2.6872771205696235,0.23807336903604792,1.1164080845199602,1.2274526135851997,0.3297198376119775
1.7421655516236576,25.85149223631942,2.576193120569623,0.35307336903604636,1.1054220845199603,1.4215446135852,0.3361288376119775
1.7024955516236577,25.661092236319416,2.3222861205696232,0.579273369036045,1.0990130845199604,1.5872556135851998,0.3562698376119775
1.8889555516236576,25.51029223631942,2.4294031205696234,0.8053733690360474,1.0752090845199604,1.4764756135852,0.3700028376119775
1.9246655516236577,25.248492236319418,2.5047821205696232,1.1782733690360452,1.0642230845199605,1.2897086135851998,0.4231038376119775
1.8492855516236577,25.09769223631942,2.465109120569623,1.670273369036046,1.1466210845199605,1.2759756135851998,0.34345283761197754
1.6667855516236576,24.946892236319417,2.6118981205696232,2.2692733690360463,1.1759170845199605,1.4837956135852,0.3562698376119775
1.5557055516236578,24.946892236319417,2.6515711205696233,2.6858733690360452,1.2931050845199603,1.7117656135852,0.4231038376119775
1.6310855516236578,24.946892236319417,2.722982120569623,3.023073369036048,1.3819090845199602,1.7813456135852,0.3828208376119775
1.6310855516236578,25.02229223631942,2.834062120569623,3.364273369036045,1.2812030845199605,1.6843056135852,0.3700028376119775
1.5953755516236576,25.173092236319416,2.7586921205696235,3.5150733690360454,1.2226090845199602,1.5185856135851998,0.4707108376119775
1.5199955516236576,25.284192236319416,2.7586921205696235,3.701473369036048,1.2226090845199602,1.5460556135852,0.3297198376119775
1.6667855516236576,25.58569223631942,2.798362120569623,3.439673369036047,1.2107070845199603,1.6916256135852,0.34345283761197754
1.5953755516236576,26.07369223631942,2.9054821205696233,3.062773369036048,1.3169090845199602,1.8024056135851998,0.4835288376119775
1.5557055516236578,26.33949223631942,2.9054821205696233,2.6461733690360454,1.3581090845199602,1.7676156135852,0.3562698376119775
1.4089155516236576,26.375192236319418,2.834062120569623,2.4597733690360464,1.2757100845199605,1.5735256135851998,0.3901448376119775
1.3375055516236576,26.375192236319418,2.798362120569623,2.158173369036046,1.2702170845199605,1.3730216135851998,0.3901448376119775
1.6310855516236578,26.49019223631942,3.016562120569623,1.7813733690360465,1.2171160845199602,1.3034416135851998,0.3031698376119775
1.4842955516236576,26.33949223631942,2.9808521205696232,1.6305733690360462,1.2702170845199605,1.3931636135852,0.3901448376119775
1.4842955516236576,26.33949223631942,2.9808521205696232,1.6305733690360462,1.2702170845199605,1.3931636135852,0.3901448376119775
1.2621255516236576,26.07369223631942,2.9054821205696233,1.856673369036045,1.1933120845199605,1.6147256135852,0.3828208376119775
1.3017955516236577,25.887192236319418,2.9054821205696233,1.896373369036045,1.2052140845199604,1.6705656135851998,0.34345283761197754
1.5199955516236576,25.811792236319416,3.1276421205696234,1.932073369036047,1.3343040845199603,1.7190956135851998,0.3361288376119775
1.4089155516236576,25.434892236319417,3.1276421205696234,2.158173369036046,1.3224020845199602,1.6843056135852,0.4908528376119775
1.0796285516236577,25.057992236319418,3.016562120569623,2.4597733690360464,1.2171160845199602,1.5524656135852,0.3635938376119775
1.0439235516236578,25.09769223631942,2.9808521205696232,2.535073369036045,1.1933120845199605,1.5323256135852,0.3297198376119775
1.3017955516236577,25.09769223631942,3.0879721205696233,2.384373369036048,1.2171160845199602,1.6980356135852,0.4304278376119775
1.5199955516236576,25.057992236319418,3.0879721205696233,2.047173369036045,1.1640160845199605,1.8024056135851998,0.4304278376119775
1.3375055516236576,25.09769223631942,2.798362120569623,1.670273369036046,1.0752090845199604,1.7264156135851998,0.30957783761197755
1.3375055516236576,25.09769223631942,2.798362120569623,1.670273369036046,1.0752090845199604,1.7264156135851998,0.30957783761197755
1.3017955516236577,25.13339223631942,2.7586921205696235,1.3687733690360453,1.0166160845199603,1.6916256135852,0.3700028376119775
1.3017955516236577,25.13339223631942,2.7586921205696235,1.3687733690360453,1.0166160845199603,1.6916256135852,0.3700028376119775
1.5557055516236578,25.09769223631942,2.6515711205696233,0.23807336903604792,1.1576070845199604,1.3171746135851998,0.3562698376119775
1.4842955516236576,25.02229223631942,2.576193120569623,0.23807336903604792,1.1228170845199603,1.3309076135851998,0.4633868376119775
1.5557055516236578,25.09769223631942,2.5047821205696232,0.35307336903604636,1.1695090845199605,1.3730216135851998,0.3233108376119775
1.8135755516236576,24.98269223631942,2.5047821205696232,0.4284733690360447,1.1988060845199604,1.4700656135852,0.34345283761197754
1.8492855516236577,24.87159223631942,2.465109120569623,0.9164733690360478,1.2400040845199602,1.5249956135851999,0.4569778376119775
1.5953755516236576,24.53039223631942,2.246908120569623,1.4044733690360474,1.2107070845199603,1.4627436135851999,0.4102858376119775
1.5557055516236578,24.343892236319416,2.2826141205696233,2.0074733690360453,1.1347190845199604,1.4004876135851998,0.27570383761197753
1.9246655516236577,24.232792236319415,2.465109120569623,2.384373369036048,1.2519060845199603,1.4416866135851998,0.4707108376119775
1.8492855516236577,24.232792236319415,2.465109120569623,2.7215733690360473,1.3819090845199602,1.5671156135851998,0.3562698376119775
1.8135755516236576,24.11779223631942,2.465109120569623,2.8365733690360457,1.2995140845199602,1.6843056135852,0.3635938376119775
1.5199955516236576,24.04239223631942,2.2826141205696233,3.1381733690360463,1.1933120845199605,1.7328256135851998,0.3901448376119775
1.7024955516236577,24.11779223631942,2.2826141205696233,2.9119733690360476,1.2702170845199605,1.6705656135851998,0.3901448376119775
2.107155551623658,24.38359223631942,2.465109120569623,2.495473369036045,1.3224020845199602,1.5872556135851998,0.3965528376119775
1.9603655516236578,24.38359223631942,2.5047821205696232,2.158173369036046,1.2638080845199604,1.5387356135852,0.4166948376119775
1.6667855516236576,24.343892236319416,2.2826141205696233,2.0074733690360453,1.2226090845199602,1.5323256135852,0.3764118376119775
1.7024955516236577,24.419292236319418,2.357992120569623,1.6305733690360462,1.2519060845199603,1.5185856135851998,0.34345283761197754
1.9246655516236577,24.53039223631942,2.5047821205696232,1.293373369036047,1.2702170845199605,1.5460556135852,0.4102858376119775
1.8492855516236577,24.38359223631942,2.6118981205696232,1.1782733690360452,1.2400040845199602,1.6009856135851999,0.3562698376119775
1.6310855516236578,24.232792236319415,2.6118981205696232,1.253673369036047,1.2400040845199602,1.5735256135851998,0.4102858376119775
1.5199955516236576,24.082092236319415,2.722982120569623,1.4044733690360474,1.2052140845199604,1.5735256135851998,0.3965528376119775
1.6310855516236578,23.93129223631942,2.834062120569623,1.5948733690360477,1.2702170845199605,1.5945756135851998,0.3233108376119775
1.6310855516236578,23.816292236319416,2.8697721205696234,1.7455733690360447,1.3874090845199603,1.6009856135851999,0.3562698376119775
1.4842955516236576,23.705192236319416,2.7586921205696235,1.7813733690360465,1.3343040845199603,1.6147256135852,0.4029618376119775
1.4089155516236576,23.62979223631942,2.6872771205696235,1.896373369036045,1.1466210845199605,1.7328256135851998,0.3764118376119775
1.5557055516236578,23.55439223631942,2.6515711205696233,1.6305733690360462,1.0935200845199604,1.8088156135851998,0.30957783761197755
1.8135755516236576,23.705192236319416,2.722982120569623,1.253673369036047,1.0871110845199605,1.7749356135852,0.4569778376119775
1.8135755516236576,23.816292236319416,2.722982120569623,0.9521733690360463,1.1347190845199604,1.6980356135852,0.3700028376119775
1.5953755516236576,23.705192236319416,2.5047821205696232,0.8053733690360474,1.0697160845199605,1.6357756135852,0.34345283761197754
1.4842955516236576,23.780592236319418,2.3936981205696233,0.579273369036045,1.1164080845199602,1.5323256135852,0.34986183761197753
1.8889555516236576,23.966992236319417,2.5404871205696233,0.4641733690360468,1.2107070845199603,1.4700656135852,0.4505698376119775
1.7778755516236577,23.966992236319417,2.4294031205696234,0.6545733690360471,1.1640160845199605,1.5460556135852,0.3159868376119775
1.6667855516236576,24.082092236319415,2.246908120569623,0.9521733690360463,1.1109150845199602,1.6568356135851998,0.4771198376119775
2.035745551623658,24.343892236319416,2.3222861205696232,1.4440733690360474,1.1988060845199604,1.6357756135852,0.3159868376119775
2.142865551623658,24.343892236319416,2.4294031205696234,1.7455733690360447,1.2345110845199603,1.6009856135851999,0.34986183761197753
1.9246655516236577,24.38359223631942,2.3222861205696232,2.308973369036046,1.2171160845199602,1.5808456135851998,0.4368368376119775
1.9246655516236577,24.38359223631942,2.3222861205696232,2.308973369036046,1.2171160845199602,1.5808456135851998,0.4368368376119775
1.8135755516236576,24.26849223631942,2.135824120569623,2.7215733690360473,1.2226090845199602,1.5597856135852,0.3828208376119775
1.9603655516236578,24.308192236319417,2.135824120569623,2.947673369036046,1.3169090845199602,1.6431056135851998,0.34345283761197754
2.3650255516236576,24.38359223631942,2.2112021205696233,3.1381733690360463,1.4231090845199605,1.7749356135852,0.4908528376119775
2.3650255516236576,24.570092236319415,2.1001181205696233,3.062773369036048,1.3462090845199604,1.8024056135851998,0.3828208376119775
2.3650255516236576,24.53039223631942,1.6994228205696233,2.8723733690360476,1.2931050845199603,1.7117656135852,0.3828208376119775
2.3293255516236577,24.53039223631942,1.6994228205696233,2.7969733690360457,1.1759170845199605,1.6357756135852,0.3700028376119775
2.7300155516236577,24.60579223631942,1.7351283205696233,2.495473369036045,1.2464130845199604,1.5460556135852,0.4029618376119775
2.769695551623658,24.60579223631942,1.8065395205696233,2.2335733690360478,1.3288100845199604,1.4764756135852,0.4368368376119775
2.4364355516236578,24.68109223631942,1.6597499205696233,2.0828733690360473,1.2812030845199605,1.5112656135851998,0.4231038376119775
2.2896555516236576,24.49469223631942,1.6597499205696233,2.158173369036046,1.2638080845199604,1.6083156135852,0.2958448376119775
2.5118155516236578,24.53039223631942,1.7351283205696233,1.932073369036047,1.2702170845199605,1.6632456135851998,0.3828208376119775
2.769695551623658,24.26849223631942,1.9176231205696233,2.0074733690360453,1.3343040845199603,1.6357756135852,0.4633868376119775
2.3293255516236577,23.93129223631942,1.6597499205696233,2.1978733690360457,1.2171160845199602,1.6632456135851998,0.4029618376119775
2.4364355516236578,23.740892236319414,1.6597499205696233,2.0074733690360453,1.2812030845199605,1.6916256135852,0.4633868376119775
2.7300155516236577,23.55439223631942,1.8462121205696234,1.7813733690360465,1.3169090845199602,1.6632456135851998,0.3233108376119775
2.694315551623658,23.40369223631942,1.8819181205696234,1.5948733690360477,1.2931050845199603,1.5808456135851998,0.3764118376119775
2.3293255516236577,23.17749223631942,1.6597499205696233,1.293373369036047,1.1347190845199604,1.5872556135851998,0.4231038376119775
2.2896555516236576,23.102192236319414,1.7351283205696233,0.8807733690360458,1.0816180845199603,1.6220456135852,0.3635938376119775
2.6586055516236575,23.102192236319414,1.8819181205696234,0.579273369036045,1.1759170845199605,1.6916256135852,0.3901448376119775
2.6229055516236577,22.951392236319418,1.8462121205696234,0.5395733690360451,1.2171160845199602,1.6980356135852,0.4304278376119775
2.4007355516236575,22.840292236319417,1.7708339205696233,0.7299733690360455,1.1402120845199604,1.5323256135852,0.34986183761197753
2.2896555516236576,22.76489223631942,1.6994228205696233,0.614973369036047,1.1640160845199605,1.3730216135851998,0.4102858376119775
2.4364355516236578,22.840292236319417,1.8462121205696234,0.8410733690360459,1.2995140845199602,1.4490106135852,0.3635938376119775
2.5475255516236577,22.76489223631942,2.0287071205696234,1.0275733690360447,1.2995140845199602,1.5460556135852,0.3297198376119775
2.2539455516236577,22.840292236319417,1.9176231205696233,1.293373369036047,1.2638080845199604,1.7053556135852,0.3700028376119775
2.182535551623658,22.91569223631942,1.7708339205696233,1.5194733690360458,1.1933120845199605,1.8088156135851998,0.4166948376119775
2.218235551623658,22.91569223631942,1.8462121205696234,1.7813733690360465,1.1759170845199605,1.7465556135851998,0.34986183761197753
2.5118155516236578,22.951392236319418,2.1001181205696233,1.9717733690360468,1.2464130845199604,1.6495156135851998,0.34986183761197753
2.4007355516236575,22.987092236319416,1.9890341205696234,2.1978733690360457,1.3462090845199604,1.6293656135852,0.4102858376119775
2.218235551623658,23.02679223631942,1.9890341205696234,2.1978733690360457,1.3050070845199604,1.6778956135852,0.3764118376119775
2.2539455516236577,23.13789223631942,1.8819181205696234,1.8209733690360466,1.3224020845199602,1.7264156135851998,0.3764118376119775
2.3650255516236576,23.252892236319415,1.9176231205696233,1.670273369036046,1.3700090845199604,1.7886756135851998,0.4029618376119775
2.4364355516236578,23.328292236319417,2.0287071205696234,1.5948733690360477,1.3581090845199602,1.6980356135852,0.34986183761197753
2.4364355516236578,23.28859223631942,1.9533291205696233,1.479773369036046,1.2931050845199603,1.5387356135852,0.3562698376119775
2.2539455516236577,23.17749223631942,1.7708339205696233,1.5194733690360458,1.2226090845199602,1.5249956135851999,0.4102858376119775
2.2896555516236576,23.102192236319414,1.6994228205696233,1.5194733690360458,1.1878190845199603,1.5872556135851998,0.4102858376119775
2.2896555516236576,23.102192236319414,1.6994228205696233,1.5194733690360458,1.1878190845199603,1.5872556135851998,0.4102858376119775
2.5475255516236577,23.02679223631942,1.7708339205696233,1.6305733690360462,1.2812030845199605,1.6357756135852,0.3233108376119775
2.5475255516236577,23.02679223631942,1.7708339205696233,1.6305733690360462,1.2812030845199605,1.6357756135852,0.3233108376119775
2.5475255516236577,23.02679223631942,1.7708339205696233,1.6305733690360462,1.2812030845199605,1.6357756135852,0.3233108376119775
2.5832255516236575,22.76489223631942,1.6597499205696233,1.7813733690360465,1.3288100845199604,1.6778956135852,0.4432448376119775
2.5832255516236575,22.840292236319417,1.6240443205696233,1.5551733690360479,1.2171160845199602,1.7117656135852,0.4231038376119775
2.5832255516236575,22.649892236319417,1.7708339205696233,1.3687733690360453,1.2226090845199602,1.7401456135851998,0.4231038376119775
2.4364355516236578,22.689592236319417,1.6240443205696233,1.1028733690360468,1.2400040845199602,1.6431056135851998,0.34986183761197753
2.4007355516236575,22.57449223631942,1.5526331205696233,0.9164733690360478,1.2290180845199603,1.4902056135851998,0.4707108376119775
2.694315551623658,22.538792236319416,1.6240443205696233,0.6902733690360456,1.2290180845199603,1.4279536135851998,0.4166948376119775
2.8768055516236575,22.800592236319417,1.4772551205696234,0.6902733690360456,1.2171160845199602,1.4902056135851998,0.34986183761197753
2.9164855516236576,22.840292236319417,1.2947601205696233,0.8410733690360459,1.0935200845199604,1.6083156135852,0.4166948376119775
2.8411055516236576,22.987092236319416,1.1836761205696233,0.9164733690360478,1.0642230845199605,1.6632456135851998,0.27570383761197753
2.9521855516236575,22.987092236319416,1.2233481205696233,1.293373369036047,1.1402120845199604,1.6843056135852,0.34986183761197753
3.0989755516236577,22.91569223631942,1.3304651205696234,1.670273369036046,1.2876120845199603,1.6293656135852,0.5311358376119776
3.0235955516236577,22.875992236319416,1.3304651205696234,2.1224733690360473,1.2995140845199602,1.6220456135852,0.30957783761197755
2.8053955516236577,22.875992236319416,1.2947601205696233,2.495473369036045,1.3169090845199602,1.5872556135851998,0.4231038376119775
2.769695551623658,23.102192236319414,1.2590541205696233,2.7969733690360457,1.3169090845199602,1.6568356135851998,0.4505698376119775
3.0235955516236577,23.13789223631942,1.3701381205696233,3.062773369036048,1.1988060845199604,1.7749356135852,0.3297198376119775
3.3171755516236576,23.439392236319417,1.2590541205696233,2.987373369036046,1.2345110845199603,1.9131856135852,0.4102858376119775
3.245765551623658,23.439392236319417,1.2233481205696233,2.947673369036046,1.1878190845199603,2.0303656135851997,0.4432448376119775
3.063275551623658,23.40369223631942,1.1122641205696233,2.7969733690360457,1.1164080845199602,1.9681156135851998,0.3297198376119775
2.987895551623658,23.40369223631942,1.1479701205696233,2.6858733690360452,1.2107070845199603,1.7676156135852,0.3901448376119775
3.1346855516236576,23.40369223631942,1.3304651205696234,2.384373369036048,1.3938090845199604,1.5735256135851998,0.4432448376119775
2.987895551623658,23.28859223631942,1.3701381205696233,2.3446733690360446,1.4643090845199604,1.4837956135852,0.3965528376119775
2.8053955516236577,23.17749223631942,1.2590541205696233,2.3446733690360446,1.4578990845199602,1.4975356135851998,0.3828208376119775
3.0235955516236577,23.102192236319414,1.2233481205696233,2.2692733690360463,1.4405090845199604,1.6495156135851998,0.4432448376119775
3.1346855516236576,22.91569223631942,1.1836761205696233,2.1978733690360457,1.3819090845199602,1.8225456135851998,0.4029618376119775
3.2100655516236576,22.689592236319417,1.1122641205696233,2.1224733690360473,1.2931050845199603,1.8298656135851998,0.3700028376119775
3.063275551623658,22.387992236319416,1.2947601205696233,2.158173369036046,1.1933120845199605,1.8024056135851998,0.34986183761197753
2.8053955516236577,22.04689223631942,1.2233481205696233,2.047173369036045,1.2171160845199602,1.7465556135851998,0.3635938376119775
2.8053955516236577,21.784992236319418,1.3701381205696233,1.7059733690360481,1.2464130845199604,1.7328256135851998,0.3901448376119775
2.8768055516236575,21.709592236319416,1.5526331205696233,1.217973369036045,1.3114150845199604,1.7264156135851998,0.4231038376119775
2.769695551623658,21.634292236319418,1.4415491205696234,1.0671733690360448,1.3819090845199602,1.6705656135851998,0.4231038376119775
2.6586055516236575,21.44779223631942,1.3304651205696234,0.8807733690360458,1.2995140845199602,1.5524656135852,0.3901448376119775
2.6586055516236575,21.483492236319417,1.2590541205696233,0.6545733690360471,1.2464130845199604,1.5249956135851999,0.34345283761197754
2.8768055516236575,21.372392236319417,1.3701381205696233,0.579273369036045,1.3114150845199604,1.5671156135851998,0.4166948376119775
3.0989755516236577,21.372392236319417,1.2947601205696233,0.7299733690360455,1.3407120845199603,1.6431056135851998,0.4231038376119775
2.8053955516236577,21.29699223631942,1.1479701205696233,1.0671733690360448,1.3407120845199603,1.6632456135851998,0.3700028376119775
2.769695551623658,21.29699223631942,1.0765591205696232,1.1425733690360467,1.2876120845199603,1.6357756135852,0.4231038376119775
2.8411055516236576,21.51919223631942,1.1479701205696233,1.217973369036045,1.2400040845199602,1.6083156135852,0.4029618376119775
3.063275551623658,21.709592236319416,1.2233481205696233,1.5194733690360458,1.2052140845199604,1.5808456135851998,0.3562698376119775
3.0235955516236577,21.784992236319418,1.1836761205696233,1.856673369036045,1.1402120845199604,1.6632456135851998,0.4029618376119775
2.9164855516236576,22.011192236319417,1.0368861205696231,1.9717733690360468,1.1988060845199604,1.7749356135852,0.3764118376119775
2.9521855516236575,21.971492236319417,1.0011801205696234,1.932073369036047,1.2107070845199603,1.8646556135852,0.3635938376119775
2.9164855516236576,22.011192236319417,1.0765591205696232,1.8209733690360466,1.3343040845199603,1.8225456135851998,0.3965528376119775
3.063275551623658,22.011192236319417,1.1479701205696233,1.8209733690360466,1.3700090845199604,1.6843056135852,0.4029618376119775
2.9521855516236575,21.93579223631942,1.1122641205696233,1.7455733690360447,1.2519060845199603,1.5185856135851998,0.4231038376119775
2.8411055516236576,22.011192236319417,1.0011801205696234,1.5194733690360458,1.2226090845199602,1.4490106135852,0.30957783761197755
2.9164855516236576,22.011192236319417,1.0765591205696232,1.4440733690360474,1.1576070845199604,1.5872556135851998,0.3764118376119775
3.0235955516236577,21.860392236319417,1.0765591205696232,1.4044733690360474,1.1988060845199604,1.8161356135851998,0.4569778376119775
3.0235955516236577,21.89609223631942,0.9297691205696232,1.4044733690360474,1.2290180845199603,1.8783956135851998,0.3297198376119775
3.0235955516236577,21.89609223631942,0.9297691205696232,1.4044733690360474,1.2290180845199603,1.8783956135851998,0.3297198376119775
3.0989755516236577,21.55889223631942,0.9297691205696232,1.6305733690360462,1.1759170845199605,1.7401456135851998,0.4505698376119775
3.0989755516236577,21.594592236319418,1.0011801205696234,1.7455733690360447,1.2400040845199602,1.6009856135851999,0.4029618376119775
3.063275551623658,21.44779223631942,1.0011801205696234,1.6305733690360462,1.3462090845199604,1.5524656135852,0.26929483761197753
3.2100655516236576,21.372392236319417,0.9297691205696232,1.293373369036047,1.3754990845199604,1.6495156135851998,0.4505698376119775
3.0989755516236577,21.332792236319417,0.8940641205696233,1.217973369036045,1.3700090845199604,1.7538856135852,0.3562698376119775
3.170385551623658,21.372392236319417,0.8186851205696233,0.9521733690360463,1.3169090845199602,1.6843056135852,0.2894368376119775
3.245765551623658,21.40809223631942,0.8186851205696233,0.9164733690360478,1.2400040845199602,1.5524656135852,0.3700028376119775
3.3925555516236576,21.29699223631942,0.8186851205696233,0.8807733690360458,1.2290180845199603,1.5112656135851998,0.3635938376119775
3.3568455516236577,21.25739223631942,0.7829801205696233,0.9521733690360463,1.2702170845199605,1.5808456135851998,0.3159868376119775
3.3171755516236576,21.25739223631942,0.6718921205696233,1.0671733690360448,1.2290180845199603,1.6083156135852,0.3635938376119775
3.281475551623658,21.29699223631942,0.6718921205696233,1.4044733690360474,1.3526190845199602,1.6632456135851998,0.30957783761197755
3.3171755516236576,21.372392236319417,0.6004821205696234,1.7455733690360447,1.4112090845199603,1.6705656135851998,0.3562698376119775
3.3568455516236577,21.483492236319417,0.7076021205696232,2.047173369036045,1.3462090845199604,1.6916256135852,0.3562698376119775
3.3925555516236576,21.594592236319418,0.8186851205696233,2.384373369036048,1.3993090845199605,1.7053556135852,0.3562698376119775
3.3925555516236576,21.634292236319418,0.7829801205696233,2.495473369036045,1.2812030845199605,1.7749356135852,0.3901448376119775
3.3925555516236576,21.634292236319418,0.7829801205696233,2.495473369036045,1.2812030845199605,1.7749356135852,0.3901448376119775
3.4282655516236575,21.89609223631942,0.6004821205696234,2.8365733690360457,1.2702170845199605,1.8994456135851998,0.34345283761197754
3.5750555516236577,21.971492236319417,0.6361921205696233,2.8365733690360457,1.2931050845199603,1.9681156135851998,0.4505698376119775
3.5750555516236577,21.971492236319417,0.6361921205696233,2.8365733690360457,1.2931050845199603,1.9681156135851998,0.4505698376119775
3.614725551623658,21.820692236319417,0.5608121205696233,2.610473369036047,1.3169090845199602,1.6843056135852,0.27570383761197753
3.5036355516236575,21.669992236319416,0.4179921205696233,2.308973369036046,1.2931050845199603,1.5945756135851998,0.4771198376119775
3.614725551623658,21.44779223631942,0.4179921205696233,2.047173369036045,1.2812030845199605,1.6980356135852,0.3031698376119775
3.6861355516236576,21.181992236319417,0.3783121205696234,2.047173369036045,1.3050070845199604,1.8088156135851998,0.4707108376119775
3.7218455516236575,20.844792236319417,0.3426121205696233,2.0828733690360473,1.2876120845199603,1.8573356135852,0.3361288376119775
3.614725551623658,20.693992236319417,0.27120212056962334,1.932073369036047,1.2931050845199603,1.7602856135851999,0.3233108376119775
3.614725551623658,20.503592236319417,0.3426121205696233,1.7059733690360481,1.2638080845199604,1.6843056135852,0.4771198376119775
3.539345551623658,20.202092236319416,0.3069021205696232,1.4440733690360474,1.2519060845199603,1.6980356135852,0.3635938376119775
3.539345551623658,20.202092236319416,0.3069021205696232,1.4440733690360474,1.2519060845199603,1.6980356135852,0.3635938376119775
3.5750555516236577,19.94019223631942,0.3783121205696234,0.8410733690360459,1.1576070845199604,1.6293656135852,0.4432448376119775
3.5036355516236575,19.864892236319417,0.3426121205696233,0.5038733690360466,1.2107070845199603,1.6568356135851998,0.3828208376119775
3.539345551623658,19.714092236319416,0.3783121205696234,0.5395733690360451,1.1640160845199605,1.6220456135852,0.3828208376119775
3.614725551623658,19.829192236319418,0.27120212056962334,0.7656733690360475,1.3050070845199604,1.5808456135851998,0.34345283761197754
3.5036355516236575,19.94019223631942,0.3069021205696232,0.8807733690360458,1.3526190845199602,1.5808456135851998,0.4569778376119775
3.539345551623658,20.05129223631942,0.3426121205696233,1.1425733690360467,1.3700090845199604,1.6009856135851999,0.27570383761197753
3.539345551623658,20.202092236319416,0.3069021205696232,1.4044733690360474,1.3635990845199601,1.6431056135851998,0.4166948376119775
3.614725551623658,20.352792236319416,0.3069021205696232,1.5948733690360477,1.3224020845199602,1.6778956135852,0.4166948376119775
3.6504255516236577,20.57899223631942,0.3783121205696234,1.8209733690360466,1.2757100845199605,1.6568356135851998,0.3297198376119775
3.5036355516236575,20.543292236319417,0.4536921205696234,2.047173369036045,1.2519060845199603,1.6495156135851998,0.34986183761197753
3.3925555516236576,20.61859223631942,0.3783121205696234,2.1224733690360473,1.2876120845199603,1.7401456135851998,0.3635938376119775
3.5750555516236577,20.693992236319417,0.4179921205696233,1.896373369036045,1.3635990845199601,1.8161356135851998,0.4505698376119775
3.7218455516236575,20.72969223631942,0.4536921205696234,1.7813733690360465,1.3700090845199604,1.7190956135851998,0.4102858376119775
3.7218455516236575,20.72969223631942,0.4536921205696234,1.7813733690360465,1.3700090845199604,1.7190956135851998,0.4102858376119775
3.3925555516236576,20.61859223631942,0.4179921205696233,1.7455733690360447,1.3114150845199604,1.6293656135852,0.27570383761197753
3.3925555516236576,20.654292236319417,0.3069021205696232,1.670273369036046,1.3114150845199604,1.6083156135852,0.4304278376119775
3.539345551623658,20.57899223631942,0.3783121205696234,1.6305733690360462,1.4047990845199605,1.6568356135851998,0.3901448376119775
3.6861355516236576,20.46789223631942,0.4536921205696234,1.7813733690360465,1.2812030845199605,1.7328256135851998,0.3297198376119775
3.5036355516236575,20.503592236319417,0.27120212056962334,1.7059733690360481,1.2464130845199604,1.7813456135852,0.34986183761197753
3.5036355516236575,20.503592236319417,0.27120212056962334,1.7059733690360481,1.2464130845199604,1.7813456135852,0.34986183761197753
3.6861355516236576,20.392492236319416,0.27120212056962334,1.4440733690360474,1.2702170845199605,1.8298656135851998,0.3031698376119775
3.7615155516236576,20.126692236319418,0.1601121205696232,1.4044733690360474,1.3407120845199603,1.8161356135851998,0.4304278376119775
3.7218455516236575,19.97989223631942,0.12441212056962336,1.1782733690360452,1.2519060845199603,1.7328256135851998,0.3297198376119775
3.6504255516236577,19.864892236319417,0.1601121205696232,1.1425733690360467,1.1933120845199605,1.5872556135851998,0.3562698376119775
3.6861355516236576,19.864892236319417,0.23153212056962325,1.0671733690360448,1.2702170845199605,1.5808456135851998,0.4368368376119775
3.6861355516236576,19.94019223631942,0.3069021205696232,1.253673369036047,1.2519060845199603,1.6916256135852,0.34986183761197753
3.614725551623658,20.241692236319416,0.1601121205696232,1.7059733690360481,1.2702170845199605,1.8024056135851998,0.3965528376119775
3.6861355516236576,20.317092236319418,0.12441212056962336,1.856673369036045,1.3224020845199602,1.7264156135851998,0.3901448376119775
3.832925551623658,20.392492236319416,0.08474212056962327,2.0828733690360473,1.3993090845199605,1.6705656135851998,0.4231038376119775
3.797215551623658,20.277492236319418,0.08474212056962327,2.4200733690360465,1.3114150845199604,1.7886756135851998,0.3159868376119775
3.797215551623658,20.317092236319418,0.13346787943037675,2.6461733690360454,1.2812030845199605,1.9131856135852,0.34986183761197753
3.908305551623658,20.46789223631942,0.09775787943037662,2.7215733690360473,1.2638080845199604,1.9479756135851998,0.3901448376119775
3.908305551623658,20.46789223631942,0.09775787943037662,2.7215733690360473,1.2638080845199604,1.9479756135851998,0.3901448376119775
4.126505551623658,20.46789223631942,0.20487787943037672,2.495473369036045,1.2702170845199605,1.8921256135851998,0.4304278376119775
4.0550955516236575,20.317092236319418,0.3516678794303767,2.4200733690360465,1.2519060845199603,1.7886756135851998,0.34986183761197753
4.0550955516236575,20.317092236319418,0.3516678794303767,2.4200733690360465,1.2519060845199603,1.7886756135851998,0.34986183761197753
4.0550955516236575,20.09099223631942,0.3913378794303768,2.4597733690360464,1.2876120845199603,1.7053556135852,0.34986183761197753
4.126505551623658,20.05129223631942,0.3516678794303767,2.1224733690360473,1.4405090845199604,1.6357756135852,0.4707108376119775
4.126505551623658,19.753792236319416,0.28024787943037666,1.9717733690360468,1.5348090845199605,1.6705656135851998,0.3700028376119775
4.015415551623658,19.41259223631942,0.2445478794303768,1.896373369036045,1.5402990845199604,1.7190956135851998,0.3700028376119775
3.9440055516236576,19.15069223631942,0.3516678794303767,1.9717733690360468,1.4350090845199603,1.7401456135851998,0.49726083761197754
4.126505551623658,19.15069223631942,0.3159578794303768,1.7059733690360481,1.2812030845199605,1.7538856135852,0.3361288376119775
4.162205551623658,19.075392236319416,0.3516678794303767,1.3687733690360453,1.1988060845199604,1.7676156135852,0.34345283761197754
4.126505551623658,18.924592236319416,0.3913378794303768,1.1425733690360467,1.1228170845199603,1.8509256135852,0.4633868376119775
3.9440055516236576,18.698492236319417,0.3913378794303768,1.0671733690360448,1.1521140845199604,1.7813456135852,0.3031698376119775
3.908305551623658,18.62309223631942,0.3913378794303768,0.7656733690360475,1.2876120845199603,1.6431056135851998,0.4029618376119775
3.9797155516236575,18.547692236319417,0.13346787943037675,0.6545733690360471,1.4047990845199605,1.5524656135852,0.4835288376119775
3.8686255516236576,18.62309223631942,0.28024787943037666,0.7299733690360455,1.4405090845199604,1.5323256135852,0.28302783761197753
3.7615155516236576,18.58339223631942,0.3159578794303768,0.9918733690360462,1.3993090845199605,1.5460556135852,0.3764118376119775
4.015415551623658,18.73419223631942,0.2445478794303768,1.1425733690360467,1.4459990845199604,1.6632456135851998,0.4029618376119775
4.0550955516236575,18.77389223631942,0.13346787943037675,1.4044733690360474,1.3874090845199603,1.7676156135852,0.3828208376119775
3.832925551623658,18.999992236319418,0.20487787943037672,1.6305733690360462,1.1402120845199604,1.8994456135851998,0.4029618376119775
3.7615155516236576,19.11109223631942,0.20487787943037672,1.856673369036045,1.1988060845199604,1.9058556135851998,0.3361288376119775
3.832925551623658,19.337192236319417,0.05808787943037674,2.0828733690360473,1.3050070845199604,1.8024056135851998,0.3700028376119775
3.832925551623658,19.337192236319417,0.09775787943037662,2.308973369036046,1.4990990845199605,1.7264156135851998,0.3635938376119775
3.7218455516236575,19.41259223631942,0.2445478794303768,2.158173369036046,1.4285990845199605,1.7538856135852,0.4231038376119775
3.7218455516236575,19.563292236319416,0.28024787943037666,2.0828733690360473,1.3700090845199604,1.8088156135851998,0.3901448376119775
3.9797155516236575,19.487992236319418,0.28024787943037666,1.932073369036047,1.3754990845199604,1.8783956135851998,0.3764118376119775
4.126505551623658,19.638692236319418,0.2445478794303768,1.932073369036047,1.2052140845199604,1.8573356135852,0.4368368376119775
3.908305551623658,19.563292236319416,0.28024787943037666,1.7813733690360465,1.1640160845199605,1.8436056135852,0.34986183761197753
3.797215551623658,19.487992236319418,0.2445478794303768,1.7455733690360447,1.1878190845199603,1.8024056135851998,0.3361288376119775
3.797215551623658,19.30149223631942,0.13346787943037675,1.7813733690360465,1.3169090845199602,1.7602856135851999,0.3901448376119775
3.7615155516236576,19.11109223631942,0.1691678794303768,1.7813733690360465,1.4578990845199602,1.7465556135851998,0.3700028376119775
3.7218455516236575,19.11109223631942,0.2445478794303768,1.7455733690360447,1.4350090845199603,1.7190956135851998,0.4166948376119775
3.7218455516236575,19.11109223631942,0.2445478794303768,1.7455733690360447,1.4350090845199603,1.7190956135851998,0.4166948376119775
3.6861355516236576,19.035692236319417,0.28024787943037666,1.5194733690360458,1.3343040845199603,1.7264156135851998,0.3700028376119775
3.832925551623658,18.999992236319418,0.28024787943037666,1.4440733690360474,1.2757100845199605,1.7950756135852,0.28302783761197753
4.015415551623658,18.849192236319418,0.3516678794303767,1.1425733690360467,1.1988060845199604,1.8646556135852,0.4166948376119775
3.9797155516236575,18.77389223631942,0.42703787943037663,1.1425733690360467,1.1466210845199605,1.8646556135852,0.3700028376119775
3.908305551623658,18.658792236319417,0.5341578794303767,1.1028733690360468,1.1228170845199603,1.7602856135851999,0.3297198376119775
3.8686255516236576,18.47229223631942,0.46274787943037654,1.253673369036047,1.1521140845199604,1.6980356135852,0.3233108376119775
3.8686255516236576,18.47229223631942,0.46274787943037654,1.253673369036047,1.1521140845199604,1.6980356135852,0.3233108376119775
3.9440055516236576,18.396992236319416,0.3913378794303768,1.479773369036046,1.3288100845199604,1.7053556135852,0.3764118376119775
3.8686255516236576,18.361292236319418,0.3913378794303768,1.7813733690360465,1.4816990845199602,1.8573356135852,0.3828208376119775
3.7218455516236575,18.51199223631942,0.5738278794303768,2.0074733690360453,1.4285990845199605,1.8573356135852,0.4029618376119775
3.908305551623658,18.436592236319417,0.5738278794303768,2.0074733690360453,1.3407120845199603,1.8509256135852,0.3901448376119775
4.090795551623658,18.361292236319418,0.5341578794303767,2.1224733690360473,1.2583150845199604,1.8573356135852,0.34986183761197753
4.273295551623658,18.285892236319416,0.5341578794303767,2.4200733690360465,1.2107070845199603,1.8298656135851998,0.3562698376119775
4.090795551623658,18.13509223631942,0.7206178794303766,2.2335733690360478,1.3288100845199604,1.9195956135852,0.3635938376119775
4.126505551623658,18.13509223631942,0.6809478794303765,2.047173369036045,1.3874090845199603,1.8921256135851998,0.3828208376119775
4.237585551623658,18.210492236319418,0.7206178794303766,1.932073369036047,1.4047990845199605,1.8225456135851998,0.4029618376119775
4.237585551623658,18.095392236319416,0.7563278794303765,1.7455733690360447,1.4350090845199603,1.7117656135852,0.4304278376119775
4.201885551623658,17.908992236319417,0.8674078794303768,1.7455733690360447,1.3407120845199603,1.6568356135851998,0.4102858376119775
4.273295551623658,17.908992236319417,0.9031178794303767,1.479773369036046,1.4112090845199603,1.6843056135852,0.34986183761197753
4.348675551623658,17.869292236319417,0.8277378794303767,1.5551733690360479,1.3819090845199602,1.7813456135852,0.3965528376119775
4.308995551623657,17.79389223631942,0.9031178794303767,1.5948733690360477,1.2995140845199602,1.8573356135852,0.3764118376119775
4.308995551623657,17.718592236319417,1.0102378794303768,1.479773369036046,1.2171160845199602,1.8088156135851998,0.30957783761197755
4.384375551623657,17.532092236319418,1.049907879430377,1.217973369036045,1.1466210845199605,1.7465556135851998,0.3901448376119775
4.495465551623657,17.416992236319416,1.0102378794303768,1.1028733690360468,1.2290180845199603,1.7190956135851998,0.4166948376119775
4.5311655516236575,17.341692236319417,1.0102378794303768,1.0671733690360448,1.3700090845199604,1.7465556135851998,0.3901448376119775
4.420085551623657,17.341692236319417,1.1213178794303766,1.0671733690360448,1.4405090845199604,1.6778956135852,0.3965528376119775
4.308995551623657,17.30599223631942,1.232397879430377,1.253673369036047,1.3993090845199605,1.6495156135851998,0.3635938376119775
4.5311655516236575,17.30599223631942,1.2681078794303768,1.3290733690360454,1.3635990845199601,1.6147256135852,0.4166948376119775
4.713665551623658,17.607492236319416,1.1966978794303766,1.4440733690360474,1.3169090845199602,1.6916256135852,0.3159868376119775
4.749365551623658,17.567792236319416,1.157017879430377,1.7455733690360447,1.1814110845199604,1.8573356135852,0.34345283761197754
4.602575551623658,17.758192236319417,1.3434878794303768,1.7059733690360481,1.1759170845199605,1.9754356135851998,0.3764118376119775
4.5311655516236575,17.908992236319417,1.3038078794303767,1.7455733690360447,1.1988060845199604,1.9406456135852,0.3965528376119775
4.5311655516236575,18.13509223631942,1.232397879430377,1.9717733690360468,1.3224020845199602,1.8509256135852,0.4166948376119775
4.4557855516236575,18.361292236319418,1.2681078794303768,2.1224733690360473,1.4350090845199603,1.7401456135851998,0.3700028376119775
4.5311655516236575,18.361292236319418,1.1966978794303766,2.1978733690360457,1.4405090845199604,1.6705656135851998,0.3828208376119775
4.642255551623657,18.321592236319418,1.232397879430377,2.0828733690360473,1.4285990845199605,1.7117656135852,0.4304278376119775
4.713665551623658,18.51199223631942,1.3434878794303768,2.0074733690360453,1.3462090845199604,1.8646556135852,0.4231038376119775
4.713665551623658,18.51199223631942,1.3791878794303767,1.8209733690360466,1.2583150845199604,1.9617056135851998,0.3828208376119775
4.602575551623658,18.547692236319417,1.4863078794303768,1.7813733690360465,1.1576070845199604,1.9406456135852,0.3635938376119775
4.602575551623658,18.436592236319417,1.4148978794303766,1.7813733690360465,1.1521140845199604,1.7950756135852,0.3562698376119775
4.713665551623658,18.285892236319416,1.2681078794303768,1.7059733690360481,1.2107070845199603,1.6916256135852,0.3965528376119775
4.566875551623657,18.095392236319416,1.2681078794303768,1.7813733690360465,1.3635990845199601,1.6916256135852,0.4166948376119775
4.5311655516236575,18.059692236319417,1.3434878794303768,1.856673369036045,1.4762090845199602,1.7465556135851998,0.34345283761197754
4.5311655516236575,17.758192236319417,1.3434878794303768,1.8209733690360466,1.5521990845199602,1.8161356135851998,0.4102858376119775
4.566875551623657,17.68279223631942,1.4863078794303768,1.7455733690360447,1.5348090845199605,1.7749356135852,0.4304278376119775
4.677955551623658,17.45669223631942,1.4148978794303766,1.4440733690360474,1.3700090845199604,1.7328256135851998,0.3297198376119775
4.677955551623658,17.15519223631942,1.4505978794303769,1.4440733690360474,1.1988060845199604,1.7538856135852,0.4304278376119775
4.642255551623657,16.853692236319418,1.4505978794303769,1.3290733690360454,1.1640160845199605,1.7676156135852,0.3764118376119775
4.677955551623658,16.62759223631942,1.232397879430377,1.3290733690360454,1.2290180845199603,1.8573356135852,0.34345283761197754
4.5311655516236575,16.47679223631942,1.3038078794303767,1.5194733690360458,1.3635990845199601,1.8994456135851998,0.3901448376119775
4.348675551623658,16.47679223631942,1.232397879430377,1.479773369036046,1.4459990845199604,1.8573356135852,0.3828208376119775
4.384375551623657,16.441092236319417,1.3038078794303767,1.7813733690360465,1.4697990845199604,1.7813456135852,0.4102858376119775
4.677955551623658,16.51649223631942,1.3038078794303767,1.896373369036045,1.4231090845199605,1.6778956135852,0.3700028376119775
4.642255551623657,16.591792236319417,1.4863078794303768,1.856673369036045,1.3993090845199605,1.8024056135851998,0.4029618376119775
4.642255551623657,16.66719223631942,1.5973878794303766,2.0828733690360473,1.3874090845199603,1.9342356135852,0.3700028376119775
4.602575551623658,16.853692236319418,1.5259778794303769,2.0828733690360473,1.3343040845199603,2.0029056135851997,0.34345283761197754
4.677955551623658,17.04409223631942,1.5259778794303769,2.1224733690360473,1.2702170845199605,1.9617056135851998,0.3764118376119775
4.602575551623658,17.079792236319417,1.5259778794303769,2.047173369036045,1.2171160845199602,1.8371956135852,0.4633868376119775
4.602575551623658,17.15519223631942,1.5973878794303766,2.0074733690360453,1.2226090845199602,1.7813456135852,0.3901448376119775
4.602575551623658,17.15519223631942,1.5973878794303766,2.0074733690360453,1.2226090845199602,1.7813456135852,0.3901448376119775
4.713665551623658,17.11549223631942,1.5973878794303766,2.1224733690360473,1.4697990845199604,1.8161356135851998,0.4304278376119775
4.642255551623657,17.00439223631942,1.5973878794303766,2.047173369036045,1.6171990845199602,1.8298656135851998,0.4166948376119775
4.642255551623657,16.778292236319416,1.7441778794303768,2.3446733690360446,1.4697990845199604,1.8161356135851998,0.3764118376119775
4.713665551623658,16.591792236319417,1.7441778794303768,2.2335733690360478,1.3874090845199603,1.7602856135851999,0.4029618376119775
4.860455551623658,16.401392236319417,1.6330978794303765,1.9717733690360468,1.2519060845199603,1.8573356135852,0.3297198376119775
4.789035551623658,16.47679223631942,1.5973878794303766,1.7813733690360465,1.1814110845199604,1.9827656135851999,0.3700028376119775
4.642255551623657,16.32599223631942,1.5973878794303766,1.5551733690360479,1.1521140845199604,2.0514256135851996,0.4102858376119775
4.5311655516236575,16.290292236319416,1.5973878794303766,1.5194733690360458,1.1988060845199604,1.9342356135852,0.27570383761197753
4.5311655516236575,16.290292236319416,1.5973878794303766,1.5194733690360458,1.1988060845199604,1.9342356135852,0.27570383761197753
4.602575551623658,16.250692236319416,1.4863078794303768,1.3687733690360453,1.3288100845199604,1.7676156135852,0.3562698376119775
4.602575551623658,16.36569223631942,1.5973878794303766,1.5194733690360458,1.4578990845199602,1.6568356135851998,0.4707108376119775
4.566875551623657,16.47679223631942,1.6330978794303765,1.670273369036046,1.5521990845199602,1.5597856135852,0.4231038376119775
4.5311655516236575,16.591792236319417,1.7084778794303765,1.8209733690360466,1.4936090845199606,1.6009856135851999,0.3562698376119775
4.713665551623658,16.62759223631942,1.7441778794303768,1.7813733690360465,1.4459990845199604,1.7886756135851998,0.4432448376119775
4.789035551623658,16.853692236319418,1.7441778794303768,1.670273369036046,1.3526190845199602,1.9058556135851998,0.4166948376119775
4.713665551623658,17.04409223631942,1.6727678794303766,1.7813733690360465,1.1878190845199603,1.9269156135852,0.3031698376119775
4.566875551623657,17.00439223631942,1.7084778794303765,1.856673369036045,1.1402120845199604,1.9195956135852,0.3901448376119775
4.4557855516236575,17.15519223631942,1.6727678794303766,2.1224733690360473,1.1283100845199603,1.8371956135852,0.5109938376119776
4.5311655516236575,17.230592236319417,1.4863078794303768,2.2335733690360478,1.3700090845199604,1.8573356135852,0.3700028376119775
4.5311655516236575,17.11549223631942,1.6727678794303766,2.1978733690360457,1.4871990845199603,1.9406456135852,0.5238118376119776
4.5311655516236575,16.853692236319418,1.7084778794303765,2.1978733690360457,1.5109990845199603,1.8994456135851998,0.34986183761197753
4.642255551623657,16.62759223631942,1.6727678794303766,2.1224733690360473,1.5521990845199602,1.7749356135852,0.3700028376119775
4.677955551623658,16.32599223631942,1.5973878794303766,1.896373369036045,1.4762090845199602,1.8161356135851998,0.4569778376119775
4.4557855516236575,16.214992236319418,1.6727678794303766,1.8209733690360466,1.3407120845199603,1.8710656135852,0.3828208376119775
4.420085551623657,15.98879223631942,1.7441778794303768,1.7813733690360465,1.2519060845199603,1.9058556135851998,0.3901448376119775
4.420085551623657,15.98879223631942,1.7441778794303768,1.7813733690360465,1.2519060845199603,1.9058556135851998,0.3901448376119775
4.4557855516236575,15.500792236319416,1.3791878794303767,1.3687733690360453,1.2812030845199605,1.9269156135852,0.4505698376119775
4.4557855516236575,15.274692236319417,1.4863078794303768,1.1028733690360468,1.2931050845199603,1.8509256135852,0.3965528376119775
4.273295551623658,14.933492236319417,1.6727678794303766,1.1028733690360468,1.3224020845199602,1.8088156135851998,0.3297198376119775
4.384375551623657,14.782792236319416,1.6330978794303765,0.8410733690360459,1.3754990845199604,1.7264156135851998,0.3901448376119775
4.5311655516236575,14.747092236319418,1.6330978794303765,0.8410733690360459,1.4643090845199604,1.6568356135851998,0.3965528376119775
4.384375551623657,14.707392236319418,1.6727678794303766,1.1425733690360467,1.4405090845199604,1.7328256135851998,0.4368368376119775
4.384375551623657,14.897792236319418,1.6727678794303766,1.217973369036045,1.4112090845199603,1.8088156135851998,0.34986183761197753
4.420085551623657,15.123892236319417,1.5616878794303768,1.3290733690360454,1.3169090845199602,1.8371956135852,0.34986183761197753
4.384375551623657,15.274692236319417,1.5616878794303768,1.3687733690360453,1.2345110845199603,1.8161356135851998,0.4633868376119775
4.273295551623658,15.461192236319416,1.6727678794303766,1.670273369036046,1.1521140845199604,1.8994456135851998,0.3562698376119775
4.237585551623658,15.687292236319418,1.6330978794303765,1.8209733690360466,1.1640160845199605,1.9269156135852,0.4166948376119775
4.4557855516236575,15.873792236319417,1.6330978794303765,2.2335733690360478,1.3635990845199601,1.8783956135851998,0.4304278376119775
4.420085551623657,15.838092236319419,1.5259778794303769,2.4200733690360465,1.5348090845199605,1.8646556135852,0.3361288376119775
4.237585551623658,15.762692236319417,1.6330978794303765,2.535073369036045,1.6052990845199604,1.8710656135852,0.4102858376119775
4.273295551623658,15.798392236319419,1.7441778794303768,2.535073369036045,1.5814990845199604,1.8921256135851998,0.3700028376119775
4.384375551623657,15.873792236319417,1.6727678794303766,2.495473369036045,1.4231090845199605,1.9342356135852,0.3159868376119775
4.420085551623657,16.064192236319418,1.7084778794303765,2.2335733690360478,1.3169090845199602,1.9827656135851999,0.4304278376119775
4.420085551623657,16.099892236319416,1.5973878794303766,2.2692733690360463,1.1640160845199605,2.0651556135852,0.4029618376119775
4.348675551623658,15.94909223631942,1.7441778794303768,2.1224733690360473,1.2345110845199603,2.0376956135852,0.3635938376119775
4.308995551623657,15.94909223631942,1.6330978794303765,2.158173369036046,1.2995140845199602,1.9964956135852,0.3635938376119775
4.384375551623657,15.838092236319419,1.6330978794303765,1.9717733690360468,1.3343040845199603,1.9195956135852,0.4304278376119775
4.384375551623657,15.722992236319417,1.7441778794303768,1.7813733690360465,1.4816990845199602,1.8573356135852,0.34986183761197753
4.384375551623657,15.687292236319418,1.8195578794303768,1.670273369036046,1.4762090845199602,1.7602856135851999,0.3901448376119775
4.420085551623657,15.647592236319419,1.9623778794303768,1.3687733690360453,1.4643090845199604,1.7264156135851998,0.3764118376119775
4.566875551623657,15.611892236319417,1.9266778794303765,1.3290733690360454,1.4350090845199603,1.8024056135851998,0.34986183761197753
4.602575551623658,15.611892236319417,1.8909678794303766,1.3290733690360454,1.3114150845199604,1.8436056135852,0.4102858376119775
4.495465551623657,15.647592236319419,1.9266778794303765,1.479773369036046,1.2400040845199602,1.8783956135851998,0.3965528376119775
4.495465551623657,15.798392236319419,1.8195578794303768,1.5551733690360479,1.1933120845199605,1.8921256135851998,0.4304278376119775
4.4557855516236575,15.873792236319417,1.8552678794303767,1.7059733690360481,1.1988060845199604,1.9131856135852,0.3562698376119775
4.420085551623657,15.913392236319417,1.9266778794303765,2.0074733690360453,1.2464130845199604,1.8710656135852,0.3828208376119775
4.495465551623657,15.913392236319417,1.9623778794303768,1.932073369036047,1.2995140845199602,1.8646556135852,0.3764118376119775
4.5311655516236575,15.687292236319418,1.9623778794303768,2.1224733690360473,1.3581090845199602,1.8783956135851998,0.3901448376119775
4.5311655516236575,15.536492236319418,2.0020578794303763,2.1224733690360473,1.4990990845199605,1.8225456135851998,0.30957783761197755
4.5311655516236575,15.425492236319418,1.9266778794303765,2.4597733690360464,1.5348090845199605,1.8783956135851998,0.34345283761197754
4.5311655516236575,15.425492236319418,1.9266778794303765,2.4597733690360464,1.5348090845199605,1.8783956135851998,0.34345283761197754
4.4557855516236575,15.500792236319416,1.9623778794303768,2.2692733690360463,1.5998090845199604,1.9195956135852,0.4368368376119775
4.4557855516236575,15.536492236319418,1.9266778794303765,2.2692733690360463,1.4936090845199606,1.9681156135851998,0.3562698376119775
4.495465551623657,15.385792236319418,1.8909678794303766,2.158173369036046,1.3526190845199602,1.8994456135851998,0.3764118376119775
4.4557855516236575,15.084292236319417,1.9623778794303768,2.0828733690360473,1.2757100845199605,1.9131856135852,0.3901448376119775
4.5311655516236575,14.707392236319418,2.0377578794303766,1.896373369036045,1.1988060845199604,1.9479756135851998,0.3901448376119775
4.566875551623657,14.520892236319419,2.0734678794303765,1.670273369036046,1.2583150845199604,1.9406456135852,0.34345283761197754
4.642255551623657,14.405892236319417,2.255957879430377,1.5194733690360458,1.4350090845199603,1.8994456135851998,0.3901448376119775
4.789035551623658,14.405892236319417,2.331337879430377,1.253673369036047,1.5283990845199602,1.7886756135851998,0.3764118376119775
4.789035551623658,14.294792236319417,2.255957879430377,1.1425733690360467,1.5228990845199601,1.7053556135852,0.4368368376119775
4.642255551623657,14.104392236319416,2.331337879430377,1.0275733690360447,1.4350090845199603,1.7053556135852,0.34345283761197754
4.602575551623658,14.143992236319416,2.2956378794303767,0.9164733690360478,1.3635990845199601,1.7328256135851998,0.3965528376119775
4.749365551623658,14.068692236319418,2.1845478794303768,1.0275733690360447,1.3635990845199601,1.7886756135851998,0.4432448376119775
4.677955551623658,14.104392236319416,2.255957879430377,1.1782733690360452,1.2812030845199605,1.8573356135852,0.34345283761197754
4.602575551623658,14.143992236319416,2.331337879430377,1.5948733690360477,1.2702170845199605,1.9131856135852,0.3297198376119775
4.602575551623658,14.219392236319418,2.255957879430377,1.670273369036046,1.2812030845199605,1.8921256135851998,0.4231038376119775
4.713665551623658,14.179692236319418,2.2956378794303767,1.932073369036047,1.3874090845199603,1.9058556135851998,0.28302783761197753
4.677955551623658,14.143992236319416,2.367047879430377,2.1224733690360473,1.3224020845199602,1.9406456135852,0.3901448376119775
4.642255551623657,14.330492236319419,2.438457879430377,2.158173369036046,1.3938090845199604,1.9479756135851998,0.4231038376119775
4.642255551623657,14.63199223631942,2.438457879430377,2.2692733690360463,1.4459990845199604,1.9406456135852,0.3635938376119775
4.713665551623658,14.747092236319418,2.255957879430377,2.4597733690360464,1.4405090845199604,1.9058556135851998,0.4166948376119775
4.677955551623658,14.782792236319416,2.331337879430377,2.761273369036047,1.4762090845199602,1.8994456135851998,0.4231038376119775
4.677955551623658,15.008892236319419,2.2956378794303767,2.6858733690360452,1.4816990845199602,1.8994456135851998,0.3361288376119775
4.677955551623658,15.123892236319417,2.331337879430377,2.7215733690360473,1.3407120845199603,2.0029056135851997,0.3700028376119775
4.713665551623658,15.123892236319417,2.438457879430377,2.610473369036047,1.2583150845199604,2.0166356135852,0.3764118376119775
4.860455551623658,15.159692236319419,2.438457879430377,2.495473369036045,1.2812030845199605,2.0303656135851997,0.3361288376119775
4.824745551623658,15.159692236319419,2.438457879430377,2.3446733690360446,1.2931050845199603,2.0303656135851997,0.4166948376119775
4.824745551623658,15.123892236319417,2.513837879430377,2.308973369036046,1.4231090845199605,1.9754356135851998,0.34986183761197753
4.824745551623658,15.123892236319417,2.513837879430377,2.308973369036046,1.4231090845199605,1.9754356135851998,0.34986183761197753
4.789035551623658,14.933492236319417,2.5495378794303774,2.1978733690360457,1.4350090845199603,1.8783956135851998,0.4304278376119775
4.749365551623658,14.822392236319416,2.5495378794303774,2.047173369036045,1.4643090845199604,1.8509256135852,0.3764118376119775
4.789035551623658,14.822392236319416,2.5495378794303774,1.856673369036045,1.4643090845199604,1.8298656135851998,0.3233108376119775
4.824745551623658,14.63199223631942,2.478127879430377,1.7813733690360465,1.4047990845199605,1.8161356135851998,0.4304278376119775
4.789035551623658,14.445492236319417,2.6249178794303774,1.5551733690360479,1.3581090845199602,1.8646556135852,0.30957783761197755
4.824745551623658,14.179692236319418,2.5495378794303774,1.5551733690360479,1.2638080845199604,1.8857156135851998,0.3635938376119775
4.824745551623658,14.179692236319418,2.5495378794303774,1.5551733690360479,1.2638080845199604,1.8857156135851998,0.3635938376119775
4.789035551623658,13.99329223631942,2.5852478794303773,1.5551733690360479,1.2812030845199605,1.8857156135851998,0.5311358376119776
4.789035551623658,13.691792236319419,2.6249178794303774,1.670273369036046,1.3288100845199604,1.8994456135851998,0.3361288376119775
4.860455551623658,13.616392236319417,2.513837879430377,1.856673369036045,1.2995140845199602,1.9479756135851998,0.3562698376119775
4.677955551623658,13.616392236319417,2.6249178794303774,1.7813733690360465,1.4231090845199605,1.9754356135851998,0.3965528376119775
4.713665551623658,13.616392236319417,2.513837879430377,1.8209733690360466,1.4112090845199603,2.0029056135851997,0.3297198376119775
4.749365551623658,13.505292236319416,2.6249178794303774,1.7059733690360481,1.3169090845199602,1.9406456135852,0.4102858376119775
4.749365551623658,13.465592236319416,2.6606278794303773,1.6305733690360462,1.2931050845199603,1.8646556135852,0.3764118376119775
4.749365551623658,13.465592236319416,2.6606278794303773,1.6305733690360462,1.2931050845199603,1.8646556135852,0.3764118376119775
4.749365551623658,13.465592236319416,2.6606278794303773,1.6305733690360462,1.2931050845199603,1.8646556135852,0.3764118376119775
4.749365551623658,13.465592236319416,2.6606278794303773,1.6305733690360462,1.2931050845199603,1.8646556135852,0.3764118376119775
4.860455551623658,13.580692236319418,2.5495378794303774,1.8209733690360466,1.5109990845199603,1.8857156135851998,0.3828208376119775
4.749365551623658,13.806792236319417,2.6249178794303774,1.856673369036045,1.5055090845199603,1.8710656135852,0.3828208376119775
4.713665551623658,13.806792236319417,2.6606278794303773,1.8209733690360466,1.4643090845199604,1.8857156135851998,0.3031698376119775
4.713665551623658,13.957592236319417,2.5495378794303774,1.856673369036045,1.3874090845199603,1.8710656135852,0.4505698376119775
4.642255551623657,13.84249223631942,2.5495378794303774,1.7455733690360447,1.3754990845199604,1.8573356135852,0.3901448376119775
4.642255551623657,13.656092236319417,2.513837879430377,1.7455733690360447,1.3169090845199602,1.9269156135852,0.34345283761197754
4.713665551623658,13.580692236319418,2.6249178794303774,1.670273369036046,1.3343040845199603,1.9269156135852,0.4771198376119775
4.789035551623658,13.465592236319416,2.5852478794303773,1.7455733690360447,1.3938090845199604,1.9543856135851998,0.34345283761197754
4.789035551623658,13.279192236319417,2.5852478794303773,1.7059733690360481,1.3874090845199603,1.9406456135852,0.34986183761197753
4.713665551623658,13.20379223631942,2.5852478794303773,1.5551733690360479,1.4285990845199605,1.8646556135852,0.30957783761197755
4.749365551623658,13.088692236319417,2.6249178794303774,1.5551733690360479,1.3874090845199603,1.8710656135852,0.3965528376119775
4.789035551623658,13.088692236319417,2.6606278794303773,1.6305733690360462,1.4405090845199604,1.9131856135852,0.4102858376119775
4.713665551623658,13.16409223631942,2.5852478794303773,1.7813733690360465,1.4350090845199603,1.9406456135852,0.3159868376119775
4.749365551623658,13.354492236319416,2.5495378794303774,1.932073369036047,1.3874090845199603,1.9543856135851998,0.4029618376119775
4.713665551623658,13.656092236319417,2.5495378794303774,1.932073369036047,1.3938090845199604,1.9827656135851999,0.3901448376119775
4.713665551623658,13.656092236319417,2.6606278794303773,2.047173369036045,1.2931050845199603,2.0029056135851997,0.3828208376119775
4.749365551623658,13.656092236319417,2.6606278794303773,2.047173369036045,1.3343040845199603,1.9681156135851998,0.34345283761197754
4.789035551623658,13.806792236319417,2.5852478794303773,2.0074733690360453,1.3526190845199602,1.9195956135852,0.3828208376119775
4.713665551623658,14.032892236319416,2.6963278794303767,2.0074733690360453,1.3819090845199602,1.9058556135851998,0.3828208376119775
4.749365551623658,14.179692236319418,2.7717078794303767,2.2692733690360463,1.4047990845199605,1.8994456135851998,0.34986183761197753
4.789035551623658,14.330492236319419,2.7717078794303767,2.570773369036047,1.5174090845199601,1.9131856135852,0.4102858376119775
4.789035551623658,14.48119223631942,2.7717078794303767,2.610473369036047,1.5402990845199604,1.9342356135852,0.4029618376119775
4.789035551623658,14.330492236319419,2.7717078794303767,2.761273369036047,1.4643090845199604,2.0029056135851997,0.3635938376119775
4.749365551623658,14.179692236319418,2.7717078794303767,2.761273369036047,1.4643090845199604,2.0376956135852,0.3828208376119775
4.860455551623658,13.957592236319417,2.7717078794303767,2.7969733690360457,1.3526190845199602,2.0788956135851997,0.3700028376119775
4.896155551623657,13.84249223631942,2.7717078794303767,2.610473369036047,1.3343040845199603,2.0450156135852,0.2894368376119775
4.971535551623657,13.656092236319417,2.8074178794303766,2.495473369036045,1.3635990845199601,2.0651556135852,0.3700028376119775
4.935825551623657,13.505292236319416,2.8788278794303768,2.4597733690360464,1.4166990845199603,2.0724856135852,0.4166948376119775
4.896155551623657,12.977592236319417,2.8788278794303768,1.932073369036047,1.4816990845199602,1.9543856135851998,0.3700028376119775
4.935825551623657,12.676092236319416,2.843117879430377,1.6305733690360462,1.4990990845199605,1.8994456135851998,0.4505698376119775
4.935825551623657,12.676092236319416,2.843117879430377,1.6305733690360462,1.4990990845199605,1.8994456135851998,0.4505698376119775
4.789035551623658,12.489692236319417,2.843117879430377,1.5194733690360458,1.4524090845199602,1.8298656135851998,0.3031698376119775
4.971535551623657,12.263492236319419,2.8788278794303768,1.4044733690360474,1.3819090845199602,1.8436056135852,0.3700028376119775
4.935825551623657,12.188192236319416,2.954197879430377,1.3687733690360453,1.4047990845199605,1.9269156135852,0.4304278376119775
5.007245551623658,12.112792236319418,2.8788278794303768,1.4044733690360474,1.3526190845199602,1.9827656135851999,0.3562698376119775
4.971535551623657,12.188192236319416,2.989907879430377,1.5551733690360479,1.3754990845199604,1.9479756135851998,0.4166948376119775
4.971535551623657,12.374592236319419,2.989907879430377,1.479773369036046,1.3288100845199604,1.9195956135852,0.4368368376119775
4.971535551623657,12.489692236319417,2.914527879430377,1.4044733690360474,1.3114150845199604,1.8921256135851998,0.3031698376119775
4.971535551623657,12.489692236319417,2.914527879430377,1.4044733690360474,1.3114150845199604,1.8921256135851998,0.3031698376119775
4.860455551623658,12.676092236319416,2.954197879430377,1.479773369036046,1.3169090845199602,1.8994456135851998,0.4368368376119775
4.860455551623658,12.751492236319418,2.989907879430377,1.4440733690360474,1.3819090845199602,1.9058556135851998,0.34345283761197754
4.824745551623658,12.826892236319416,2.954197879430377,1.5194733690360458,1.4231090845199605,1.8921256135851998,0.3635938376119775
4.824745551623658,12.902292236319418,2.8074178794303766,1.670273369036046,1.4231090845199605,1.8994456135851998,0.4707108376119775
4.860455551623658,12.902292236319418,2.914527879430377,2.2335733690360478,1.4166990845199603,1.8994456135851998,0.3159868376119775
4.935825551623657,12.937992236319417,2.989907879430377,2.2692733690360463,1.4047990845199605,1.9342356135852,0.4029618376119775
5.007245551623658,12.977592236319417,3.025617879430377,2.495473369036045,1.3938090845199604,2.1420656135851996,0.3233108376119775
4.971535551623657,13.013392236319419,3.025617879430377,2.4597733690360464,1.4285990845199605,2.0999456135852,0.4304278376119775
4.971535551623657,13.013392236319419,3.025617879430377,2.4597733690360464,1.4285990845199605,2.0999456135852,0.4304278376119775
5.007245551623658,12.977592236319417,3.1009878794303773,2.384373369036048,1.4578990845199602,2.0514256135851996,0.3901448376119775
4.971535551623657,12.862592236319419,3.0613178794303773,2.1978733690360457,1.4762090845199602,1.9891756135852,0.34345283761197754
4.896155551623657,12.787192236319417,3.025617879430377,2.1224733690360473,1.4350090845199603,1.9543856135851998,0.4231038376119775
4.896155551623657,12.826892236319416,3.1366978794303773,1.896373369036045,1.4578990845199602,1.9754356135851998,0.34345283761197754
5.0826155516236575,12.787192236319417,3.1009878794303773,1.8209733690360466,1.3819090845199602,1.9891756135852,0.3764118376119775
5.189735551623658,12.711792236319418,3.1366978794303773,1.5948733690360477,1.3407120845199603,1.9406456135852,0.4231038376119775
5.154035551623657,12.600792236319418,3.1366978794303773,1.5551733690360479,1.3526190845199602,1.8921256135851998,0.2958448376119775
5.0826155516236575,12.565092236319419,3.172407879430377,1.4440733690360474,1.3407120845199603,1.8921256135851998,0.4166948376119775
5.0826155516236575,12.600792236319418,3.2081078794303766,1.5194733690360458,1.4524090845199602,1.8783956135851998,0.3635938376119775
5.118325551623657,12.565092236319419,3.1366978794303773,1.7455733690360447,1.4871990845199603,1.8436056135852,0.3159868376119775
5.0826155516236575,12.600792236319418,3.2081078794303766,1.8209733690360466,1.5467090845199603,1.8509256135852,0.3901448376119775
5.154035551623657,12.565092236319419,3.2477778794303767,2.0074733690360453,1.5055090845199603,1.9058556135851998,0.4102858376119775
5.154035551623657,12.600792236319418,3.3548978794303768,2.0828733690360473,1.4231090845199605,1.9543856135851998,0.3764118376119775
5.154035551623657,12.414292236319419,3.3906078794303767,2.158173369036046,1.3581090845199602,1.9964956135852,0.3901448376119775
5.265115551623658,12.223892236319418,3.3548978794303768,2.1978733690360457,1.3754990845199604,2.0102256135851997,0.4102858376119775
5.229405551623658,12.112792236319418,3.4302778794303768,2.158173369036046,1.3635990845199601,1.9681156135851998,0.3361288376119775
5.229405551623658,12.073092236319418,3.3548978794303768,2.1978733690360457,1.4047990845199605,1.9754356135851998,0.34986183761197753
5.229405551623658,12.112792236319418,3.319187879430377,2.6461733690360454,1.4578990845199602,2.0450156135852,0.3764118376119775
5.189735551623658,12.037392236319416,3.3548978794303768,2.7215733690360473,1.5283990845199602,2.0303656135851997,0.4029618376119775
5.154035551623657,12.073092236319418,3.3906078794303767,2.6461733690360454,1.5402990845199604,2.0450156135852,0.3562698376119775
5.154035551623657,11.88659223631942,3.4302778794303768,2.6461733690360454,1.4578990845199602,2.1136856135852,0.3828208376119775
5.154035551623657,11.620792236319417,3.465977879430377,2.761273369036047,1.3526190845199602,2.1484756135852,0.4102858376119775
5.336525551623658,11.585092236319419,3.537397879430377,2.384373369036048,1.3288100845199604,2.1210056135852,0.3901448376119775
5.411905551623658,11.470092236319417,3.465977879430377,2.2335733690360478,1.3581090845199602,2.1210056135852,0.3828208376119775
5.336525551623658,11.509792236319417,3.6127678794303772,2.0828733690360473,1.3874090845199603,2.0514256135851996,0.3700028376119775
5.229405551623658,11.660492236319417,3.6127678794303772,1.9717733690360468,1.4697990845199604,1.9543856135851998,0.3635938376119775
5.265115551623658,11.585092236319419,3.501687879430377,1.7455733690360447,1.5467090845199603,1.8646556135852,0.3965528376119775
5.229405551623658,11.509792236319417,3.501687879430377,1.5948733690360477,1.4643090845199604,1.8161356135851998,0.3297198376119775
5.229405551623658,11.509792236319417,3.501687879430377,1.5948733690360477,1.4643090845199604,1.8161356135851998,0.3297198376119775
5.229405551623658,11.509792236319417,3.501687879430377,1.5948733690360477,1.4643090845199604,1.8161356135851998,0.3297198376119775
5.336525551623658,11.545492236319419,3.6127678794303772,1.4440733690360474,1.3700090845199604,1.9891756135852,0.3764118376119775
5.300815551623658,11.434392236319418,3.723857879430377,1.7059733690360481,1.3754990845199604,2.0450156135852,0.34345283761197754
5.411905551623658,11.319292236319416,3.723857879430377,2.1224733690360473,1.4459990845199604,1.9406456135852,0.3562698376119775
5.411905551623658,11.319292236319416,3.723857879430377,2.1224733690360473,1.4459990845199604,1.9406456135852,0.3562698376119775
5.483315551623658,11.358992236319416,3.648477879430377,2.158173369036046,1.3938090845199604,1.9195956135852,0.4368368376119775
5.411905551623658,11.509792236319417,3.648477879430377,2.047173369036045,1.4643090845199604,1.9406456135852,0.3031698376119775
5.336525551623658,11.811292236319417,3.7595578794303766,2.047173369036045,1.4405090845199604,2.0303656135851997,0.3635938376119775
5.300815551623658,12.037392236319416,3.7595578794303766,1.856673369036045,1.4762090845199602,2.0376956135852,0.3901448376119775
5.411905551623658,12.112792236319418,3.723857879430377,1.932073369036047,1.4524090845199602,1.9617056135851998,0.4029618376119775
5.376195551623658,12.148492236319417,3.648477879430377,2.158173369036046,1.4350090845199603,1.8921256135851998,0.3828208376119775
5.300815551623658,12.148492236319417,3.723857879430377,2.4597733690360464,1.4112090845199603,1.9131856135852,0.3361288376119775
5.229405551623658,12.148492236319417,3.648477879430377,2.4597733690360464,1.4231090845199605,1.9617056135851998,0.4569778376119775
5.229405551623658,12.148492236319417,3.648477879430377,2.4597733690360464,1.4231090845199605,1.9617056135851998,0.4569778376119775
5.265115551623658,12.414292236319419,3.648477879430377,2.384373369036048,1.4112090845199603,2.0999456135852,0.3297198376119775
5.154035551623657,12.565092236319419,3.684187879430377,2.384373369036048,1.4231090845199605,2.1136856135852,0.4505698376119775
5.0826155516236575,12.449992236319417,3.648477879430377,2.2335733690360478,1.3874090845199603,2.0724856135852,0.3828208376119775
5.0826155516236575,12.414292236319419,3.6127678794303772,2.158173369036046,1.3581090845199602,1.9964956135852,0.34345283761197754
5.0826155516236575,12.188192236319416,3.577067879430377,2.0074733690360453,1.3700090845199604,1.9406456135852,0.4166948376119775
5.0826155516236575,12.112792236319418,3.537397879430377,1.932073369036047,1.3819090845199602,1.9543856135851998,0.34986183761197753
5.0826155516236575,11.84699223631942,3.577067879430377,1.7813733690360465,1.4047990845199605,1.9827656135851999,0.3562698376119775
5.189735551623658,11.620792236319417,3.501687879430377,1.7813733690360465,1.4231090845199605,1.9964956135852,0.4432448376119775
5.0826155516236575,11.394692236319418,3.537397879430377,1.7059733690360481,1.4578990845199602,1.9479756135851998,0.2958448376119775
5.118325551623657,11.132892236319417,3.501687879430377,1.6305733690360462,1.4231090845199605,1.9342356135852,0.3361288376119775
5.118325551623657,11.132892236319417,3.501687879430377,1.6305733690360462,1.4231090845199605,1.9342356135852,0.3361288376119775
5.042945551623657,11.057492236319419,3.6127678794303772,1.6305733690360462,1.4871990845199603,1.9406456135852,0.4432448376119775
4.935825551623657,10.946392236319419,3.465977879430377,1.7813733690360465,1.4762090845199602,1.9479756135851998,0.3635938376119775
4.896155551623657,10.870992236319417,3.3906078794303767,1.856673369036045,1.4524090845199602,1.9617056135851998,0.3764118376119775
4.935825551623657,10.720292236319416,3.4302778794303768,1.932073369036047,1.4762090845199602,1.9891756135852,0.4166948376119775
4.935825551623657,10.41869223631942,3.3548978794303768,1.856673369036045,1.4112090845199603,2.0514256135851996,0.3297198376119775
4.896155551623657,10.37909223631942,3.4302778794303768,1.856673369036045,1.3343040845199603,2.0788956135851997,0.4231038376119775
4.896155551623657,10.343392236319417,3.501687879430377,1.7455733690360447,1.3343040845199603,2.0862156135851997,0.3297198376119775
4.860455551623658,10.644892236319418,3.577067879430377,1.5551733690360479,1.3993090845199605,1.9964956135852,0.4771198376119775
4.860455551623658,10.831292236319417,3.577067879430377,1.7455733690360447,1.4405090845199604,1.9342356135852,0.3965528376119775
4.789035551623658,11.021792236319417,3.537397879430377,1.856673369036045,1.4459990845199604,1.8994456135851998,0.3233108376119775
4.824745551623658,11.097192236319419,3.577067879430377,2.2692733690360463,1.5109990845199603,1.9058556135851998,0.4569778376119775
4.860455551623658,11.16859223631942,3.501687879430377,2.384373369036048,1.5695990845199606,1.9543856135851998,0.4029618376119775
4.642255551623657,11.319292236319416,3.648477879430377,2.6858733690360452,1.4871990845199603,2.0651556135852,0.28302783761197753
4.713665551623658,11.394692236319418,3.6127678794303772,2.6858733690360452,1.4350090845199603,2.1759356135852,0.4633868376119775
4.789035551623658,11.509792236319417,3.537397879430377,2.761273369036047,1.3993090845199605,2.2592556135851996,0.4231038376119775
4.860455551623658,11.283592236319418,3.577067879430377,2.7215733690360473,1.3754990845199604,2.2043156135852,0.27570383761197753
4.789035551623658,11.132892236319417,3.501687879430377,2.7969733690360457,1.3462090845199604,2.1347356135851996,0.4166948376119775
4.749365551623658,11.057492236319419,3.577067879430377,2.610473369036047,1.5109990845199603,2.0788956135851997,0.3965528376119775
4.713665551623658,11.057492236319419,3.501687879430377,2.570773369036047,1.5174090845199601,2.0999456135852,0.3901448376119775
4.749365551623658,11.057492236319419,3.501687879430377,2.3446733690360446,1.5402990845199604,2.0514256135851996,0.3361288376119775
4.789035551623658,11.097192236319419,3.501687879430377,2.2335733690360478,1.5174090845199601,2.0303656135851997,0.3562698376119775
4.749365551623658,11.057492236319419,3.537397879430377,1.9717733690360468,1.4643090845199604,2.0303656135851997,0.4569778376119775
4.713665551623658,11.16859223631942,3.577067879430377,2.0074733690360453,1.3224020845199602,1.9891756135852,0.4029618376119775
4.713665551623658,11.16859223631942,3.501687879430377,2.0074733690360453,1.3462090845199604,1.9827656135851999,0.4633868376119775
4.749365551623658,11.208192236319416,3.501687879430377,1.932073369036047,1.4112090845199603,1.9964956135852,0.28302783761197753
4.789035551623658,11.283592236319418,3.537397879430377,2.047173369036045,1.4762090845199602,2.0102256135851997,0.34345283761197754
4.642255551623657,11.358992236319416,3.537397879430377,2.047173369036045,1.5109990845199603,2.0303656135851997,0.4166948376119775
4.749365551623658,11.470092236319417,3.501687879430377,1.856673369036045,1.5283990845199602,2.0587556135851997,0.3297198376119775
4.642255551623657,11.470092236319417,3.4302778794303768,1.932073369036047,1.4405090845199604,2.0166356135852,0.3562698376119775
4.602575551623658,11.434392236319418,3.465977879430377,1.7455733690360447,1.3938090845199604,1.9342356135852,0.3828208376119775
4.566875551623657,11.283592236319418,3.537397879430377,1.856673369036045,1.3462090845199604,1.9342356135852,0.3297198376119775
4.566875551623657,11.208192236319416,3.501687879430377,2.1224733690360473,1.3700090845199604,1.9617056135851998,0.3828208376119775
4.642255551623657,11.208192236319416,3.4302778794303768,2.2335733690360478,1.4816990845199602,1.9964956135852,0.3700028376119775
4.602575551623658,11.057492236319419,3.465977879430377,2.570773369036047,1.5695990845199606,2.0376956135852,0.34345283761197754
4.602575551623658,10.946392236319419,3.501687879430377,2.570773369036047,1.5998090845199604,2.1420656135851996,0.3828208376119775
4.495465551623657,10.831292236319417,3.577067879430377,2.6461733690360454,1.5521990845199602,2.1969956135852,0.3031698376119775
4.4557855516236575,10.755992236319418,3.6127678794303772,2.535073369036045,1.4524090845199602,2.1759356135852,0.3635938376119775
4.495465551623657,10.454492236319417,3.501687879430377,2.535073369036045,1.3635990845199601,2.1420656135851996,0.3965528376119775
4.602575551623658,10.267992236319419,3.4302778794303768,2.308973369036046,1.3526190845199602,2.0788956135851997,0.3562698376119775
4.495465551623657,10.077592236319418,3.3906078794303767,2.1224733690360473,1.4231090845199605,2.0376956135852,0.3562698376119775
4.420085551623657,9.926792236319418,3.537397879430377,1.8209733690360466,1.4459990845199604,2.0239656135851996,0.3700028376119775
4.420085551623657,9.775992236319418,3.577067879430377,1.5948733690360477,1.4762090845199602,2.0166356135852,0.3562698376119775
4.566875551623657,9.775992236319418,3.501687879430377,1.3290733690360454,1.4524090845199602,1.9964956135852,0.3828208376119775
4.713665551623658,9.815692236319418,3.648477879430377,1.217973369036045,1.4459990845199604,1.9269156135852,0.3764118376119775
4.677955551623658,9.815692236319418,3.7595578794303766,1.253673369036047,1.3874090845199603,1.9058556135851998,0.3764118376119775
4.602575551623658,9.851392236319416,3.8666778794303767,1.293373369036047,1.3526190845199602,1.9195956135852,0.3700028376119775
4.677955551623658,9.891092236319416,3.8309678794303768,1.4044733690360474,1.3635990845199601,1.9479756135851998,0.3297198376119775
4.677955551623658,9.891092236319416,3.8309678794303768,1.4044733690360474,1.3635990845199601,1.9479756135851998,0.3297198376119775
4.749365551623658,10.002192236319416,3.7595578794303766,1.6305733690360462,1.4112090845199603,1.9406456135852,0.4102858376119775
4.749365551623658,10.002192236319416,3.7595578794303766,1.6305733690360462,1.4112090845199603,1.9406456135852,0.4102858376119775
4.677955551623658,10.041892236319416,3.7595578794303766,2.047173369036045,1.4285990845199605,2.0029056135851997,0.3764118376119775
4.677955551623658,10.117192236319418,3.8309678794303768,1.932073369036047,1.4643090845199604,2.0724856135852,0.4505698376119775
4.789035551623658,10.228292236319419,3.8666778794303767,2.047173369036045,1.4166990845199603,2.1484756135852,0.3159868376119775
4.749365551623658,10.192592236319417,3.9063478794303768,2.047173369036045,1.3819090845199602,2.1347356135851996,0.3635938376119775
4.677955551623658,10.192592236319417,3.977757879430377,2.0828733690360473,1.4112090845199603,2.1136856135852,0.4166948376119775
4.749365551623658,10.228292236319419,4.053137879430377,2.1978733690360457,1.4524090845199602,2.0029056135851997,0.26288583761197754
4.749365551623658,10.228292236319419,4.053137879430377,2.1978733690360457,1.4524090845199602,2.0029056135851997,0.26288583761197754
4.789035551623658,10.56949223631942,3.977757879430377,2.6461733690360454,1.5695990845199606,1.9964956135852,0.4102858376119775
4.789035551623658,10.56949223631942,3.977757879430377,2.6461733690360454,1.5695990845199606,1.9964956135852,0.4102858376119775
4.677955551623658,10.720292236319416,4.013467879430377,2.9119733690360476,1.5933990845199602,2.0239656135851996,0.28302783761197753
4.713665551623658,11.097192236319419,3.977757879430377,2.987373369036046,1.5640990845199605,2.1072756135851995,0.3828208376119775
4.789035551623658,11.097192236319419,4.124547879430377,3.023073369036048,1.3938090845199604,2.2867156135851996,0.30957783761197755
4.824745551623658,10.946392236319419,4.160257879430377,2.947673369036046,1.3635990845199601,2.2043156135852,0.3965528376119775
4.824745551623658,10.946392236319419,4.124547879430377,2.7969733690360457,1.4231090845199605,2.1557956135852,0.3562698376119775
4.896155551623657,11.057492236319419,4.195957879430377,2.6858733690360452,1.4285990845199605,2.0862156135851997,0.3764118376119775
4.713665551623658,11.097192236319419,4.235637879430377,2.384373369036048,1.5174090845199601,2.0239656135851996,0.3764118376119775
4.789035551623658,11.057492236319419,4.160257879430377,2.2692733690360463,1.4990990845199605,2.0166356135852,0.3764118376119775
4.789035551623658,11.021792236319417,4.160257879430377,2.1224733690360473,1.5109990845199603,1.9964956135852,0.3635938376119775
4.789035551623658,10.831292236319417,4.124547879430377,1.932073369036047,1.4350090845199603,1.9964956135852,0.3828208376119775
4.713665551623658,10.605192236319418,4.160257879430377,1.932073369036047,1.4350090845199603,2.0303656135851997,0.3828208376119775
4.713665551623658,10.37909223631942,4.271337879430377,2.0828733690360473,1.3938090845199604,2.0788956135851997,0.3562698376119775
4.789035551623658,10.343392236319417,4.235637879430377,2.1978733690360457,1.4112090845199603,2.0724856135852,0.3562698376119775
4.749365551623658,10.117192236319418,4.195957879430377,2.384373369036048,1.4936090845199606,2.0862156135851997,0.3764118376119775
4.749365551623658,9.966492236319418,4.160257879430377,2.4597733690360464,1.5402990845199604,2.0450156135852,0.3159868376119775
4.713665551623658,9.966492236319418,4.124547879430377,2.4597733690360464,1.5228990845199601,2.0587556135851997,0.4771198376119775
4.602575551623658,9.815692236319418,4.124547879430377,2.1978733690360457,1.4816990845199602,2.0788956135851997,0.3562698376119775
4.566875551623657,9.70069223631942,4.124547879430377,2.047173369036045,1.3993090845199605,2.0999456135852,0.3297198376119775
4.495465551623657,9.514192236319417,4.124547879430377,1.856673369036045,1.4047990845199605,2.1210056135852,0.4166948376119775
4.495465551623657,9.553892236319417,4.053137879430377,1.7813733690360465,1.3993090845199605,2.0724856135852,0.28302783761197753
4.5311655516236575,9.478492236319418,4.088847879430377,1.7813733690360465,1.3874090845199603,2.0239656135851996,0.3233108376119775
4.566875551623657,9.478492236319418,4.053137879430377,1.9717733690360468,1.4990990845199605,1.9891756135852,0.4368368376119775
4.420085551623657,9.589592236319419,4.053137879430377,2.2692733690360463,1.5283990845199602,1.9964956135852,0.27570383761197753
4.348675551623658,9.74029223631942,4.088847879430377,2.535073369036045,1.5467090845199603,2.0724856135852,0.4102858376119775
4.384375551623657,9.74029223631942,4.013467879430377,2.495473369036045,1.5695990845199606,2.1695256135851997,0.3764118376119775
4.384375551623657,9.775992236319418,4.013467879430377,2.535073369036045,1.4816990845199602,2.2455156135851997,0.2958448376119775
4.348675551623658,9.851392236319416,4.013467879430377,2.570773369036047,1.3700090845199604,2.2381956135851997,0.4707108376119775
4.348675551623658,9.851392236319416,4.053137879430377,2.535073369036045,1.3288100845199604,2.1905856135851995,0.3297198376119775
4.348675551623658,9.851392236319416,4.053137879430377,2.535073369036045,1.3288100845199604,2.1905856135851995,0.3297198376119775
4.384375551623657,9.926792236319418,4.053137879430377,2.535073369036045,1.3224020845199602,2.1136856135852,0.3562698376119775
4.4557855516236575,9.815692236319418,4.053137879430377,2.384373369036048,1.4350090845199603,2.1072756135851995,0.4029618376119775
4.495465551623657,9.70069223631942,4.088847879430377,2.1978733690360457,1.5814990845199604,2.0788956135851997,0.3361288376119775
4.749365551623658,9.664992236319417,4.124547879430377,2.1224733690360473,1.5759990845199603,2.0651556135852,0.30957783761197755
4.602575551623658,9.438792236319419,4.271337879430377,2.0074733690360453,1.5586090845199605,2.0166356135852,0.3901448376119775
4.5311655516236575,9.514192236319417,4.235637879430377,1.932073369036047,1.5348090845199605,1.9681156135851998,0.3828208376119775
4.602575551623658,9.629292236319419,4.271337879430377,1.932073369036047,1.4990990845199605,1.9891756135852,0.3159868376119775
4.602575551623658,9.815692236319418,4.271337879430377,2.0828733690360473,1.4350090845199603,2.1072756135851995,0.3828208376119775
4.566875551623657,9.775992236319418,4.342747879430377,2.0828733690360473,1.4112090845199603,2.1347356135851996,0.3700028376119775
4.749365551623658,9.815692236319418,4.235637879430377,2.1978733690360457,1.3993090845199605,2.0935456135851997,0.3361288376119775
4.860455551623658,9.926792236319418,4.271337879430377,2.308973369036046,1.4285990845199605,2.0935456135851997,0.3965528376119775
4.749365551623658,9.851392236319416,4.453837879430377,2.4200733690360465,1.4643090845199604,2.1347356135851996,0.34986183761197753
4.789035551623658,10.002192236319416,4.564917879430377,2.3446733690360446,1.4816990845199602,2.1072756135851995,0.34986183761197753
4.824745551623658,9.926792236319418,4.636327879430377,2.2335733690360478,1.5174090845199601,2.0788956135851997,0.3700028376119775
4.749365551623658,10.117192236319418,4.564917879430377,2.158173369036046,1.5109990845199603,2.0587556135851997,0.3700028376119775
4.713665551623658,10.077592236319418,4.711707879430377,2.1224733690360473,1.5228990845199601,2.0102256135851997,0.4231038376119775
4.713665551623658,10.077592236319418,4.711707879430377,2.1224733690360473,1.5228990845199601,2.0102256135851997,0.4231038376119775
4.824745551623658,10.117192236319418,4.600627879430377,2.1224733690360473,1.4871990845199603,1.9617056135851998,0.3297198376119775
4.749365551623658,10.002192236319416,4.453837879430377,2.1978733690360457,1.4762090845199602,1.9543856135851998,0.3828208376119775
4.896155551623657,9.966492236319418,4.489537879430377,2.4200733690360465,1.4578990845199602,1.9681156135851998,0.3828208376119775
4.749365551623658,9.966492236319418,4.529217879430377,2.7215733690360473,1.4871990845199603,2.0514256135851996,0.3562698376119775
4.713665551623658,9.775992236319418,4.564917879430377,3.062773369036048,1.5109990845199603,2.1695256135851997,0.3562698376119775
4.789035551623658,9.74029223631942,4.564917879430377,3.173873369036045,1.4936090845199606,2.2665756135851995,0.3764118376119775
4.749365551623658,9.514192236319417,4.636327879430377,3.1381733690360463,1.5228990845199601,2.2940456135851996,0.34986183761197753
4.677955551623658,9.403092236319416,4.636327879430377,3.213473369036045,1.4816990845199602,2.2803056135852,0.4304278376119775
4.566875551623657,9.438792236319419,4.600627879430377,3.062773369036048,1.5402990845199604,2.2381956135851997,0.3361288376119775
4.5311655516236575,9.327692236319418,4.489537879430377,2.9119733690360476,1.5109990845199603,2.1905856135851995,0.3764118376119775
4.495465551623657,9.252392236319416,4.382427879430377,2.6461733690360454,1.4936090845199606,2.1622056135851997,0.3828208376119775
4.4557855516236575,8.986592236319417,4.307047879430377,2.3446733690360446,1.4816990845199602,2.1557956135852,0.3361288376119775
4.420085551623657,8.800092236319419,4.307047879430377,2.0828733690360473,1.4231090845199605,2.1557956135852,0.34986183761197753
4.384375551623657,8.684992236319417,4.271337879430377,1.896373369036045,1.4047990845199605,2.1347356135851996,0.3764118376119775
4.348675551623658,8.609692236319418,4.195957879430377,1.670273369036046,1.3874090845199603,2.0788956135851997,0.3764118376119775
4.237585551623658,8.609692236319418,4.271337879430377,1.6305733690360462,1.4112090845199603,2.0514256135851996,0.4231038376119775
4.201885551623658,8.684992236319417,4.271337879430377,1.7813733690360465,1.4285990845199605,2.0376956135852,0.3562698376119775
4.201885551623658,8.800092236319419,4.160257879430377,1.856673369036045,1.4936090845199606,2.0303656135851997,0.4029618376119775
4.0550955516236575,8.875492236319417,4.124547879430377,1.932073369036047,1.5348090845199605,2.0651556135852,0.3635938376119775
4.015415551623658,8.760392236319419,4.053137879430377,2.158173369036046,1.4936090845199606,2.1210056135852,0.3562698376119775
4.015415551623658,8.760392236319419,4.013467879430377,2.2692733690360463,1.4762090845199602,2.1347356135851996,0.4029618376119775
4.126505551623658,8.875492236319417,3.9063478794303768,2.2692733690360463,1.3754990845199604,2.1832656135851995,0.3562698376119775
4.015415551623658,8.986592236319417,4.088847879430377,2.308973369036046,1.3700090845199604,2.2455156135851997,0.3562698376119775
3.9797155516236575,9.252392236319416,4.088847879430377,2.158173369036046,1.3938090845199604,2.2180556135851996,0.4166948376119775
3.9797155516236575,9.252392236319416,4.088847879430377,2.158173369036046,1.3938090845199604,2.2180556135851996,0.4166948376119775
3.9797155516236575,9.252392236319416,4.088847879430377,2.158173369036046,1.3938090845199604,2.2180556135851996,0.4166948376119775
3.908305551623658,9.137292236319418,3.8309678794303768,1.9717733690360468,1.5467090845199603,2.0651556135852,0.3764118376119775
3.9440055516236576,9.176992236319418,3.8309678794303768,2.0074733690360453,1.5521990845199602,2.0166356135852,0.34345283761197754
3.832925551623658,9.288092236319418,3.8309678794303768,2.1978733690360457,1.4990990845199605,2.0376956135852,0.3700028376119775
3.8686255516236576,9.514192236319417,3.9420578794303767,2.3446733690360446,1.4578990845199602,2.0587556135851997,0.3635938376119775
3.908305551623658,9.775992236319418,3.977757879430377,2.610473369036047,1.4350090845199603,2.1274156135851996,0.3828208376119775
3.9797155516236575,9.926792236319418,3.9420578794303767,2.7969733690360457,1.4047990845199605,2.2455156135851997,0.3764118376119775
3.9797155516236575,10.041892236319416,4.053137879430377,2.761273369036047,1.4231090845199605,2.3636256135852,0.3562698376119775
3.9797155516236575,10.041892236319416,4.053137879430377,2.761273369036047,1.4231090845199605,2.3636256135852,0.3562698376119775
4.126505551623658,9.851392236319416,3.9420578794303767,2.7969733690360457,1.4112090845199603,2.3700356135851997,0.3828208376119775
4.0550955516236575,9.74029223631942,4.013467879430377,2.9119733690360476,1.4047990845199605,2.2528456135851997,0.3361288376119775
4.0550955516236575,9.775992236319418,3.977757879430377,2.6858733690360452,1.4459990845199604,2.1210056135852,0.34345283761197754
3.9440055516236576,9.815692236319418,3.977757879430377,2.495473369036045,1.4643090845199604,2.1136856135852,0.4231038376119775
3.9440055516236576,9.851392236319416,4.053137879430377,2.3446733690360446,1.5109990845199603,2.1347356135851996,0.2958448376119775
4.015415551623658,9.851392236319416,4.053137879430377,2.047173369036045,1.5055090845199603,2.1832656135851995,0.4102858376119775
4.090795551623658,9.664992236319417,4.088847879430377,1.932073369036047,1.4643090845199604,2.1759356135852,0.34345283761197754
4.0550955516236575,9.438792236319419,4.124547879430377,1.856673369036045,1.3938090845199604,2.0935456135851997,0.3297198376119775
4.201885551623658,9.327692236319418,4.124547879430377,1.932073369036047,1.3700090845199604,2.0587556135851997,0.3700028376119775
4.237585551623658,9.212692236319416,4.271337879430377,2.047173369036045,1.4231090845199605,2.0450156135852,0.4102858376119775
4.126505551623658,9.252392236319416,4.235637879430377,2.158173369036046,1.4459990845199604,2.0935456135851997,0.3031698376119775
4.162205551623658,9.252392236319416,4.271337879430377,2.2335733690360478,1.4936090845199606,2.0999456135852,0.3764118376119775
4.162205551623658,9.137292236319418,4.195957879430377,2.308973369036046,1.5521990845199602,2.1484756135852,0.3233108376119775
4.237585551623658,8.835792236319417,4.124547879430377,2.495473369036045,1.4871990845199603,2.1969956135852,0.4102858376119775
4.237585551623658,8.835792236319417,4.124547879430377,2.495473369036045,1.4871990845199603,2.1969956135852,0.4102858376119775
4.162205551623658,8.684992236319417,4.307047879430377,2.495473369036045,1.4871990845199603,2.2244656135852,0.3361288376119775
4.126505551623658,8.573992236319416,4.382427879430377,2.535073369036045,1.4350090845199603,2.2244656135852,0.3828208376119775
4.0550955516236575,8.534292236319416,4.418127879430377,2.4597733690360464,1.4871990845199603,2.1905856135851995,0.34986183761197753
4.201885551623658,8.534292236319416,4.195957879430377,2.2692733690360463,1.4936090845199606,2.1695256135851997,0.3635938376119775
4.015415551623658,8.308192236319417,4.124547879430377,2.0828733690360473,1.5283990845199602,2.1622056135851997,0.3700028376119775
3.908305551623658,8.197092236319417,4.160257879430377,1.896373369036045,1.4936090845199606,2.1136856135852,0.3562698376119775
3.9440055516236576,8.27239223631942,4.160257879430377,2.047173369036045,1.4697990845199604,2.0724856135852,0.3297198376119775
3.832925551623658,8.573992236319416,4.235637879430377,2.570773369036047,1.4643090845199604,2.1832656135851995,0.34986183761197753
3.797215551623658,8.458892236319418,4.088847879430377,2.8365733690360457,1.5109990845199603,2.1832656135851995,0.3233108376119775
3.832925551623658,8.649292236319418,3.977757879430377,3.0984733690360464,1.5174090845199601,2.2528456135851997,0.3562698376119775
3.7615155516236576,8.760392236319419,3.977757879430377,3.023073369036048,1.3993090845199605,2.4048256135851998,0.34986183761197753
3.6504255516236577,8.911192236319419,3.9420578794303767,2.987373369036046,1.4231090845199605,2.3288356135851997,0.3562698376119775
3.6504255516236577,9.026192236319417,3.9063478794303768,2.8723733690360476,1.4643090845199604,2.2455156135851997,0.34986183761197753
3.6861355516236576,8.986592236319417,3.8309678794303768,2.570773369036047,1.5814990845199604,2.1274156135851996,0.34986183761197753
3.614725551623658,8.875492236319417,3.9063478794303768,2.3446733690360446,1.5695990845199606,2.1905856135851995,0.3901448376119775
3.7218455516236575,8.835792236319417,3.8666778794303767,2.0828733690360473,1.5228990845199601,2.1557956135852,0.3562698376119775
3.7615155516236576,9.026192236319417,3.8666778794303767,2.1224733690360473,1.4578990845199602,2.1347356135851996,0.3700028376119775
3.6861355516236576,9.176992236319418,4.013467879430377,2.2335733690360478,1.3874090845199603,2.1695256135851997,0.3233108376119775
3.8686255516236576,9.212692236319416,3.977757879430377,2.495473369036045,1.4762090845199602,2.1832656135851995,0.3159868376119775
3.9797155516236575,9.176992236319418,4.088847879430377,2.570773369036047,1.5283990845199602,2.2107256135851996,0.3901448376119775
3.9797155516236575,9.10159223631942,4.235637879430377,2.570773369036047,1.5759990845199603,2.1905856135851995,0.3361288376119775
4.126505551623658,9.212692236319416,4.271337879430377,2.495473369036045,1.4990990845199605,2.1484756135852,0.4102858376119775
4.090795551623658,9.363492236319416,4.418127879430377,2.4200733690360465,1.4697990845199604,2.0999456135852,0.34345283761197754
4.015415551623658,9.288092236319418,4.418127879430377,2.3446733690360446,1.4405090845199604,2.1274156135851996,0.34986183761197753
4.126505551623658,9.137292236319418,4.418127879430377,2.1224733690360473,1.4578990845199602,2.1905856135851995,0.3901448376119775
4.162205551623658,8.950892236319419,4.307047879430377,2.047173369036045,1.4285990845199605,2.1695256135851997,0.3297198376119775
4.015415551623658,8.800092236319419,4.382427879430377,2.047173369036045,1.4285990845199605,2.1274156135851996,0.3562698376119775
4.015415551623658,8.800092236319419,4.382427879430377,2.047173369036045,1.4285990845199605,2.1274156135851996,0.3562698376119775
3.908305551623658,8.724692236319417,4.489537879430377,2.158173369036046,1.4524090845199602,2.0999456135852,0.4029618376119775
4.015415551623658,8.534292236319416,4.382427879430377,2.384373369036048,1.5055090845199603,2.0724856135852,0.3233108376119775
3.9797155516236575,8.458892236319418,4.307047879430377,2.4597733690360464,1.5640990845199605,2.0303656135851997,0.34345283761197754
3.908305551623658,8.383492236319416,4.453837879430377,2.987373369036046,1.5586090845199605,2.1622056135851997,0.3764118376119775
3.8686255516236576,8.121692236319419,4.382427879430377,3.1381733690360463,1.5521990845199602,2.3013656135851996,0.2958448376119775
3.797215551623658,8.121692236319419,4.195957879430377,3.1381733690360463,1.5228990845199601,2.3773556135851996,0.3635938376119775
3.614725551623658,7.859892236319418,4.160257879430377,3.062773369036048,1.5174090845199601,2.4185556135851995,0.3562698376119775
3.5036355516236575,7.7447922363194195,3.977757879430377,2.947673369036046,1.4643090845199604,2.3562956135852,0.3901448376119775
3.3925555516236576,7.7447922363194195,3.8666778794303767,2.7969733690360457,1.4816990845199602,2.2592556135851996,0.3635938376119775
3.3171755516236576,7.633692236319419,3.8666778794303767,2.6461733690360454,1.4578990845199602,2.2381956135851997,0.34986183761197753
3.3171755516236576,7.784492236319419,3.9063478794303768,2.384373369036048,1.5174090845199601,2.2381956135851997,0.3361288376119775
3.3568455516236577,7.7447922363194195,3.7952678794303774,2.0074733690360453,1.5521990845199602,2.2043156135852,0.34986183761197753
3.3568455516236577,7.558292236319417,3.7952678794303774,1.856673369036045,1.5174090845199601,2.2180556135851996,0.30957783761197755
3.170385551623658,7.669392236319418,3.8309678794303768,1.5948733690360477,1.4762090845199602,2.1420656135851996,0.3764118376119775
2.987895551623658,7.633692236319419,3.7595578794303766,1.5948733690360477,1.4697990845199604,2.0303656135851997,0.34986183761197753
2.987895551623658,7.633692236319419,3.7595578794303766,1.5948733690360477,1.4697990845199604,2.0303656135851997,0.34986183761197753
3.0235955516236577,7.709092236319417,3.6127678794303772,1.7455733690360447,1.5055090845199603,1.9754356135851998,0.3233108376119775
3.170385551623658,7.709092236319417,3.577067879430377,1.856673369036045,1.4990990845199605,2.0166356135852,0.3901448376119775
3.170385551623658,7.709092236319417,3.537397879430377,2.0074733690360453,1.5174090845199601,2.1420656135851996,0.3764118376119775
3.170385551623658,7.859892236319418,3.577067879430377,2.0828733690360473,1.5228990845199601,2.2528456135851997,0.3297198376119775
3.245765551623658,7.7447922363194195,3.577067879430377,2.2335733690360478,1.4871990845199603,2.2940456135851996,0.3635938376119775
3.281475551623658,7.895592236319416,3.684187879430377,2.4597733690360464,1.4871990845199603,2.2528456135851997,0.3764118376119775
3.3568455516236577,8.046292236319417,3.723857879430377,2.495473369036045,1.4643090845199604,2.1695256135851997,0.3031698376119775
3.3568455516236577,8.232792236319419,3.8309678794303768,2.7215733690360473,1.4990990845199605,2.1832656135851995,0.3965528376119775
3.539345551623658,8.308192236319417,3.723857879430377,2.535073369036045,1.5640990845199605,2.2107256135851996,0.3700028376119775
3.6504255516236577,8.458892236319418,3.977757879430377,2.4597733690360464,1.5109990845199603,2.2592556135851996,0.3764118376119775
3.614725551623658,8.573992236319416,4.013467879430377,2.2335733690360478,1.4762090845199602,2.2244656135852,0.3031698376119775
3.6861355516236576,8.724692236319417,3.977757879430377,2.0828733690360473,1.4578990845199602,2.0999456135852,0.4029618376119775
3.908305551623658,8.950892236319419,4.053137879430377,2.047173369036045,1.4643090845199604,1.9617056135851998,0.3233108376119775
3.832925551623658,9.176992236319418,4.124547879430377,2.047173369036045,1.5402990845199604,2.0724856135852,0.3828208376119775
3.832925551623658,9.252392236319416,4.124547879430377,2.158173369036046,1.6052990845199604,2.1484756135852,0.3233108376119775
3.8686255516236576,9.026192236319417,4.053137879430377,2.4200733690360465,1.6290990845199604,2.1484756135852,0.3297198376119775
3.7218455516236575,8.724692236319417,4.195957879430377,3.0984733690360464,1.5055090845199603,2.0724856135852,0.34345283761197754
3.6861355516236576,8.800092236319419,4.053137879430377,3.249173369036047,1.4871990845199603,2.1622056135851997,0.3828208376119775
3.6504255516236577,8.950892236319419,4.053137879430377,3.249173369036047,1.5055090845199603,2.3773556135851996,0.3901448376119775
3.5036355516236575,8.800092236319419,3.9420578794303767,3.213473369036045,1.4936090845199606,2.5293356135851996,0.3965528376119775
3.3171755516236576,8.684992236319417,3.9063478794303768,3.062773369036048,1.4871990845199603,2.3288356135851997,0.3233108376119775
3.245765551623658,8.573992236319416,3.7952678794303774,2.761273369036047,1.5174090845199601,2.0999456135852,0.4102858376119775
3.281475551623658,8.684992236319417,3.7952678794303774,2.570773369036047,1.5521990845199602,2.1695256135851997,0.3159868376119775
3.170385551623658,8.609692236319418,3.7952678794303774,2.308973369036046,1.5348090845199605,2.2867156135851996,0.34986183761197753
2.9164855516236576,8.573992236319416,3.7952678794303774,2.0074733690360453,1.5467090845199603,2.3077756135852,0.3901448376119775
2.987895551623658,8.458892236319418,3.723857879430377,2.0074733690360453,1.5283990845199602,2.2381956135851997,0.3361288376119775
3.063275551623658,8.197092236319417,3.537397879430377,2.1224733690360473,1.4762090845199602,2.1347356135851996,0.3764118376119775
3.0235955516236577,7.895592236319416,3.648477879430377,2.2335733690360478,1.4459990845199604,2.0724856135852,0.3562698376119775
2.8411055516236576,7.593992236319419,3.684187879430377,2.3446733690360446,1.4697990845199604,2.1210056135852,0.34986183761197753
2.9164855516236576,7.407592236319417,3.577067879430377,2.4200733690360465,1.5283990845199602,2.2528456135851997,0.3828208376119775
3.0989755516236577,7.367892236319417,3.723857879430377,2.495473369036045,1.5521990845199602,2.3562956135852,0.3361288376119775
3.1346855516236576,7.367892236319417,3.723857879430377,2.7215733690360473,1.5467090845199603,2.3562956135852,0.3764118376119775
3.1346855516236576,7.217192236319416,3.723857879430377,2.7969733690360457,1.5109990845199603,2.2940456135851996,0.3700028376119775
3.2100655516236576,7.181392236319418,3.7952678794303774,2.7215733690360473,1.4871990845199603,2.2381956135851997,0.3361288376119775
3.2100655516236576,7.256792236319416,3.977757879430377,2.761273369036047,1.4990990845199605,2.2244656135852,0.3562698376119775
3.281475551623658,7.332192236319418,4.053137879430377,2.535073369036045,1.5174090845199601,2.2729856135852,0.34345283761197754
3.3925555516236576,7.482992236319419,4.088847879430377,2.4200733690360465,1.5759990845199603,2.3150956135852,0.3233108376119775
3.463965551623658,7.669392236319418,4.088847879430377,2.2335733690360478,1.5586090845199605,2.2381956135851997,0.3965528376119775
3.3568455516236577,7.859892236319418,4.160257879430377,2.1224733690360473,1.5283990845199602,2.1274156135851996,0.3635938376119775
3.3925555516236576,7.970892236319418,4.195957879430377,1.896373369036045,1.4936090845199606,2.0788956135851997,0.3562698376119775
3.3925555516236576,7.935192236319416,4.160257879430377,1.932073369036047,1.4405090845199604,2.1072756135851995,0.4102858376119775
3.539345551623658,7.895592236319416,4.124547879430377,1.896373369036045,1.4816990845199602,2.1274156135851996,0.34986183761197753
3.614725551623658,7.895592236319416,4.195957879430377,1.932073369036047,1.5348090845199605,2.1347356135851996,0.3901448376119775
3.5750555516236577,7.859892236319418,4.124547879430377,2.0828733690360473,1.5759990845199603,2.1622056135851997,0.4029618376119775
3.5750555516236577,7.935192236319416,4.053137879430377,2.384373369036048,1.5759990845199603,2.1347356135851996,0.34345283761197754
3.4282655516236575,7.859892236319418,4.053137879430377,2.495473369036045,1.5467090845199603,2.1210056135852,0.3828208376119775
3.281475551623658,7.895592236319416,3.9063478794303768,2.7969733690360457,1.5521990845199602,2.1622056135851997,0.4166948376119775
3.245765551623658,7.784492236319419,3.7595578794303766,3.023073369036048,1.5695990845199606,2.1969956135852,0.3635938376119775
3.063275551623658,7.935192236319416,3.723857879430377,3.1381733690360463,1.5879090845199602,2.3425656135851995,0.3764118376119775
3.063275551623658,7.935192236319416,3.723857879430377,3.1381733690360463,1.5879090845199602,2.3425656135851995,0.3764118376119775
3.0235955516236577,8.197092236319417,3.6127678794303772,2.987373369036046,1.5402990845199604,2.3984156135852,0.3635938376119775
2.9521855516236575,8.609692236319418,3.537397879430377,2.6461733690360454,1.4762090845199602,2.2729856135852,0.3828208376119775
2.769695551623658,8.760392236319419,3.501687879430377,2.495473369036045,1.4643090845199604,2.2381956135851997,0.3635938376119775
2.8411055516236576,8.724692236319417,3.4302778794303768,2.2692733690360463,1.5055090845199603,2.2317856135852,0.3764118376119775
2.8768055516236575,8.760392236319419,3.4302778794303768,1.896373369036045,1.5467090845199603,2.1695256135851997,0.34986183761197753
2.8768055516236575,8.573992236319416,3.501687879430377,1.896373369036045,1.5055090845199603,2.0724856135852,0.3965528376119775
2.7300155516236577,8.383492236319416,3.577067879430377,1.8209733690360466,1.4524090845199602,2.0450156135852,0.3562698376119775
3.0235955516236577,8.085992236319417,3.577067879430377,2.0074733690360453,1.4990990845199605,2.2244656135852,0.34986183761197753
3.2100655516236576,7.970892236319418,3.501687879430377,2.158173369036046,1.5402990845199604,2.2729856135852,0.3361288376119775
3.063275551623658,7.709092236319417,3.684187879430377,2.495473369036045,1.5283990845199602,2.3215056135851997,0.3828208376119775
3.2100655516236576,7.518692236319417,3.7952678794303774,2.7969733690360457,1.5998090845199604,2.2381956135851997,0.3764118376119775
3.4282655516236575,7.443292236319419,3.9063478794303768,2.947673369036046,1.5695990845199606,2.2244656135852,0.3828208376119775
3.281475551623658,7.558292236319417,4.053137879430377,2.987373369036046,1.5467090845199603,2.2729856135852,0.3297198376119775
3.463965551623658,7.669392236319418,4.013467879430377,2.761273369036047,1.5174090845199601,2.3636256135852,0.34986183761197753
3.4282655516236575,7.7447922363194195,4.195957879430377,2.4200733690360465,1.5402990845199604,2.2381956135851997,0.3901448376119775
3.2100655516236576,7.518692236319417,4.088847879430377,2.4200733690360465,1.5348090845199605,2.2381956135851997,0.3297198376119775
3.170385551623658,7.633692236319419,4.053137879430377,2.1978733690360457,1.5467090845199603,2.1695256135851997,0.34345283761197754
3.245765551623658,7.407592236319417,3.9420578794303767,2.0828733690360473,1.5348090845199605,2.1622056135851997,0.3361288376119775
3.063275551623658,7.2924922363194185,3.8666778794303767,2.158173369036046,1.4990990845199605,2.2244656135852,0.3828208376119775
2.9521855516236575,7.181392236319418,3.7595578794303766,2.1224733690360473,1.4936090845199606,2.2381956135851997,0.34986183761197753
3.1346855516236576,6.915592236319419,3.723857879430377,2.308973369036046,1.5228990845199601,2.2107256135851996,0.3159868376119775
2.9521855516236575,6.689492236319417,3.648477879430377,2.2692733690360463,1.5283990845199602,2.2244656135852,0.3901448376119775
2.8768055516236575,6.542692236319418,3.577067879430377,2.3446733690360446,1.5283990845199602,2.2867156135851996,0.34986183761197753
2.987895551623658,6.467292236319418,3.465977879430377,2.535073369036045,1.5586090845199605,2.2867156135851996,0.34986183761197753
2.8411055516236576,6.618092236319418,3.501687879430377,2.610473369036047,1.5695990845199606,2.2244656135852,0.3764118376119775
2.9164855516236576,6.804592236319417,3.648477879430377,2.6858733690360452,1.5586090845199605,2.2803056135852,0.3031698376119775
3.063275551623658,7.407592236319417,3.6127678794303772,2.987373369036046,1.5348090845199605,2.3215056135851997,0.34345283761197754
3.281475551623658,7.558292236319417,3.648477879430377,2.947673369036046,1.5228990845199601,2.3562956135852,0.3361288376119775
3.3171755516236576,7.633692236319419,3.8309678794303768,2.8723733690360476,1.5055090845199603,2.3984156135852,0.3965528376119775
3.170385551623658,7.784492236319419,4.013467879430377,2.8723733690360476,1.4816990845199602,2.3837656135852,0.3361288376119775
3.281475551623658,7.935192236319416,4.053137879430377,2.7215733690360473,1.4643090845199604,2.3150956135852,0.3297198376119775
3.3568455516236577,8.121692236319419,4.053137879430377,2.6858733690360452,1.4816990845199602,2.2244656135852,0.4102858376119775
3.281475551623658,8.197092236319417,4.124547879430377,2.4597733690360464,1.5109990845199603,2.1484756135852,0.3031698376119775
3.281475551623658,8.197092236319417,4.124547879430377,2.4597733690360464,1.5109990845199603,2.1484756135852,0.3031698376119775
3.3171755516236576,8.27239223631942,4.124547879430377,2.308973369036046,1.5174090845199601,2.2455156135851997,0.3700028376119775
3.281475551623658,8.197092236319417,4.053137879430377,2.2335733690360478,1.5109990845199603,2.2665756135851995,0.3764118376119775
3.3925555516236576,8.010592236319418,4.013467879430377,2.1224733690360473,1.5283990845199602,2.1695256135851997,0.3031698376119775
3.245765551623658,7.7447922363194195,4.088847879430377,2.1978733690360457,1.5348090845199605,2.1210056135852,0.4102858376119775
3.170385551623658,7.482992236319419,4.053137879430377,2.1978733690360457,1.5348090845199605,2.1759356135852,0.3828208376119775
3.0989755516236577,7.2924922363194185,3.9063478794303768,2.2335733690360478,1.5228990845199601,2.2244656135852,0.34345283761197754
3.0235955516236577,7.407592236319417,3.8309678794303768,2.2335733690360478,1.5174090845199601,2.2381956135851997,0.3965528376119775
2.8768055516236575,7.633692236319419,3.684187879430377,2.2692733690360463,1.4936090845199606,2.2940456135851996,0.3361288376119775
2.769695551623658,7.784492236319419,3.577067879430377,2.3446733690360446,1.4816990845199602,2.3288356135851997,0.34345283761197754
2.769695551623658,7.784492236319419,3.577067879430377,2.3446733690360446,1.4816990845199602,2.3288356135851997,0.34345283761197754
2.6586055516236575,7.859892236319418,3.501687879430377,2.4200733690360465,1.4578990845199602,2.3700356135851997,0.3700028376119775
2.5118155516236578,7.935192236319416,3.2834878794303766,2.6461733690360454,1.4990990845199605,2.2592556135851996,0.3700028376119775
2.3293255516236577,7.970892236319418,3.2477778794303767,2.7969733690360457,1.5228990845199601,2.2317856135852,0.34986183761197753
2.3293255516236577,8.085992236319417,3.172407879430377,2.7969733690360457,1.5640990845199605,2.3562956135852,0.3828208376119775
2.2896555516236576,8.308192236319417,3.2477778794303767,2.761273369036047,1.5759990845199603,2.3773556135851996,0.3361288376119775
2.3293255516236577,8.347792236319417,3.2834878794303766,2.7215733690360473,1.5174090845199601,2.3837656135852,0.3635938376119775
2.3293255516236577,8.347792236319417,3.2477778794303767,2.761273369036047,1.4762090845199602,2.3498856135851995,0.3828208376119775
2.4364355516236578,7.970892236319418,3.2477778794303767,2.7969733690360457,1.4578990845199602,2.3425656135851995,0.3700028376119775
2.5832255516236575,7.669392236319418,3.3548978794303768,2.7215733690360473,1.4697990845199604,2.4258756135851995,0.3562698376119775
2.694315551623658,7.518692236319417,3.501687879430377,2.6461733690360454,1.4762090845199602,2.4322856135852,0.34986183761197753
2.987895551623658,7.482992236319419,3.723857879430377,2.495473369036045,1.5467090845199603,2.2455156135851997,0.3159868376119775
2.8768055516236575,7.482992236319419,3.8666778794303767,2.384373369036048,1.5467090845199603,2.2043156135852,0.34345283761197754
3.063275551623658,7.367892236319417,3.9063478794303768,2.570773369036047,1.5521990845199602,2.2729856135852,0.3635938376119775
3.2100655516236576,7.217192236319416,3.8666778794303767,2.384373369036048,1.5174090845199601,2.3013656135851996,0.3828208376119775
2.8768055516236575,6.990992236319418,3.7595578794303766,2.535073369036045,1.4578990845199602,2.2665756135851995,0.3297198376119775
2.9521855516236575,7.181392236319418,3.723857879430377,2.570773369036047,1.5348090845199605,2.2528456135851997,0.3297198376119775
2.9164855516236576,7.217192236319416,3.7595578794303766,2.7215733690360473,1.5586090845199605,2.3288356135851997,0.3297198376119775
2.8768055516236575,7.332192236319418,3.684187879430377,2.8365733690360457,1.5879090845199602,2.3352456135851996,0.34986183761197753
2.9164855516236576,7.443292236319419,3.537397879430377,2.7969733690360457,1.6107890845199604,2.2940456135851996,0.30957783761197755
2.694315551623658,7.367892236319417,3.6127678794303772,2.7969733690360457,1.5586090845199605,2.2729856135852,0.3965528376119775
2.5475255516236577,7.217192236319416,3.465977879430377,2.610473369036047,1.5055090845199603,2.3215056135851997,0.34345283761197754
2.5475255516236577,7.217192236319416,3.465977879430377,2.610473369036047,1.5055090845199603,2.3215056135851997,0.34345283761197754
2.6229055516236577,7.217192236319416,3.3906078794303767,2.4597733690360464,1.4285990845199605,2.3773556135851996,0.3233108376119775
2.769695551623658,7.181392236319418,3.3906078794303767,2.384373369036048,1.3819090845199602,2.3562956135852,0.3901448376119775
2.8053955516236577,7.2924922363194185,3.501687879430377,2.2692733690360463,1.4405090845199604,2.2729856135852,0.3297198376119775
2.8768055516236575,7.367892236319417,3.537397879430377,2.2692733690360463,1.4936090845199606,2.3013656135851996,0.30957783761197755
2.987895551623658,7.407592236319417,3.537397879430377,2.2335733690360478,1.5402990845199604,2.2803056135852,0.3828208376119775
3.2100655516236576,7.482992236319419,3.684187879430377,2.1224733690360473,1.5586090845199605,2.1557956135852,0.3233108376119775
3.063275551623658,7.332192236319418,3.9063478794303768,2.0828733690360473,1.5467090845199603,2.0999456135852,0.34345283761197754
3.2100655516236576,7.106092236319419,3.8666778794303767,2.0074733690360453,1.5228990845199601,2.1484756135852,0.3700028376119775
3.245765551623658,6.990992236319418,3.9420578794303767,2.0074733690360453,1.4871990845199603,2.2244656135852,0.3635938376119775
3.245765551623658,6.990992236319418,3.9420578794303767,2.0074733690360453,1.4871990845199603,2.2244656135852,0.3635938376119775
3.245765551623658,7.106092236319419,3.9420578794303767,1.932073369036047,1.4936090845199606,2.2803056135852,0.3297198376119775
3.2100655516236576,7.217192236319416,3.7952678794303774,2.0074733690360453,1.4697990845199604,2.2180556135851996,0.3297198376119775
3.0989755516236577,7.407592236319417,3.8666778794303767,2.047173369036045,1.4524090845199602,2.1484756135852,0.3700028376119775
2.9164855516236576,7.482992236319419,3.7952678794303774,2.2335733690360478,1.4990990845199605,2.1622056135851997,0.3159868376119775
2.8053955516236577,7.443292236319419,3.648477879430377,2.3446733690360446,1.5467090845199603,2.2803056135852,0.3562698376119775
2.6229055516236577,7.407592236319417,3.465977879430377,2.4597733690360464,1.5586090845199605,2.3425656135851995,0.3700028376119775
2.4364355516236578,7.332192236319418,3.3906078794303767,2.610473369036047,1.5228990845199601,2.3150956135852,0.3361288376119775
2.3650255516236576,7.332192236319418,3.3548978794303768,2.7215733690360473,1.4990990845199605,2.2803056135852,0.3965528376119775
2.218235551623658,7.443292236319419,3.172407879430377,2.7969733690360457,1.5109990845199603,2.2592556135851996,0.3297198376119775
2.182535551623658,7.558292236319417,2.989907879430377,2.7969733690360457,1.5283990845199602,2.3425656135851995,0.3233108376119775
1.9246655516236577,7.7447922363194195,2.989907879430377,2.8365733690360457,1.5228990845199601,2.3910856135852,0.3635938376119775
1.8889555516236576,7.7447922363194195,2.914527879430377,2.8723733690360476,1.5402990845199604,2.3498856135851995,0.34345283761197754
1.9603655516236578,7.784492236319419,2.7320378794303766,2.8365733690360457,1.5348090845199605,2.3013656135851996,0.3159868376119775
1.9603655516236578,7.709092236319417,2.8074178794303766,2.9119733690360476,1.4936090845199606,2.3215056135851997,0.3700028376119775
1.8135755516236576,7.633692236319419,2.989907879430377,2.987373369036046,1.4762090845199602,2.4185556135851995,0.3297198376119775
1.8492855516236577,7.593992236319419,2.8788278794303768,2.947673369036046,1.5055090845199603,2.4881356135851997,0.3361288376119775
2.107155551623658,7.633692236319419,2.8074178794303766,2.947673369036046,1.5055090845199603,2.4533456135851996,0.3828208376119775
2.142865551623658,7.482992236319419,3.0613178794303773,2.8723733690360476,1.4990990845199605,2.2665756135851995,0.3635938376119775
2.3650255516236576,7.593992236319419,2.954197879430377,2.7969733690360457,1.5283990845199602,2.3150956135852,0.3297198376119775
2.4364355516236578,7.482992236319419,3.1009878794303773,2.761273369036047,1.5174090845199601,2.3352456135851996,0.3297198376119775
2.4761155516236575,7.181392236319418,3.2477778794303767,2.4597733690360464,1.4936090845199606,2.3288356135851997,0.3233108376119775
2.5475255516236577,7.106092236319419,3.2081078794303766,2.4597733690360464,1.4643090845199604,2.3288356135851997,0.3700028376119775
2.4761155516236575,7.181392236319418,3.2477778794303767,2.4597733690360464,1.4578990845199602,2.2940456135851996,0.3361288376119775
2.4007355516236575,7.217192236319416,3.2834878794303766,2.535073369036045,1.5402990845199604,2.3077756135852,0.3562698376119775
2.218235551623658,7.217192236319416,3.172407879430377,2.495473369036045,1.5640990845199605,2.2317856135852,0.3700028376119775
2.2896555516236576,7.181392236319418,3.1009878794303773,2.495473369036045,1.5759990845199603,2.1484756135852,0.30957783761197755
2.142865551623658,7.407592236319417,2.914527879430377,2.7215733690360473,1.5586090845199605,2.3910856135852,0.34986183761197753
1.9603655516236578,7.2924922363194185,3.025617879430377,2.7969733690360457,1.5228990845199601,2.4048256135851998,0.3361288376119775
2.035745551623658,7.181392236319418,2.7717078794303767,2.947673369036046,1.5109990845199603,2.3352456135851996,0.3297198376119775
2.0714455516236576,7.181392236319418,2.843117879430377,3.1381733690360463,1.4990990845199605,2.3352456135851996,0.3297198376119775
2.0714455516236576,7.066392236319416,3.025617879430377,3.213473369036045,1.4816990845199602,2.4606656135851996,0.2958448376119775
2.2539455516236577,7.106092236319419,2.989907879430377,3.173873369036045,1.4871990845199603,2.5229256135852,0.3297198376119775
2.5475255516236577,7.141792236319418,3.025617879430377,3.1381733690360463,1.4936090845199606,2.4121456135851997,0.3635938376119775
2.5832255516236575,7.106092236319419,3.172407879430377,3.023073369036048,1.4871990845199603,2.2528456135851997,0.3297198376119775
2.6229055516236577,6.990992236319418,3.319187879430377,2.947673369036046,1.4762090845199602,2.2665756135851995,0.30957783761197755
2.5832255516236575,7.066392236319416,3.465977879430377,2.8365733690360457,1.5109990845199603,2.3425656135851995,0.3764118376119775
2.8411055516236576,7.106092236319419,3.465977879430377,2.570773369036047,1.5467090845199603,2.3215056135851997,0.3233108376119775
2.8768055516236575,7.141792236319418,3.501687879430377,2.495473369036045,1.5521990845199602,2.2528456135851997,0.3297198376119775
3.063275551623658,6.990992236319418,3.537397879430377,2.384373369036048,1.5283990845199602,2.2043156135852,0.3297198376119775
2.8411055516236576,6.955292236319419,3.537397879430377,2.1978733690360457,1.5055090845199603,2.2244656135852,0.3031698376119775
2.769695551623658,6.990992236319418,3.6127678794303772,2.047173369036045,1.4871990845199603,2.2665756135851995,0.30957783761197755
2.769695551623658,6.840292236319417,3.537397879430377,1.932073369036047,1.4816990845199602,2.2665756135851995,0.3159868376119775
2.5475255516236577,6.879892236319417,3.319187879430377,1.896373369036045,1.4459990845199604,2.2180556135851996,0.3233108376119775
2.3650255516236576,6.764892236319417,3.2081078794303766,1.8209733690360466,1.4578990845199602,2.1136856135852,0.3562698376119775
2.182535551623658,6.689492236319417,3.025617879430377,1.856673369036045,1.4936090845199606,2.1484756135852,0.3233108376119775
1.9246655516236577,6.653792236319418,2.8074178794303766,2.0074733690360453,1.5521990845199602,2.2528456135851997,0.30957783761197755
1.9960755516236577,6.840292236319417,2.7717078794303767,2.0074733690360453,1.5879090845199602,2.2867156135851996,0.3159868376119775
1.8492855516236577,6.915592236319419,2.6963278794303767,2.0828733690360473,1.5402990845199604,2.2455156135851997,0.3031698376119775
1.8135755516236576,6.7291922363194185,2.6249178794303774,2.2335733690360478,1.4871990845199603,2.2107256135851996,0.3297198376119775
1.8135755516236576,6.879892236319417,2.5852478794303773,2.2335733690360478,1.4643090845199604,2.2528456135851997,0.3297198376119775
1.8492855516236577,6.990992236319418,2.6606278794303773,2.2335733690360478,1.4578990845199602,2.3636256135852,0.2958448376119775
1.8135755516236576,7.141792236319418,2.6249178794303774,2.4200733690360465,1.4762090845199602,2.4460156135851996,0.3297198376119775
1.8135755516236576,7.141792236319418,2.6249178794303774,2.4200733690360465,1.4762090845199602,2.4460156135851996,0.3297198376119775
1.8889555516236576,7.181392236319418,2.6606278794303773,2.495473369036045,1.5174090845199601,2.3562956135852,0.3031698376119775
1.9246655516236577,7.256792236319416,2.7717078794303767,2.570773369036047,1.5174090845199601,2.2180556135851996,0.3031698376119775
2.0714455516236576,7.518692236319417,2.843117879430377,2.610473369036047,1.5348090845199605,2.2455156135851997,0.3700028376119775
2.2539455516236577,7.633692236319419,3.025617879430377,2.6858733690360452,1.5467090845199603,2.3700356135851997,0.3031698376119775
2.6229055516236577,7.669392236319418,3.172407879430377,2.761273369036047,1.5402990845199604,2.3077756135852,0.3361288376119775
2.694315551623658,7.593992236319419,3.172407879430377,2.8365733690360457,1.5228990845199601,2.2244656135852,0.30957783761197755
2.5832255516236575,7.593992236319419,3.3906078794303767,2.8723733690360476,1.4936090845199606,2.2867156135851996,0.3562698376119775
2.5475255516236577,7.633692236319419,3.2834878794303766,2.7969733690360457,1.4936090845199606,2.4533456135851996,0.3361288376119775
2.142865551623658,7.709092236319417,3.2081078794303766,2.7215733690360473,1.5283990845199602,2.3077756135852,0.3562698376119775
2.182535551623658,7.558292236319417,2.989907879430377,2.8365733690360457,1.5640990845199605,2.2107256135851996,0.3031698376119775
1.8889555516236576,7.633692236319419,2.954197879430377,2.7969733690360457,1.5695990845199606,2.4258756135851995,0.3361288376119775
1.9960755516236577,7.518692236319417,2.8788278794303768,2.7969733690360457,1.5586090845199605,2.4808056135851997,0.2958448376119775
1.9603655516236578,7.482992236319419,2.8074178794303766,2.6858733690360452,1.5348090845199605,2.4048256135851998,0.3031698376119775
1.8492855516236577,7.443292236319419,2.914527879430377,2.7215733690360473,1.4871990845199603,2.3013656135851996,0.3361288376119775
1.9246655516236577,7.518692236319417,2.8788278794303768,2.570773369036047,1.5283990845199602,2.4121456135851997,0.34345283761197754
2.3293255516236577,7.367892236319417,2.989907879430377,2.495473369036045,1.5521990845199602,2.3013656135851996,0.2958448376119775
2.3650255516236576,7.443292236319419,3.0613178794303773,2.610473369036047,1.5586090845199605,2.2244656135852,0.34345283761197754
2.5118155516236578,7.332192236319418,3.319187879430377,2.4597733690360464,1.5109990845199603,2.3150956135852,0.3233108376119775
2.7300155516236577,7.2924922363194185,3.4302778794303768,2.4597733690360464,1.4816990845199602,2.2867156135851996,0.2958448376119775
2.694315551623658,7.2924922363194185,3.4302778794303768,2.3446733690360446,1.5055090845199603,2.3562956135852,0.3159868376119775
2.4364355516236578,7.367892236319417,3.465977879430377,2.308973369036046,1.5586090845199605,2.2528456135851997,0.2894368376119775
2.3293255516236577,7.407592236319417,3.4302778794303768,2.4200733690360465,1.5933990845199602,2.1210056135852,0.3562698376119775
2.3293255516236577,7.518692236319417,3.025617879430377,2.495473369036045,1.5759990845199603,2.1695256135851997,0.2894368376119775
2.107155551623658,7.482992236319419,2.914527879430377,2.4597733690360464,1.5348090845199605,2.2528456135851997,0.26929483761197753
1.8492855516236577,7.482992236319419,2.843117879430377,2.535073369036045,1.5228990845199601,2.3700356135851997,0.3233108376119775
1.9246655516236577,7.558292236319417,2.6606278794303773,2.535073369036045,1.5586090845199605,2.4185556135851995,0.27570383761197753
1.6667855516236576,7.443292236319419,2.7320378794303766,2.7215733690360473,1.5055090845199603,2.4322856135852,0.3159868376119775
1.6310855516236578,7.256792236319416,2.6963278794303767,2.9119733690360476,1.4990990845199605,2.3636256135852,0.2958448376119775
1.6310855516236578,7.256792236319416,2.6963278794303767,2.9119733690360476,1.4990990845199605,2.3636256135852,0.2958448376119775
1.7421655516236576,7.181392236319418,2.6606278794303773,3.062773369036048,1.5283990845199602,2.4185556135851995,0.3233108376119775
1.7024955516236577,7.141792236319418,2.7717078794303767,3.062773369036048,1.5402990845199604,2.4460156135851996,0.26288583761197754
2.0714455516236576,7.0306922363194175,2.7717078794303767,3.0984733690360464,1.5695990845199606,2.4744056135851995,0.25556183761197754
2.182535551623658,7.066392236319416,3.025617879430377,3.0984733690360464,1.5586090845199605,2.4606656135851996,0.3159868376119775
2.2539455516236577,7.0306922363194175,3.0613178794303773,2.987373369036046,1.5521990845199602,2.3837656135852,0.23542083761197752
2.5118155516236578,6.990992236319418,3.0613178794303773,2.947673369036046,1.5402990845199604,2.2803056135852,0.2491538376119775
2.5118155516236578,7.0306922363194175,3.172407879430377,2.9119733690360476,1.4990990845199605,2.3013656135851996,0.24274483761197752
2.5832255516236575,6.990992236319418,3.2477778794303767,2.8723733690360476,1.5283990845199602,2.3773556135851996,0.20886983761197753
2.8053955516236577,7.066392236319416,3.2834878794303766,2.6858733690360452,1.5759990845199603,2.4258756135851995,0.2491538376119775
2.694315551623658,7.066392236319416,3.3548978794303768,2.610473369036047,1.5467090845199603,2.4048256135851998,0.2024618376119775
2.5475255516236577,7.106092236319419,3.3548978794303768,2.495473369036045,1.5640990845199605,2.2803056135852,0.1887288376119775
2.5475255516236577,7.106092236319419,3.3548978794303768,2.495473369036045,1.5640990845199605,2.2803056135852,0.1887288376119775
2.2539455516236577,6.990992236319418,3.172407879430377,2.3446733690360446,1.5695990845199606,2.1557956135852,0.21527883761197752
2.218235551623658,6.990992236319418,3.025617879430377,2.384373369036048,1.5695990845199606,2.1622056135851997,0.20886983761197753
2.142865551623658,7.066392236319416,2.8788278794303768,2.1978733690360457,1.5879090845199602,2.2803056135852,0.22901183761197752
2.142865551623658,7.0306922363194175,2.8074178794303766,2.1978733690360457,1.5933990845199602,2.3700356135851997,0.23542083761197752
2.035745551623658,6.840292236319417,2.843117879430377,2.1978733690360457,1.5586090845199605,2.3700356135851997,0.1749958376119775
2.035745551623658,6.689492236319417,2.7717078794303767,2.1978733690360457,1.5348090845199605,2.3288356135851997,0.1887288376119775
2.107155551623658,6.764892236319417,2.6606278794303773,2.2692733690360463,1.5348090845199605,2.2729856135852,0.19513683761197753
1.9246655516236577,6.689492236319417,2.6249178794303774,2.2692733690360463,1.4936090845199606,2.2528456135851997,0.15485403761197752
1.9960755516236577,6.618092236319418,2.6963278794303767,2.308973369036046,1.5055090845199603,2.2592556135851996,0.1823198376119775
2.142865551623658,6.653792236319418,2.6249178794303774,2.308973369036046,1.5283990845199602,2.3288356135851997,0.15485403761197752
2.2896555516236576,6.7291922363194185,2.843117879430377,2.384373369036048,1.5402990845199604,2.4048256135851998,0.15485403761197752
2.2896555516236576,6.879892236319417,3.025617879430377,2.2692733690360463,1.5467090845199603,2.3215056135851997,0.11457083761197752
2.2539455516236577,6.7291922363194185,2.989907879430377,2.2692733690360463,1.5228990845199601,2.1969956135852,0.16217823761197753
2.5475255516236577,6.879892236319417,2.989907879430377,2.2335733690360478,1.5283990845199602,2.3150956135852,0.09442923761197752
2.4364355516236578,7.066392236319416,3.025617879430377,2.2335733690360478,1.5283990845199602,2.4185556135851995,0.12830373761197753
2.2896555516236576,7.106092236319419,3.025617879430377,2.1224733690360473,1.5521990845199602,2.3288356135851997,0.08802053761197752
1.7778755516236577,7.256792236319416,2.478127879430377,2.384373369036048,1.5586090845199605,2.1759356135852,0.10175343761197753
1.5953755516236576,7.217192236319416,2.331337879430377,2.4200733690360465,1.5348090845199605,2.2381956135851997,0.041328637611977526
1.3017955516236577,7.106092236319419,2.255957879430377,2.3446733690360446,1.4990990845199605,2.3984156135852,0.08161183761197752
1.1907125516236576,6.990992236319418,1.9266778794303765,2.4597733690360464,1.5283990845199602,2.5366556135851996,0.021187037611977523
1.1510395516236578,7.0306922363194175,2.0020578794303763,2.610473369036047,1.5055090845199603,2.4460156135851996,0.05414603761197752
1.0796285516236577,6.915592236319419,2.0020578794303763,2.7969733690360457,1.5348090845199605,2.3352456135851996,0.021187037611977523
1.7421655516236576,7.066392236319416,2.1091678794303768,2.8365733690360457,1.5879090845199602,2.5155956135852,0.012687462388022472
1.6310855516236578,7.256792236319416,2.331337879430377,2.9119733690360476,1.5814990845199604,2.5229256135852,0.021187037611977523
1.7778755516236577,7.217192236319416,2.438457879430377,2.8365733690360457,1.5467090845199603,2.4258756135851995,0.03282906238802248
1.9960755516236577,7.332192236319418,2.6963278794303767,2.8723733690360476,1.4762090845199602,2.2729856135852,0.005363262388022483
2.2896555516236576,7.443292236319419,2.7717078794303767,2.8365733690360457,1.4990990845199605,2.3910856135852,0.059379162388022474
2.2896555516236576,7.443292236319419,2.7717078794303767,2.8365733690360457,1.4990990845199605,2.3910856135852,0.059379162388022474
2.3293255516236577,7.518692236319417,2.8074178794303766,2.7969733690360457,1.5467090845199603,2.4945456135851996,0.012687462388022472
2.182535551623658,7.482992236319419,2.914527879430377,2.6858733690360452,1.5933990845199602,2.4460156135851996,0.03282906238802248
1.8889555516236576,7.482992236319419,2.843117879430377,2.6461733690360454,1.6226990845199603,2.3636256135852,0.07952116238802247
1.8889555516236576,7.593992236319419,2.5852478794303773,2.610473369036047,1.6107890845199604,2.3077756135852,0.02550486238802248
1.8135755516236576,7.593992236319419,2.513837879430377,2.761273369036047,1.5521990845199602,2.2940456135851996,0.07311216238802247
1.7024955516236577,7.633692236319419,2.438457879430377,2.8365733690360457,1.5174090845199601,2.3498856135851995,0.11339516238802248
1.7024955516236577,7.518692236319417,2.478127879430377,2.761273369036047,1.5348090845199605,2.4533456135851996,0.06578816238802247
1.7024955516236577,7.443292236319419,2.367047879430377,2.7969733690360457,1.5467090845199603,2.5430656135851994,0.11980416238802248
1.8135755516236576,7.482992236319419,2.513837879430377,2.8365733690360457,1.5174090845199601,2.3636256135852,0.09966216238802249
1.8889555516236576,7.443292236319419,2.438457879430377,2.8723733690360476,1.5055090845199603,2.3498856135851995,0.1399461623880225
2.0714455516236576,7.332192236319418,2.438457879430377,2.8723733690360476,1.5348090845199605,2.3773556135851996,0.1335371623880225
2.0714455516236576,7.332192236319418,2.438457879430377,2.8723733690360476,1.5348090845199605,2.3773556135851996,0.1335371623880225
2.035745551623658,7.2924922363194185,2.7717078794303767,2.761273369036047,1.5402990845199604,2.4533456135851996,0.10607116238802249
2.142865551623658,7.407592236319417,2.843117879430377,2.6858733690360452,1.5759990845199603,2.4945456135851996,0.1802291623880225
2.3293255516236577,7.558292236319417,2.8788278794303768,2.6858733690360452,1.5695990845199606,2.4258756135851995,0.1399461623880225
2.3293255516236577,7.558292236319417,2.914527879430377,2.6461733690360454,1.5348090845199605,2.2528456135851997,0.1738201623880225
2.5118155516236578,7.558292236319417,2.954197879430377,2.610473369036047,1.5109990845199603,2.2043156135852,0.18663716238802247
2.4007355516236575,7.482992236319419,2.989907879430377,2.610473369036047,1.5228990845199601,2.3352456135851996,0.1664961623880225
2.4007355516236575,7.558292236319417,2.914527879430377,2.495473369036045,1.5402990845199604,2.4258756135851995,0.1939621623880225
1.9960755516236577,7.593992236319419,2.914527879430377,2.4597733690360464,1.5640990845199605,2.3984156135852,0.18663716238802247
1.7421655516236576,7.633692236319419,2.7717078794303767,2.4200733690360465,1.5759990845199603,2.2867156135851996,0.1802291623880225
1.6310855516236578,7.518692236319417,2.367047879430377,2.535073369036045,1.5640990845199605,2.2244656135852,0.1939621623880225
1.3732055516236576,7.482992236319419,2.2202578794303767,2.570773369036047,1.5228990845199601,2.2940456135851996,0.1939621623880225
1.3017955516236577,7.443292236319419,2.1091678794303768,2.570773369036047,1.5228990845199601,2.4808056135851997,0.21410316238802252
1.3375055516236576,7.367892236319417,1.9266778794303765,2.6461733690360454,1.5814990845199604,2.5714456135851997,0.21410316238802252
1.2264155516236577,7.106092236319419,2.0020578794303763,2.7215733690360473,1.5348090845199605,2.2729856135852,0.20677916238802252
1.2264155516236577,7.106092236319419,2.0020578794303763,2.7215733690360473,1.5348090845199605,2.2729856135852,0.20677916238802252
1.4089155516236576,6.955292236319419,1.9266778794303765,2.7215733690360473,1.4990990845199605,2.4460156135851996,0.20037016238802247
1.4842955516236576,6.879892236319417,2.0020578794303763,2.6858733690360452,1.5283990845199602,2.5091956135851996,0.20677916238802252
1.4089155516236576,6.955292236319419,2.2202578794303767,2.6858733690360452,1.5348090845199605,2.4533456135851996,0.1939621623880225
1.8135755516236576,6.915592236319419,2.255957879430377,2.6858733690360452,1.5759990845199603,2.3215056135851997,0.21410316238802252
1.8889555516236576,6.915592236319419,2.438457879430377,2.6858733690360452,1.5109990845199603,2.3150956135852,0.20037016238802247
2.0714455516236576,6.915592236319419,2.5495378794303774,2.610473369036047,1.5174090845199601,2.3562956135852,0.2342451623880225
1.9246655516236577,6.915592236319419,2.7717078794303767,2.535073369036045,1.5228990845199601,2.4048256135851998,0.20677916238802252
1.8492855516236577,6.915592236319419,2.5852478794303773,2.4597733690360464,1.5933990845199602,2.3910856135852,0.22051216238802251
1.9246655516236577,6.990992236319418,2.331337879430377,2.4597733690360464,1.6052990845199604,2.3288356135851997,0.20677916238802252
1.6310855516236578,6.915592236319419,2.331337879430377,2.535073369036045,1.5467090845199603,2.3700356135851997,0.22051216238802251
1.7024955516236577,6.879892236319417,2.1488478794303765,2.570773369036047,1.5521990845199602,2.3910856135852,0.1939621623880225
1.7024955516236577,6.689492236319417,2.2202578794303767,2.610473369036047,1.5695990845199606,2.3150956135852,0.2406541623880225
1.7778755516236577,6.689492236319417,2.255957879430377,2.7215733690360473,1.5228990845199601,2.3984156135852,0.18663716238802247
2.2896555516236576,6.578392236319418,2.6606278794303773,2.761273369036047,1.4936090845199606,2.4048256135851998,0.2269211623880225
2.2539455516236577,6.618092236319418,2.7320378794303766,2.7215733690360473,1.5467090845199603,2.4322856135852,0.1802291623880225
2.4364355516236578,6.804592236319417,2.7717078794303767,2.610473369036047,1.5879090845199602,2.3984156135852,0.2269211623880225
2.5475255516236577,6.915592236319419,2.8074178794303766,2.535073369036045,1.5586090845199605,2.1759356135852,0.16008716238802245
2.5832255516236575,7.0306922363194175,2.843117879430377,2.535073369036045,1.4871990845199603,2.1274156135851996,0.24706216238802248
2.5118155516236578,7.141792236319418,2.843117879430377,2.3446733690360446,1.4871990845199603,2.2043156135852,0.1802291623880225
2.035745551623658,7.106092236319419,2.7717078794303767,2.3446733690360446,1.5586090845199605,2.3150956135852,0.22051216238802251
1.7778755516236577,7.181392236319418,2.6606278794303773,2.308973369036046,1.6107890845199604,2.4258756135851995,0.2406541623880225
1.7778755516236577,7.256792236319416,2.367047879430377,2.2692733690360463,1.6226990845199603,2.3984156135852,0.18663716238802247
1.4485855516236577,7.2924922363194185,2.1845478794303768,2.2692733690360463,1.5521990845199602,2.3150956135852,0.22051216238802251
1.3732055516236576,7.2924922363194185,2.0020578794303763,2.3446733690360446,1.4936090845199606,2.3013656135851996,0.2406541623880225
1.1907125516236576,7.256792236319416,1.7441778794303768,2.4200733690360465,1.5402990845199604,2.3498856135851995,0.1738201623880225
1.0796285516236577,7.181392236319418,1.5616878794303768,2.535073369036045,1.5402990845199604,2.4322856135852,0.2269211623880225
1.2621255516236576,7.181392236319418,1.5616878794303768,2.610473369036047,1.5109990845199603,2.3984156135852,0.20037016238802247
1.2621255516236576,7.181392236319418,1.5616878794303768,2.610473369036047,1.5109990845199603,2.3984156135852,0.20037016238802247
1.3375055516236576,7.2924922363194185,1.6727678794303766,2.7215733690360473,1.4459990845199604,2.4258756135851995,0.24706216238802248
1.3375055516236576,7.181392236319418,1.9623778794303768,2.8365733690360457,1.4459990845199604,2.4744056135851995,0.1939621623880225
1.4089155516236576,7.256792236319416,2.1091678794303768,2.7969733690360457,1.5174090845199601,2.5503856135851994,0.2269211623880225
1.5953755516236576,7.367892236319417,2.0734678794303765,2.761273369036047,1.5814990845199604,2.5503856135851994,0.22051216238802251
1.7024955516236577,7.407592236319417,2.0377578794303766,2.7215733690360473,1.6171990845199602,2.3837656135852,0.2269211623880225
1.7421655516236576,7.593992236319419,2.1845478794303768,2.610473369036047,1.5759990845199603,2.2940456135851996,0.2269211623880225
1.9960755516236577,7.7447922363194195,2.1845478794303768,2.6858733690360452,1.5109990845199603,2.3636256135852,0.20037016238802247
1.8492855516236577,7.859892236319418,2.255957879430377,2.570773369036047,1.4697990845199604,2.4322856135852,0.1939621623880225
1.3732055516236576,8.010592236319418,2.1845478794303768,2.4597733690360464,1.5228990845199601,2.4258756135851995,0.2342451623880225
1.4089155516236576,7.970892236319418,1.8909678794303766,2.4200733690360465,1.5283990845199602,2.3910856135852,0.21410316238802252
1.1907125516236576,7.784492236319419,1.8552678794303767,2.610473369036047,1.5228990845199601,2.4185556135851995,0.22051216238802251
1.1510395516236578,7.820192236319418,1.7441778794303768,2.610473369036047,1.5283990845199602,2.4945456135851996,0.24706216238802248
1.3732055516236576,7.7447922363194195,1.8195578794303768,2.7215733690360473,1.5402990845199604,2.4945456135851996,0.20677916238802252
1.4089155516236576,7.669392236319418,1.8195578794303768,2.761273369036047,1.5695990845199606,2.3837656135852,0.2406541623880225
1.3732055516236576,7.593992236319419,1.8909678794303766,2.9119733690360476,1.6107890845199604,2.2803056135852,0.2543871623880225
1.9246655516236577,7.558292236319417,1.8195578794303768,2.8723733690360476,1.5879090845199602,2.3910856135852,0.18663716238802247
1.9246655516236577,7.558292236319417,2.1091678794303768,2.8723733690360476,1.5283990845199602,2.5091956135851996,0.21410316238802252
1.8492855516236577,7.558292236319417,2.2202578794303767,2.8723733690360476,1.4762090845199602,2.5851756135851995,0.18663716238802247
2.142865551623658,7.633692236319419,2.367047879430377,2.8365733690360457,1.4990990845199605,2.3013656135851996,0.24706216238802248
2.3650255516236576,7.669392236319418,2.478127879430377,2.761273369036047,1.5640990845199605,2.2455156135851997,0.1802291623880225
2.218235551623658,7.633692236319419,2.6249178794303774,2.7969733690360457,1.6226990845199603,2.4185556135851995,0.20677916238802252
1.8135755516236576,7.859892236319418,2.478127879430377,2.6858733690360452,1.6410090845199603,2.3562956135852,0.20677916238802252
1.6667855516236576,8.010592236319418,2.2202578794303767,2.535073369036045,1.6345990845199605,2.2729856135852,0.20037016238802247
1.0439235516236578,7.970892236319418,1.8195578794303768,2.570773369036047,1.5109990845199603,2.4533456135851996,0.1802291623880225
1.0042505516236577,7.859892236319418,1.5616878794303768,2.535073369036045,1.4816990845199602,2.5503856135851994,0.1939621623880225
1.0796285516236577,7.593992236319419,1.3434878794303768,2.6461733690360454,1.4936090845199606,2.4121456135851997,0.2269211623880225
1.1510395516236578,7.633692236319419,1.5973878794303766,2.8365733690360457,1.5174090845199601,2.3498856135851995,0.1802291623880225
1.3017955516236577,7.669392236319418,1.7798878794303767,2.8365733690360457,1.5228990845199601,2.4185556135851995,0.22051216238802251
1.5199955516236576,7.558292236319417,1.8195578794303768,2.8723733690360476,1.5586090845199605,2.4606656135851996,0.1939621623880225
1.7421655516236576,7.518692236319417,1.7084778794303765,2.7215733690360473,1.5759990845199603,2.4048256135851998,0.21410316238802252
1.6310855516236578,7.633692236319419,1.8552678794303767,2.7215733690360473,1.5283990845199602,2.3773556135851996,0.1738201623880225
1.7778755516236577,7.669392236319418,1.9266778794303765,2.6858733690360452,1.4405090845199604,2.3498856135851995,0.2342451623880225
1.7778755516236577,7.7447922363194195,2.0377578794303766,2.610473369036047,1.4578990845199602,2.3150956135852,0.1939621623880225
1.5199955516236576,7.859892236319418,2.0377578794303766,2.6461733690360454,1.4578990845199602,2.3425656135851995,0.21410316238802252
1.3732055516236576,7.895592236319416,1.8552678794303767,2.495473369036045,1.5109990845199603,2.4185556135851995,0.2269211623880225
1.3375055516236576,7.859892236319418,1.6727678794303766,2.495473369036045,1.5814990845199604,2.4808056135851997,0.1664961623880225
1.1510395516236578,7.633692236319419,1.6727678794303766,2.570773369036047,1.6171990845199602,2.4121456135851997,0.20037016238802247
1.3017955516236577,7.443292236319419,1.6330978794303765,2.6858733690360452,1.5879090845199602,2.3425656135851995,0.2406541623880225
1.2621255516236576,7.558292236319417,1.6330978794303765,2.7969733690360457,1.5521990845199602,2.2867156135851996,0.24706216238802248
1.3732055516236576,7.558292236319417,1.5259778794303769,2.8723733690360476,1.5228990845199601,2.3837656135852,0.24706216238802248
1.6310855516236578,7.593992236319419,1.5973878794303766,2.9119733690360476,1.4871990845199603,2.5091956135851996,0.1939621623880225
1.7024955516236577,7.518692236319417,1.8552678794303767,2.987373369036046,1.4578990845199602,2.5503856135851994,0.21410316238802252
1.7421655516236576,7.407592236319417,2.0020578794303763,3.062773369036048,1.4762090845199602,2.5091956135851996,0.22051216238802251
1.8492855516236577,7.217192236319416,2.0734678794303765,3.1381733690360463,1.5228990845199601,2.4258756135851995,0.1738201623880225
2.035745551623658,7.141792236319418,2.1091678794303768,3.249173369036047,1.5695990845199606,2.3425656135851995,0.1939621623880225
2.2539455516236577,7.256792236319416,2.2202578794303767,3.3245733690360453,1.6345990845199605,2.3077756135852,0.1738201623880225
2.2539455516236577,7.256792236319416,2.2202578794303767,3.3245733690360453,1.6345990845199605,2.3077756135852,0.1738201623880225
2.2896555516236576,7.2924922363194185,2.255957879430377,3.439673369036047,1.6226990845199603,2.3910856135852,0.18663716238802247
2.182535551623658,7.407592236319417,2.2202578794303767,3.364273369036045,1.6107890845199604,2.4048256135851998,0.1939621623880225
1.8889555516236576,7.558292236319417,2.0734678794303765,3.2888733690360468,1.5879090845199602,2.4121456135851997,0.1664961623880225
1.5557055516236578,7.633692236319419,1.9623778794303768,3.2888733690360468,1.5402990845199604,2.4396156135852,0.20037016238802247
1.4485855516236577,7.633692236319419,1.5973878794303766,3.3245733690360453,1.5174090845199601,2.4808056135851997,0.21410316238802252
1.2264155516236577,7.518692236319417,1.4863078794303768,3.3245733690360453,1.4762090845199602,2.5155956135852,0.1802291623880225
1.1153345516236577,7.443292236319419,1.3434878794303768,3.399973369036047,1.4990990845199605,2.5503856135851994,0.2269211623880225
1.0796285516236577,7.443292236319419,1.3038078794303767,3.364273369036045,1.5640990845199605,2.5366556135851996,0.1802291623880225
1.2621255516236576,7.443292236319419,1.3434878794303768,3.5150733690360454,1.6171990845199602,2.3562956135852,0.24706216238802248
1.4089155516236576,7.367892236319417,1.4863078794303768,3.5150733690360454,1.5933990845199602,2.3700356135851997,0.21410316238802252
1.4089155516236576,7.181392236319418,1.5616878794303768,3.5150733690360454,1.5814990845199604,2.4606656135851996,0.1664961623880225
1.5557055516236578,7.066392236319416,1.5616878794303768,3.5903733690360475,1.5586090845199605,2.6199656135851996,0.16008716238802245
1.7778755516236577,7.181392236319418,1.5259778794303769,3.5150733690360454,1.5402990845199604,2.5714456135851997,0.18663716238802247
1.7778755516236577,7.332192236319418,1.8552678794303767,3.701473369036048,1.4350090845199603,2.4533456135851996,0.1802291623880225
1.6310855516236578,7.332192236319418,2.0377578794303766,3.626073369036046,1.4697990845199604,2.4808056135851997,0.22051216238802251
1.5953755516236576,7.2924922363194185,1.8195578794303768,3.4753733690360455,1.5640990845199605,2.4606656135851996,0.1802291623880225
1.3375055516236576,7.2924922363194185,1.4148978794303766,3.439673369036047,1.6702990845199603,2.4945456135851996,0.2342451623880225
1.0439235516236578,7.181392236319418,1.2681078794303768,3.439673369036047,1.6226990845199603,2.5430656135851994,0.16008716238802245
1.0439235516236578,7.217192236319416,1.1966978794303766,3.439673369036047,1.5228990845199601,2.5091956135851996,0.1939621623880225
1.1510395516236578,7.558292236319417,1.0856078794303767,3.3245733690360453,1.4578990845199602,2.4606656135851996,0.16008716238802245
1.2621255516236576,7.407592236319417,1.4505978794303769,3.439673369036047,1.4871990845199603,2.5155956135852,0.1664961623880225
1.5199955516236576,7.181392236319418,1.5973878794303766,3.4753733690360455,1.5402990845199604,2.5018656135851995,0.1802291623880225
1.7024955516236577,7.106092236319419,1.6727678794303766,3.5903733690360475,1.6345990845199605,2.4258756135851995,0.22051216238802251
1.8492855516236577,7.106092236319419,1.7084778794303765,3.661773369036048,1.6583990845199605,2.3288356135851997,0.20677916238802252
1.8889555516236576,7.141792236319418,1.5259778794303769,3.5507733690360475,1.5998090845199604,2.4121456135851997,0.1802291623880225
1.5557055516236578,7.2924922363194185,1.5259778794303769,3.5507733690360475,1.5174090845199601,2.4744056135851995,0.16008716238802245
1.3017955516236577,7.367892236319417,1.4863078794303768,3.5507733690360475,1.4405090845199604,2.4606656135851996,0.2406541623880225
1.0796285516236577,7.482992236319419,1.1966978794303766,3.5150733690360454,1.4459990845199604,2.4533456135851996,0.1939621623880225
1.1153345516236577,7.407592236319417,0.9745278794303769,3.5507733690360475,1.5109990845199603,2.4533456135851996,0.1939621623880225
0.8574605516236578,7.367892236319417,0.9388178794303765,3.5507733690360475,1.5521990845199602,2.4881356135851997,0.24706216238802248
0.8574605516236578,7.332192236319418,0.9745278794303769,3.5150733690360454,1.6171990845199602,2.5229256135852,0.1664961623880225
0.7503445516236578,7.256792236319416,0.8674078794303768,3.626073369036046,1.6171990845199602,2.5293356135851996,0.22051216238802251
0.7503445516236578,7.256792236319416,0.8674078794303768,3.626073369036046,1.6171990845199602,2.5293356135851996,0.22051216238802251
0.8217555516236577,7.2924922363194185,0.7563278794303765,3.5903733690360475,1.5998090845199604,2.3837656135852,0.24706216238802248
0.9328395516236576,7.518692236319417,0.9388178794303765,3.5507733690360475,1.5055090845199603,2.3352456135851996,0.24706216238802248
1.0042505516236577,7.633692236319419,1.049907879430377,3.626073369036046,1.4459990845199604,2.5430656135851994,0.20037016238802247
1.0439235516236578,7.593992236319419,1.0856078794303767,3.701473369036048,1.4643090845199604,2.6263756135851994,0.22051216238802251
1.2621255516236576,7.518692236319417,1.157017879430377,3.661773369036048,1.5174090845199601,2.5430656135851994,0.2269211623880225
1.4842955516236576,7.407592236319417,1.157017879430377,3.7371733690360465,1.5759990845199603,2.4533456135851996,0.18663716238802247
1.4842955516236576,7.407592236319417,1.157017879430377,3.7371733690360465,1.5759990845199603,2.4533456135851996,0.18663716238802247
1.6667855516236576,7.367892236319417,1.3434878794303768,3.8522733690360447,1.5640990845199605,2.4744056135851995,0.21410316238802252
1.5557055516236578,7.256792236319416,1.6330978794303765,3.8879733690360467,1.5348090845199605,2.4606656135851996,0.2607951623880225
1.5199955516236576,7.367892236319417,1.5973878794303766,3.812573369036045,1.5283990845199602,2.3562956135852,0.1939621623880225
1.4089155516236576,7.518692236319417,1.3791878794303767,3.7371733690360465,1.5933990845199602,2.2867156135851996,0.20677916238802252
1.3017955516236577,7.709092236319417,1.157017879430377,3.626073369036046,1.5814990845199604,2.3562956135852,0.22051216238802251
1.1510395516236578,7.820192236319418,1.0102378794303768,3.661773369036048,1.5759990845199603,2.4945456135851996,0.20677916238802252
1.1153345516236577,7.970892236319418,0.9031178794303767,3.7371733690360465,1.5521990845199602,2.5577156135851995,0.2406541623880225
1.0796285516236577,8.010592236319418,0.9388178794303765,3.701473369036048,1.5283990845199602,2.5229256135852,0.2406541623880225
0.9685445516236577,8.046292236319417,1.157017879430377,3.661773369036048,1.4936090845199606,2.4533456135851996,0.20037016238802247
0.9685445516236577,8.046292236319417,1.157017879430377,3.661773369036048,1.4936090845199606,2.4533456135851996,0.20037016238802247
1.3017955516236577,8.046292236319417,1.2681078794303768,3.701473369036048,1.4816990845199602,2.3837656135852,0.2406541623880225
1.6667855516236576,7.895592236319416,1.5616878794303768,3.812573369036045,1.5640990845199605,2.4048256135851998,0.2269211623880225
1.6667855516236576,7.895592236319416,1.7084778794303765,3.9276733690360466,1.6410090845199603,2.4606656135851996,0.2342451623880225
1.7778755516236577,7.970892236319418,1.4148978794303766,4.002973369036045,1.6171990845199602,2.4048256135851998,0.20677916238802252
1.8492855516236577,8.161392236319418,1.5973878794303766,3.963373369036045,1.5759990845199603,2.4048256135851998,0.22051216238802251
1.8135755516236576,8.085992236319417,1.4863078794303768,3.9276733690360466,1.5174090845199601,2.4881356135851997,0.2342451623880225
1.5199955516236576,8.121692236319419,1.5259778794303769,3.963373369036045,1.4697990845199604,2.5293356135851996,0.2406541623880225
1.2621255516236576,8.308192236319417,1.049907879430377,3.963373369036045,1.5814990845199604,2.4670756135851994,0.1802291623880225
1.1510395516236578,8.232792236319419,0.9388178794303765,3.963373369036045,1.5933990845199602,2.4460156135851996,0.2543871623880225
0.7503445516236578,8.27239223631942,0.7206178794303766,4.038673369036047,1.6345990845199605,2.5778556135851995,0.22051216238802251
0.5638815516236577,8.498592236319418,0.5341578794303767,3.9276733690360466,1.5879090845199602,2.5714456135851997,0.2269211623880225
0.8217555516236577,8.684992236319417,0.5341578794303767,4.038673369036047,1.4578990845199602,2.4533456135851996,0.24706216238802248
1.0042505516236577,8.573992236319416,0.7920278794303768,4.114073369036046,1.4459990845199604,2.5430656135851994,0.2607951623880225
1.0439235516236578,8.458892236319418,1.0102378794303768,4.153773369036045,1.4578990845199602,2.6474356135851997,0.1802291623880225
1.5557055516236578,8.534292236319416,1.157017879430377,4.153773369036045,1.6226990845199603,2.5430656135851994,0.18663716238802247
1.6310855516236578,8.649292236319418,1.3434878794303768,4.229173369036047,1.5998090845199604,2.4460156135851996,0.2406541623880225
1.3732055516236576,8.649292236319418,1.4863078794303768,4.264873369036046,1.5521990845199602,2.4881356135851997,0.1802291623880225
1.3375055516236576,8.760392236319419,0.9745278794303769,4.078373369036047,1.5521990845199602,2.4533456135851996,0.1802291623880225
1.3732055516236576,8.649292236319418,0.7920278794303768,4.153773369036045,1.5402990845199604,2.5229256135852,0.18663716238802247
1.1510395516236578,8.724692236319417,0.9031178794303767,4.002973369036045,1.5283990845199602,2.6199656135851996,0.2607951623880225
1.0042505516236577,8.684992236319417,1.1966978794303766,3.9276733690360466,1.5109990845199603,2.5091956135851996,0.21410316238802252
1.4089155516236576,8.573992236319416,1.049907879430377,3.963373369036045,1.5467090845199603,2.3837656135852,0.21410316238802252
1.7421655516236576,8.609692236319418,1.1966978794303766,4.002973369036045,1.6107890845199604,2.3425656135851995,0.1802291623880225
1.6667855516236576,8.609692236319418,1.4148978794303766,3.963373369036045,1.5998090845199604,2.4460156135851996,0.2607951623880225
1.6667855516236576,8.609692236319418,1.4148978794303766,3.963373369036045,1.5998090845199604,2.4460156135851996,0.2607951623880225
1.6667855516236576,8.573992236319416,1.4505978794303769,3.812573369036045,1.6052990845199604,2.5778556135851995,0.21410316238802252
1.8492855516236577,8.649292236319418,1.4505978794303769,3.812573369036045,1.4816990845199602,2.4396156135852,0.2406541623880225
2.0714455516236576,8.649292236319418,1.6727678794303766,3.7768733690360463,1.4643090845199604,2.3700356135851997,0.1939621623880225
1.8135755516236576,8.458892236319418,1.5973878794303766,3.8522733690360447,1.5586090845199605,2.5229256135852,0.28093716238802247
1.5953755516236576,8.458892236319418,1.3791878794303767,3.7768733690360463,1.6107890845199604,2.4808056135851997,0.16008716238802245
1.3017955516236577,8.42319223631942,0.9031178794303767,3.812573369036045,1.6410090845199603,2.4460156135851996,0.2607951623880225
1.0042505516236577,8.498592236319418,0.6095378794303767,3.812573369036045,1.5759990845199603,2.4322856135852,0.20677916238802252
0.6392605516236578,8.534292236319416,0.3913378794303768,3.7371733690360465,1.4990990845199605,2.4606656135851996,0.21410316238802252
0.6392605516236578,8.534292236319416,0.3913378794303768,3.7371733690360465,1.4990990845199605,2.4606656135851996,0.21410316238802252
0.6035545516236578,8.573992236319416,0.2445478794303768,3.701473369036048,1.4871990845199603,2.5430656135851994,0.2543871623880225
0.27030265162365774,8.649292236319418,0.13346787943037675,3.661773369036048,1.4871990845199603,2.6126456135851996,0.1738201623880225
0.4924705516236577,8.609692236319418,0.09775787943037662,3.701473369036048,1.5109990845199603,2.5577156135851995,0.2342451623880225
0.8217555516236577,8.534292236319416,0.1691678794303768,3.812573369036045,1.4816990845199602,2.5577156135851995,0.2543871623880225
0.8971335516236578,8.458892236319418,0.3913378794303768,3.7768733690360463,1.4816990845199602,2.5989156135852,0.20037016238802247
0.8971335516236578,8.308192236319417,0.6452378794303766,3.812573369036045,1.5109990845199603,2.5229256135852,0.3010781623880225
0.8574605516236578,8.383492236319416,0.5738278794303768,3.812573369036045,1.5348090845199605,2.4533456135851996,0.21410316238802252
1.1907125516236576,8.458892236319418,0.3159578794303768,3.812573369036045,1.5933990845199602,2.4670756135851994,0.1664961623880225
1.1153345516236577,8.458892236319418,0.3913378794303768,3.8522733690360447,1.5814990845199604,2.5018656135851995,0.2607951623880225
0.9328395516236576,8.458892236319418,0.6095378794303767,3.8879733690360467,1.4643090845199604,2.5851756135851995,0.2342451623880225
0.9328395516236576,8.498592236319418,0.46274787943037654,3.963373369036045,1.4871990845199603,2.4460156135851996,0.1939621623880225
1.0439235516236578,8.347792236319417,0.3159578794303768,4.078373369036047,1.5174090845199601,2.5155956135852,0.2543871623880225
0.9685445516236577,8.347792236319417,0.2445478794303768,4.264873369036046,1.5467090845199603,2.6337056135851995,0.2342451623880225
0.7503445516236578,8.383492236319416,0.3913378794303768,4.229173369036047,1.5348090845199605,2.5018656135851995,0.2342451623880225
1.0796285516236577,8.534292236319416,0.2445478794303768,4.264873369036046,1.5283990845199602,2.5229256135852,0.2342451623880225
1.3375055516236576,8.573992236319416,0.42703787943037663,4.304473369036046,1.4936090845199606,2.5641256135851997,0.2269211623880225
1.4485855516236577,8.383492236319416,0.9031178794303767,4.340173369036048,1.4762090845199602,2.7023656135851994,0.21410316238802252
1.5557055516236578,8.347792236319417,0.8674078794303768,4.229173369036047,1.4990990845199605,2.6337056135851995,0.20677916238802252
1.6667855516236576,8.232792236319419,0.9388178794303765,4.304473369036046,1.5174090845199601,2.4670756135851994,0.2342451623880225
1.9603655516236578,8.232792236319419,1.0856078794303767,4.264873369036046,1.5348090845199605,2.3984156135852,0.2342451623880225
1.4089155516236576,8.232792236319419,0.9745278794303769,4.002973369036045,1.5586090845199605,2.5155956135852,0.22051216238802251
1.1153345516236577,8.383492236319416,0.6452378794303766,3.812573369036045,1.5467090845199603,2.5018656135851995,0.24706216238802248
0.8217555516236577,8.498592236319418,0.04903212056962336,3.626073369036046,1.4871990845199603,2.5851756135851995,0.21410316238802252
0.45676555162365773,8.42319223631942,0.09775787943037662,3.5150733690360454,1.4047990845199605,2.6263756135851994,0.26720416238802247
0.5638815516236577,8.347792236319417,0.1601121205696232,3.5903733690360475,1.4459990845199604,2.5503856135851994,0.2342451623880225
0.7860495516236576,8.308192236319417,0.1601121205696232,3.5150733690360454,1.4990990845199605,2.3773556135851996,0.2543871623880225
0.6392605516236578,8.161392236319418,0.05808787943037674,3.5903733690360475,1.5109990845199603,2.6263756135851994,0.22051216238802251
0.5281765516236577,8.197092236319417,0.022377879430376613,3.626073369036046,1.4990990845199605,2.6199656135851996,0.2406541623880225
0.6392605516236578,8.27239223631942,0.04903212056962336,3.626073369036046,1.5109990845199603,2.4460156135851996,0.2269211623880225
0.8971335516236578,8.347792236319417,0.08474212056962327,3.661773369036048,1.4936090845199606,2.4460156135851996,0.1939621623880225
0.9685445516236577,8.232792236319419,0.01332212056962323,3.661773369036048,1.4578990845199602,2.5778556135851995,0.24706216238802248
0.9685445516236577,8.232792236319419,0.01332212056962323,3.661773369036048,1.4578990845199602,2.5778556135851995,0.24706216238802248
0.7503445516236578,8.197092236319417,0.3159578794303768,3.701473369036048,1.4524090845199602,2.6263756135851994,0.27452816238802247
0.9685445516236577,8.27239223631942,0.2445478794303768,3.661773369036048,1.4350090845199603,2.5503856135851994,0.20037016238802247
0.7860495516236576,8.308192236319417,0.20487787943037672,3.626073369036046,1.4697990845199604,2.3837656135852,0.20677916238802252
0.7860495516236576,8.308192236319417,0.09775787943037662,3.701473369036048,1.4871990845199603,2.3562956135852,0.24706216238802248
0.7106715516236577,8.232792236319419,0.01332212056962323,3.7371733690360465,1.5109990845199603,2.4670756135851994,0.27452816238802247
0.7106715516236577,8.27239223631942,0.23153212056962325,3.7768733690360463,1.5055090845199603,2.6886356135851996,0.21410316238802252
0.4170925516236577,8.308192236319417,0.1601121205696232,3.5903733690360475,1.4990990845199605,2.6337056135851995,0.21410316238802252
0.5638815516236577,8.308192236319417,0.19582212056962334,3.701473369036048,1.4643090845199604,2.4533456135851996,0.2269211623880225
1.0796285516236577,8.308192236319417,0.08474212056962327,3.8879733690360467,1.4231090845199605,2.4121456135851997,0.2543871623880225
1.2264155516236577,8.27239223631942,0.3159578794303768,4.038673369036047,1.4350090845199603,2.4460156135851996,0.20677916238802252
1.3375055516236576,8.232792236319419,0.5341578794303767,4.078373369036047,1.4816990845199602,2.5778556135851995,0.28093716238802247
1.4089155516236576,8.161392236319418,0.6809478794303765,4.114073369036046,1.5348090845199605,2.6822256135852,0.1939621623880225
1.7024955516236577,8.121692236319419,0.5341578794303767,4.229173369036047,1.5174090845199601,2.6749056135852,0.2406541623880225
1.8492855516236577,8.197092236319417,0.5738278794303768,4.304473369036046,1.4990990845199605,2.4396156135852,0.1939621623880225
1.7024955516236577,8.197092236319417,0.7206178794303766,4.304473369036046,1.4762090845199602,2.4048256135851998,0.20677916238802252
1.7024955516236577,8.197092236319417,0.7206178794303766,4.304473369036046,1.4762090845199602,2.4048256135851998,0.20677916238802252
1.4485855516236577,8.197092236319417,0.6809478794303765,4.153773369036045,1.4166990845199603,2.5366556135851996,0.2342451623880225
1.1510395516236578,8.347792236319417,0.5738278794303768,4.114073369036046,1.4459990845199604,2.5989156135852,0.1939621623880225
1.0439235516236578,8.42319223631942,0.1691678794303768,3.9276733690360466,1.4816990845199602,2.5915856135852,0.2269211623880225
1.0042505516236577,8.458892236319418,0.08474212056962327,3.812573369036045,1.5055090845199603,2.5989156135852,0.21410316238802252
0.7860495516236576,8.458892236319418,0.12441212056962336,3.8522733690360447,1.4936090845199606,2.6126456135851996,0.22051216238802251
0.5281765516236577,8.383492236319416,0.05808787943037674,3.701473369036048,1.4871990845199603,2.5293356135851996,0.2342451623880225
0.45676555162365773,8.498592236319418,0.022377879430376613,3.626073369036046,1.4524090845199602,2.4945456135851996,0.2269211623880225
0.7503445516236578,8.42319223631942,0.27120212056962334,3.439673369036047,1.4762090845199602,2.4322856135852,0.22051216238802251
0.9328395516236576,8.42319223631942,0.19582212056962334,3.399973369036047,1.4643090845199604,2.4048256135851998,0.20677916238802252
0.7860495516236576,8.347792236319417,0.23153212056962325,3.3245733690360453,1.4643090845199604,2.5430656135851994,0.2406541623880225
0.5638815516236577,8.42319223631942,0.1601121205696232,3.249173369036047,1.4459990845199604,2.6337056135851995,0.2269211623880225
1.0042505516236577,8.42319223631942,0.022377879430376613,3.213473369036045,1.4350090845199603,2.2729856135852,0.2269211623880225
1.3375055516236576,8.308192236319417,0.04903212056962336,3.2888733690360468,1.4578990845199602,2.3077756135852,0.2269211623880225
0.9328395516236576,8.197092236319417,0.13346787943037675,3.3245733690360453,1.4643090845199604,2.5293356135851996,0.2607951623880225
0.8574605516236578,8.232792236319419,0.23153212056962325,3.249173369036047,1.4578990845199602,2.5091956135851996,0.1939621623880225
0.5638815516236577,8.347792236319417,0.3783121205696234,3.1381733690360463,1.4285990845199605,2.3984156135852,0.2269211623880225
0.30997555162365775,8.498592236319418,0.6718921205696233,3.2888733690360468,1.4231090845199605,2.5229256135852,0.24706216238802248
0.38138655162365775,8.42319223631942,0.6718921205696233,3.249173369036047,1.4350090845199603,2.6611656135851995,0.20037016238802247
0.8217555516236577,8.649292236319418,0.4179921205696233,3.701473369036048,1.4816990845199602,2.4881356135851997,0.26720416238802247
1.0439235516236578,8.649292236319418,0.12441212056962336,3.7371733690360465,1.4578990845199602,2.4258756135851995,0.20677916238802252
1.0796285516236577,8.534292236319416,0.09775787943037662,4.038673369036047,1.4643090845199604,2.6053256135851997,0.27452816238802247
1.3375055516236576,8.573992236319416,0.08474212056962327,4.153773369036045,1.4816990845199602,2.7234256135851997,0.1738201623880225
1.1153345516236577,8.609692236319418,0.01332212056962323,4.1894733690360475,1.4762090845199602,2.5714456135851997,0.2269211623880225
1.1153345516236577,8.609692236319418,0.01332212056962323,4.264873369036046,1.4350090845199603,2.5915856135852,0.1802291623880225
0.8574605516236578,8.684992236319417,0.1601121205696232,4.153773369036045,1.4643090845199604,2.4606656135851996,0.20677916238802252
0.8574605516236578,8.573992236319416,0.4536921205696234,3.9276733690360466,1.5174090845199601,2.5091956135851996,0.1939621623880225
0.7860495516236576,8.684992236319417,0.7076021205696232,3.7371733690360465,1.5109990845199603,2.5989156135852,0.2269211623880225
0.6392605516236578,8.649292236319418,0.7829801205696233,3.661773369036048,1.4936090845199606,2.5714456135851997,0.2269211623880225
0.12351305162365772,8.649292236319418,0.8186851205696233,3.4753733690360455,1.4762090845199602,2.5714456135851997,0.20677916238802252
0.23459705162365774,8.724692236319417,1.0011801205696234,3.364273369036045,1.4405090845199604,2.5577156135851995,0.2543871623880225
0.38138655162365775,8.724692236319417,0.9654751205696233,3.364273369036045,1.4350090845199603,2.4670756135851994,0.15367916238802248
0.4924705516236577,8.760392236319419,0.7829801205696233,3.364273369036045,1.4285990845199605,2.4945456135851996,0.24706216238802248
0.45676555162365773,8.835792236319417,0.6361921205696233,3.399973369036047,1.4405090845199604,2.5851756135851995,0.2543871623880225
0.5281765516236577,8.800092236319419,0.5608121205696233,3.4753733690360455,1.4643090845199604,2.5778556135851995,0.1802291623880225
1.0042505516236577,8.724692236319417,0.4179921205696233,3.626073369036046,1.4816990845199602,2.4670756135851994,0.1335371623880225
1.0042505516236577,8.760392236319419,0.3069021205696232,3.661773369036048,1.4697990845199604,2.5430656135851994,0.22051216238802251
1.0042505516236577,8.760392236319419,0.3069021205696232,3.661773369036048,1.4697990845199604,2.5430656135851994,0.22051216238802251
0.7106715516236577,8.609692236319418,0.3426121205696233,3.812573369036045,1.4643090845199604,2.5641256135851997,0.1939621623880225
0.7503445516236578,8.724692236319417,0.6718921205696233,3.8522733690360447,1.4643090845199604,2.5714456135851997,0.2342451623880225
0.3456815516236577,8.800092236319419,0.8186851205696233,4.038673369036047,1.4871990845199603,2.5293356135851996,0.1664961623880225
0.4170925516236577,8.950892236319419,0.9654751205696233,4.114073369036046,1.4871990845199603,2.5641256135851997,0.24706216238802248
0.4170925516236577,8.911192236319419,0.9297691205696232,4.229173369036047,1.4643090845199604,2.6538456135851995,0.21410316238802252
0.5281765516236577,8.911192236319419,0.7472741205696233,4.415573369036046,1.4762090845199602,2.7234256135851997,0.20677916238802252
0.6035545516236578,8.950892236319419,0.7829801205696233,4.455273369036046,1.5055090845199603,2.6538456135851995,0.2607951623880225
0.6035545516236578,8.911192236319419,0.7076021205696232,4.566373369036047,1.5402990845199604,2.5778556135851995,0.22051216238802251
0.7106715516236577,8.950892236319419,0.6361921205696233,4.641773369036045,1.5348090845199605,2.6199656135851996,0.26720416238802247
0.7503445516236578,8.875492236319417,0.4536921205696234,4.6060733690360465,1.5109990845199603,2.7307456135851997,0.21410316238802252
0.8574605516236578,8.875492236319417,0.4536921205696234,4.566373369036047,1.5055090845199603,2.7856756135851994,0.20677916238802252
0.9328395516236576,8.911192236319419,0.4536921205696234,4.340173369036048,1.4990990845199605,2.7444856135851996,0.16008716238802245
1.1153345516236577,9.06189223631942,0.3426121205696233,4.002973369036045,1.5109990845199603,2.5577156135851995,0.20037016238802247
1.0796285516236577,9.026192236319417,0.23153212056962325,4.002973369036045,1.5174090845199601,2.5503856135851994,0.26720416238802247
1.0796285516236577,9.10159223631942,0.3426121205696233,3.812573369036045,1.5228990845199601,2.5155956135852,0.24706216238802248
0.9328395516236576,8.986592236319417,0.4179921205696233,3.701473369036048,1.5467090845199603,2.5293356135851996,0.18663716238802247
0.5281765516236577,8.875492236319417,0.7829801205696233,3.626073369036046,1.5521990845199602,2.6199656135851996,0.27452816238802247
0.38138655162365775,8.835792236319417,1.1836761205696233,3.5150733690360454,1.5759990845199603,2.6263756135851994,0.1802291623880225
0.13039344837634226,8.911192236319419,1.3701381205696233,3.4753733690360455,1.4285990845199605,2.5778556135851995,0.2342451623880225
0.17006644837634227,8.986592236319417,1.4415491205696234,3.399973369036047,1.4166990845199603,2.5366556135851996,0.20677916238802252
0.30997555162365775,8.911192236319419,1.3701381205696233,3.5507733690360475,1.4166990845199603,2.5155956135852,0.28093716238802247
0.5638815516236577,8.911192236319419,0.9654751205696233,3.5903733690360475,1.5695990845199606,2.6263756135851994,0.2406541623880225
0.45676555162365773,8.835792236319417,0.7472741205696233,3.963373369036045,1.6052990845199604,2.7023656135851994,0.27452816238802247
0.8971335516236578,8.950892236319419,0.7829801205696233,4.340173369036048,1.6107890845199604,2.5091956135851996,0.20037016238802247
0.7106715516236577,8.950892236319419,0.6718921205696233,4.455273369036046,1.5402990845199604,2.5366556135851996,0.2342451623880225
0.7860495516236576,9.252392236319416,0.7076021205696232,4.455273369036046,1.5055090845199603,2.7856756135851994,0.3010781623880225
0.38138655162365775,9.403092236319416,0.9654751205696233,4.264873369036046,1.5759990845199603,2.6474356135851997,0.21410316238802252
0.4924705516236577,9.252392236319416,1.0368861205696231,4.229173369036047,1.5814990845199604,2.7096956135851995,0.2342451623880225
0.4924705516236577,9.252392236319416,0.8186851205696233,3.963373369036045,1.5814990845199604,2.7307456135851997,0.22051216238802251
0.9328395516236576,9.176992236319418,0.8543911205696233,3.701473369036048,1.5933990845199602,2.5778556135851995,0.20677916238802252
0.8971335516236578,9.10159223631942,0.8186851205696233,3.5903733690360475,1.5402990845199604,2.4744056135851995,0.1802291623880225
0.9328395516236576,9.10159223631942,0.8940641205696233,3.5150733690360454,1.4816990845199602,2.5430656135851994,0.20677916238802252
0.9328395516236576,9.10159223631942,0.7472741205696233,3.439673369036047,1.4816990845199602,2.5915856135852,0.1802291623880225
0.9328395516236576,9.10159223631942,0.7472741205696233,3.439673369036047,1.4816990845199602,2.5915856135852,0.1802291623880225
1.1510395516236578,9.10159223631942,0.5251021205696234,3.5150733690360454,1.4816990845199602,2.6199656135851996,0.2269211623880225
1.3732055516236576,8.911192236319419,0.4894021205696233,3.439673369036047,1.5640990845199605,2.5915856135852,0.1939621623880225
1.4485855516236577,8.800092236319419,0.4179921205696233,3.4753733690360455,1.5759990845199603,2.6053256135851997,0.21410316238802252
1.1907125516236576,8.609692236319418,0.4536921205696234,3.626073369036046,1.5998090845199604,2.5989156135852,0.2342451623880225
0.9328395516236576,8.609692236319418,0.5608121205696233,3.7371733690360465,1.5814990845199604,2.5430656135851994,0.1802291623880225
0.7503445516236578,8.534292236319416,1.0011801205696234,3.8522733690360447,1.5586090845199605,2.4808056135851997,0.2607951623880225
0.23459705162365774,8.609692236319418,1.2590541205696233,3.9276733690360466,1.5467090845199603,2.4808056135851997,0.20677916238802252
0.13039344837634226,8.800092236319419,1.8462121205696234,4.078373369036047,1.6107890845199604,2.7307456135851997,0.2543871623880225
0.27718244837634226,8.950892236319419,1.8462121205696234,4.153773369036045,1.5467090845199603,2.7792756135851997,0.20677916238802252
0.27718244837634226,8.950892236319419,1.8462121205696234,4.153773369036045,1.5467090845199603,2.7792756135851997,0.20677916238802252
0.31685544837634233,9.06189223631942,1.8065395205696233,4.264873369036046,1.5467090845199603,2.7444856135851996,0.1664961623880225
0.17006644837634227,9.137292236319418,1.6597499205696233,4.304473369036046,1.4990990845199605,2.6749056135852,0.24706216238802248
0.08780755162365772,9.06189223631942,1.5129601205696233,4.229173369036047,1.4871990845199603,2.5577156135851995,0.20037016238802247
0.08780755162365772,8.986592236319417,1.4415491205696234,4.229173369036047,1.5521990845199602,2.5989156135852,0.26720416238802247
0.27030265162365774,8.950892236319419,1.5526331205696233,4.078373369036047,1.5879090845199602,2.7170156135851995,0.24706216238802248
0.27030265162365774,8.875492236319417,1.6240443205696233,3.963373369036045,1.6410090845199603,2.6611656135851995,0.18663716238802247
0.3456815516236577,8.875492236319417,1.7708339205696233,3.7768733690360463,1.6171990845199602,2.5577156135851995,0.21410316238802252
0.23459705162365774,8.875492236319417,1.5883391205696233,3.5507733690360475,1.5586090845199605,2.5366556135851996,0.1939621623880225
0.016396551623657718,8.911192236319419,1.5129601205696233,3.4753733690360455,1.4816990845199602,2.5293356135851996,0.21410316238802252
0.4170925516236577,8.986592236319417,1.5883391205696233,3.364273369036045,1.4936090845199606,2.5366556135851996,0.2406541623880225
0.4170925516236577,8.986592236319417,1.5883391205696233,3.364273369036045,1.4936090845199606,2.5366556135851996,0.2406541623880225
0.45676555162365773,8.875492236319417,1.6240443205696233,3.249173369036047,1.5228990845199601,2.5641256135851997,0.1802291623880225
0.30997555162365775,8.911192236319419,1.6597499205696233,3.0984733690360464,1.5402990845199604,2.6053256135851997,0.2406541623880225
0.3456815516236577,8.986592236319417,1.8065395205696233,2.987373369036046,1.5521990845199602,2.5778556135851995,0.2543871623880225
0.16318595162365773,8.950892236319419,1.8065395205696233,3.213473369036045,1.5109990845199603,2.3636256135852,0.2406541623880225
0.19889152162365772,8.950892236319419,1.8065395205696233,3.3245733690360453,1.5348090845199605,2.3837656135852,0.22051216238802251
0.4170925516236577,8.911192236319419,1.6240443205696233,3.5903733690360475,1.5640990845199605,2.5641256135851997,0.1738201623880225
0.45676555162365773,8.950892236319419,1.3701381205696233,3.8879733690360467,1.6107890845199604,2.6749056135852,0.2269211623880225
0.6749655516236577,8.911192236319419,1.3304651205696234,4.078373369036047,1.6052990845199604,2.6401156135851997,0.2269211623880225
0.8217555516236577,8.911192236319419,1.2233481205696233,4.340173369036048,1.6107890845199604,2.5915856135852,0.1664961623880225
0.8971335516236578,8.875492236319417,1.0011801205696234,4.530673369036048,1.5933990845199602,2.5641256135851997,0.20677916238802252
0.8217555516236577,8.649292236319418,0.9654751205696233,4.415573369036046,1.6345990845199605,2.6337056135851995,0.1802291623880225
0.6035545516236578,8.684992236319417,1.3701381205696233,4.038673369036047,1.6464990845199603,2.5778556135851995,0.1802291623880225
0.27030265162365774,8.649292236319418,1.6240443205696233,3.8522733690360447,1.6171990845199602,2.6199656135851996,0.16008716238802245
0.0946874483763423,8.649292236319418,1.8462121205696234,3.5903733690360475,1.5814990845199604,2.5778556135851995,0.1939621623880225
0.05210155162365773,8.573992236319416,2.0287071205696234,3.399973369036047,1.5640990845199605,2.5989156135852,0.18663716238802247
0.016396551623657718,8.458892236319418,2.135824120569623,3.3245733690360453,1.5521990845199602,2.5641256135851997,0.27452816238802247
0.17006644837634227,8.308192236319417,2.246908120569623,3.2888733690360468,1.5467090845199603,2.5503856135851994,0.20037016238802247
0.27718244837634226,8.573992236319416,2.246908120569623,3.661773369036048,1.5467090845199603,2.5577156135851995,0.10607116238802249
0.023276448376342268,8.684992236319417,2.246908120569623,3.8522733690360447,1.5695990845199606,2.6886356135851996,0.1939621623880225
0.16318595162365773,8.760392236319419,2.246908120569623,4.002973369036045,1.5998090845199604,2.7307456135851997,0.1939621623880225
0.16318595162365773,9.026192236319417,1.9533291205696233,4.379873369036048,1.5521990845199602,2.6822256135852,0.21410316238802252
0.05210155162365773,9.06189223631942,1.8462121205696234,4.530673369036048,1.5348090845199605,2.6263756135851994,0.2543871623880225
0.08780755162365772,9.10159223631942,1.9176231205696233,4.566373369036047,1.5640990845199605,2.5778556135851995,0.15367916238802248
0.13039344837634226,9.026192236319417,1.9533291205696233,4.530673369036048,1.6519890845199603,2.6822256135852,0.21410316238802252
0.13039344837634226,9.026192236319417,1.9533291205696233,4.530673369036048,1.6519890845199603,2.6822256135852,0.21410316238802252
0.0946874483763423,8.950892236319419,2.2112021205696233,4.340173369036048,1.6464990845199603,2.8131456135851995,0.21410316238802252
0.023276448376342268,8.875492236319417,2.246908120569623,4.002973369036045,1.6638890845199605,2.8342056135852,0.16008716238802245
0.17006644837634227,8.950892236319419,2.357992120569623,3.8522733690360447,1.5998090845199604,2.6886356135851996,0.22051216238802251
0.13039344837634226,8.875492236319417,2.357992120569623,3.7371733690360465,1.5109990845199603,2.5293356135851996,0.18663716238802247
0.016396551623657718,8.800092236319419,2.0644131205696232,3.626073369036046,1.5228990845199601,2.4396156135852,0.1939621623880225
0.4924705516236577,8.684992236319417,1.8065395205696233,3.439673369036047,1.5879090845199602,2.6053256135851997,0.1664961623880225
0.7860495516236576,8.609692236319418,1.6597499205696233,3.2888733690360468,1.6226990845199603,2.7170156135851995,0.22051216238802251
0.8217555516236577,8.42319223631942,1.6240443205696233,3.249173369036047,1.6052990845199604,2.6959556135851996,0.1802291623880225
0.7860495516236576,8.534292236319416,1.5129601205696233,3.399973369036047,1.5695990845199606,2.5430656135851994,0.1939621623880225
0.8574605516236578,8.498592236319418,1.5883391205696233,3.5150733690360454,1.5586090845199605,2.4185556135851995,0.22051216238802251
0.7106715516236577,8.609692236319418,1.6240443205696233,3.8879733690360467,1.5695990845199606,2.4185556135851995,0.20677916238802252
0.6749655516236577,8.800092236319419,1.7708339205696233,3.963373369036045,1.6171990845199602,2.5155956135852,0.1335371623880225
0.6749655516236577,8.800092236319419,1.7708339205696233,3.963373369036045,1.6171990845199602,2.5155956135852,0.1335371623880225
0.5638815516236577,8.835792236319417,1.9176231205696233,4.078373369036047,1.6345990845199605,2.6886356135851996,0.27452816238802247
0.16318595162365773,8.911192236319419,1.9533291205696233,4.229173369036047,1.5759990845199603,2.7856756135851994,0.2543871623880225
0.016396551623657718,9.10159223631942,2.135824120569623,4.229173369036047,1.5998090845199604,2.7371556135851995,0.1335371623880225
0.13039344837634226,9.176992236319418,2.3222861205696232,4.264873369036046,1.6226990845199603,2.6611656135851995,0.1939621623880225
0.3882664483763422,9.137292236319418,2.2826141205696233,4.229173369036047,1.5695990845199606,2.7234256135851997,0.2406541623880225
0.3882664483763422,9.06189223631942,2.3222861205696232,3.8879733690360467,1.5814990845199604,2.7444856135851996,0.1802291623880225
0.17006644837634227,9.06189223631942,2.246908120569623,3.7371733690360465,1.5759990845199603,2.6474356135851997,0.1664961623880225
0.13039344837634226,8.950892236319419,2.2826141205696233,3.661773369036048,1.5228990845199601,2.5229256135852,0.21410316238802252
0.13039344837634226,8.986592236319417,2.3222861205696232,3.439673369036047,1.5998090845199604,2.5503856135851994,0.1738201623880225
0.0946874483763423,8.875492236319417,2.135824120569623,3.3245733690360453,1.6107890845199604,2.6053256135851997,0.20037016238802247
0.3456815516236577,8.835792236319417,2.175497120569623,3.213473369036045,1.6052990845199604,2.5714456135851997,0.2269211623880225
0.4924705516236577,8.649292236319418,2.175497120569623,3.399973369036047,1.5759990845199603,2.4744056135851995,0.1262131623880225
0.16318595162365773,8.498592236319418,2.3222861205696232,3.7371733690360465,1.5402990845199604,2.5430656135851994,0.1664961623880225
0.016396551623657718,8.609692236319418,2.6118981205696232,3.812573369036045,1.6171990845199602,2.6053256135851997,0.16008716238802245
0.35256144837634223,8.724692236319417,2.798362120569623,4.002973369036045,1.5814990845199604,2.7096956135851995,0.26720416238802247
0.3882664483763422,9.06189223631942,2.941182120569623,4.1894733690360475,1.5586090845199605,2.7371556135851995,0.14635416238802246
0.4993504483763423,9.176992236319418,2.8697721205696234,4.229173369036047,1.5174090845199601,2.7792756135851997,0.26720416238802247
0.27718244837634226,9.026192236319417,2.5047821205696232,4.153773369036045,1.5640990845199605,2.7444856135851996,0.18663716238802247
0.20577144837634226,8.800092236319419,2.3936981205696233,4.002973369036045,1.5879090845199602,2.6538456135851995,0.3276291623880225
0.19889152162365772,8.498592236319418,2.2112021205696233,3.701473369036048,1.6107890845199604,2.5714456135851997,0.1939621623880225
0.30997555162365775,8.498592236319418,2.175497120569623,3.5903733690360475,1.6638890845199605,2.5915856135852,0.1939621623880225
0.4170925516236577,8.573992236319416,2.246908120569623,3.213473369036045,1.6345990845199605,2.5989156135852,0.20677916238802252
0.19889152162365772,8.42319223631942,2.5047821205696232,3.2888733690360468,1.4816990845199602,2.4606656135851996,0.21410316238802252
0.023276448376342268,8.308192236319417,2.5404871205696233,3.364273369036045,1.5055090845199603,2.4945456135851996,0.1802291623880225
0.24147744837634227,8.347792236319417,2.722982120569623,3.661773369036048,1.5402990845199604,2.5989156135852,0.1738201623880225
0.35256144837634223,8.458892236319418,3.274432120569623,4.078373369036047,1.6638890845199605,2.7023656135851994,0.16008716238802245
0.3882664483763422,8.609692236319418,3.199052120569623,4.114073369036046,1.5933990845199602,2.7719456135851996,0.14635416238802246
0.5350564483763423,8.760392236319419,3.2347621205696235,4.340173369036048,1.5283990845199602,2.7582156135852,0.28093716238802247
0.4636454483763423,8.986592236319417,3.1633521205696233,4.304473369036046,1.4524090845199602,2.6401156135851997,0.1335371623880225
0.3882664483763422,8.986592236319417,3.0522621205696234,4.1894733690360475,1.5348090845199605,2.5778556135851995,0.22051216238802251
0.3882664483763422,8.986592236319417,3.0522621205696234,4.1894733690360475,1.5348090845199605,2.5778556135851995,0.22051216238802251
0.42397244837634224,8.950892236319419,3.016562120569623,4.078373369036047,1.5467090845199603,2.6749056135852,0.27452816238802247
0.31685544837634233,8.911192236319419,2.8697721205696234,3.8879733690360467,1.6290990845199604,2.7307456135851997,0.15367916238802248
0.20577144837634226,8.911192236319419,2.7586921205696235,3.7371733690360465,1.6519890845199603,2.7096956135851995,0.1664961623880225
0.023276448376342268,8.835792236319417,2.7586921205696235,3.661773369036048,1.6638890845199605,2.5366556135851996,0.2607951623880225
0.35256144837634223,8.800092236319419,2.7586921205696235,3.701473369036048,1.6171990845199602,2.4396156135852,0.1738201623880225
0.24147744837634227,8.724692236319417,2.9808521205696232,3.626073369036046,1.6052990845199604,2.4744056135851995,0.18663716238802247
0.35256144837634223,8.724692236319417,3.1276421205696234,3.7371733690360465,1.5759990845199603,2.5851756135851995,0.21410316238802252
0.35256144837634223,8.800092236319419,3.1633521205696233,3.8879733690360467,1.5467090845199603,2.7023656135851994,0.2342451623880225
0.31685544837634233,8.986592236319417,3.3458421205696234,4.153773369036045,1.5640990845199605,2.7170156135851995,0.1664961623880225
0.4993504483763423,8.986592236319417,3.417262120569623,4.490973369036045,1.5759990845199603,2.6959556135851996,0.1939621623880225
0.4993504483763423,8.986592236319417,3.417262120569623,4.490973369036045,1.5759990845199603,2.6959556135851996,0.1939621623880225
0.4636454483763423,9.026192236319417,3.3458421205696234,4.717073369036047,1.5998090845199604,2.6886356135851996,0.20037016238802247
0.27718244837634226,8.950892236319419,3.2347621205696235,4.832173369036045,1.6410090845199603,2.7096956135851995,0.15367916238802248
0.20577144837634226,8.875492236319417,3.0879721205696233,4.832173369036045,1.6052990845199604,2.7930056135851995,0.1939621623880225
0.13039344837634226,8.800092236319419,3.0522621205696234,4.7924733690360455,1.5933990845199602,2.7582156135852,0.20677916238802252
0.0946874483763423,8.835792236319417,2.9054821205696233,4.530673369036048,1.6290990845199604,2.6263756135851994,0.20677916238802252
0.023276448376342268,8.950892236319419,2.941182120569623,4.379873369036048,1.6171990845199602,2.6538456135851995,0.20037016238802247
0.023276448376342268,8.986592236319417,2.8697721205696234,4.153773369036045,1.6345990845199605,2.6401156135851997,0.1738201623880225
0.16318595162365773,9.026192236319417,2.8697721205696234,3.8879733690360467,1.6290990845199604,2.6199656135851996,0.20037016238802247
0.016396551623657718,8.875492236319417,2.7586921205696235,3.7371733690360465,1.6410090845199603,2.6199656135851996,0.18663716238802247
0.20577144837634226,8.835792236319417,3.0879721205696233,3.364273369036045,1.5640990845199605,2.4121456135851997,0.15367916238802248
0.4636454483763423,8.800092236319419,3.2347621205696235,3.5507733690360475,1.6171990845199602,2.4258756135851995,0.15367916238802248
0.7929294483763423,8.835792236319417,3.4569321205696233,3.5507733690360475,1.5998090845199604,2.4808056135851997,0.2269211623880225
0.8643444483763423,8.875492236319417,3.7108321205696235,3.812573369036045,1.6638890845199605,2.5503856135851994,0.18663716238802247
0.7929294483763423,8.986592236319417,3.8933321205696236,4.038673369036047,1.6702990845199603,2.6474356135851997,0.16008716238802245
0.9040144483763424,8.950892236319419,3.8933321205696236,4.1894733690360475,1.5998090845199604,2.7096956135851995,0.1939621623880225
0.6104344483763422,9.176992236319418,3.8219221205696234,4.229173369036047,1.5640990845199605,2.7170156135851995,0.20037016238802247
0.6104344483763422,9.137292236319418,3.5640421205696233,4.264873369036046,1.4816990845199602,2.7307456135851997,0.22051216238802251
0.35256144837634223,9.06189223631942,3.5640421205696233,4.114073369036046,1.5402990845199604,2.7170156135851995,0.1664961623880225
0.4636454483763423,8.911192236319419,3.3815521205696233,3.812573369036045,1.6171990845199602,2.7096956135851995,0.18663716238802247
0.24147744837634227,8.950892236319419,3.3815521205696233,3.626073369036046,1.6107890845199604,2.6611656135851995,0.14635416238802246
0.31685544837634233,9.06189223631942,3.274432120569623,3.5903733690360475,1.6052990845199604,2.5503856135851994,0.22051216238802251
0.31685544837634233,9.10159223631942,3.199052120569623,3.5903733690360475,1.5998090845199604,2.5018656135851995,0.2269211623880225
0.35256144837634223,9.176992236319418,3.199052120569623,3.701473369036048,1.5879090845199602,2.6611656135851995,0.1335371623880225
0.5707614483763424,9.403092236319416,3.528342120569623,4.078373369036047,1.6107890845199604,2.6474356135851997,0.21410316238802252
0.7929294483763423,9.403092236319416,3.7108321205696235,4.490973369036045,1.5998090845199604,2.6053256135851997,0.18663716238802247
0.4993504483763423,9.403092236319416,3.7505121205696232,4.566373369036047,1.5933990845199602,2.7371556135851995,0.1939621623880225
0.31685544837634233,9.327692236319418,3.492632120569623,4.455273369036046,1.5879090845199602,2.8067356135851997,0.22051216238802251
0.20577144837634226,9.252392236319416,3.3458421205696234,4.229173369036047,1.5640990845199605,2.6684956135851996,0.1738201623880225
0.24147744837634227,9.327692236319418,3.2347621205696235,4.078373369036047,1.5228990845199601,2.6126456135851996,0.22051216238802251
0.12351305162365772,9.327692236319418,3.199052120569623,3.812573369036045,1.5814990845199604,2.5714456135851997,0.15367916238802248
0.12351305162365772,9.327692236319418,3.199052120569623,3.812573369036045,1.5814990845199604,2.5714456135851997,0.15367916238802248
0.23459705162365774,9.212692236319416,2.9808521205696232,3.701473369036048,1.6702990845199603,2.6053256135851997,0.21410316238802252
0.23459705162365774,9.10159223631942,2.8697721205696234,3.5903733690360475,1.6410090845199603,2.6126456135851996,0.16008716238802245
0.30997555162365775,8.986592236319417,3.0879721205696233,3.364273369036045,1.6757990845199604,2.4945456135851996,0.1335371623880225
0.16318595162365773,9.026192236319417,3.0879721205696233,3.399973369036047,1.6171990845199602,2.4121456135851997,0.28093716238802247
0.17006644837634227,8.986592236319417,3.1633521205696233,3.5150733690360454,1.5402990845199604,2.4185556135851995,0.14635416238802246
0.27718244837634226,9.026192236319417,3.274432120569623,3.7768733690360463,1.5467090845199603,2.5503856135851994,0.16008716238802245
0.5350564483763423,8.986592236319417,3.492632120569623,4.002973369036045,1.5640990845199605,2.6538456135851995,0.2543871623880225
0.6461404483763422,9.137292236319418,3.7108321205696235,4.114073369036046,1.6583990845199605,2.6959556135851996,0.1738201623880225
0.8286344483763424,9.288092236319418,4.004412120569623,4.1894733690360475,1.6638890845199605,2.7444856135851996,0.20677916238802252
1.0508044483763423,9.363492236319416,4.115502120569623,4.415573369036046,1.5759990845199603,2.7655356135852,0.1802291623880225
0.9397144483763424,9.514192236319417,4.186912120569623,4.455273369036046,1.5055090845199603,2.6959556135851996,0.1802291623880225
1.0111344483763423,9.438792236319419,4.186912120569623,4.304473369036046,1.5174090845199601,2.6538456135851995,0.26720416238802247
1.0508044483763423,9.363492236319416,4.226582120569623,4.153773369036045,1.5467090845199603,2.6749056135852,0.1738201623880225
0.9754244483763423,9.288092236319418,4.333702120569623,3.9276733690360466,1.5879090845199602,2.7096956135851995,0.1262131623880225
0.9754244483763423,9.288092236319418,4.333702120569623,3.9276733690360466,1.5879090845199602,2.7096956135851995,0.1262131623880225
0.9040144483763424,9.137292236319418,4.226582120569623,3.9276733690360466,1.5640990845199605,2.6886356135851996,0.20037016238802247
0.7929294483763423,9.10159223631942,4.151202120569623,3.8522733690360447,1.5586090845199605,2.6684956135851996,0.15367916238802248
0.6461404483763422,9.026192236319417,4.079792120569623,3.9276733690360466,1.5933990845199602,2.6126456135851996,0.1738201623880225
0.7175514483763423,9.06189223631942,4.004412120569623,4.078373369036047,1.5759990845199603,2.5915856135852,0.1939621623880225
0.8643444483763423,9.137292236319418,4.151202120569623,4.114073369036046,1.5998090845199604,2.6199656135851996,0.14635416238802246
0.7175514483763423,9.327692236319418,4.186912120569623,4.340173369036048,1.6171990845199602,2.6538456135851995,0.1664961623880225
0.8643444483763423,9.478492236319418,4.115502120569623,4.641773369036045,1.5759990845199603,2.6684956135851996,0.2269211623880225
0.7929294483763423,9.589592236319419,4.186912120569623,4.7924733690360455,1.6171990845199602,2.7371556135851995,0.16008716238802245
0.9754244483763423,9.629292236319419,4.186912120569623,4.943273369036046,1.6702990845199603,2.7930056135851995,0.20677916238802252
0.8643444483763423,9.74029223631942,4.186912120569623,4.907573369036047,1.6702990845199603,2.8131456135851995,0.16008716238802245
0.7572244483763422,9.775992236319418,4.262292120569623,4.867873369036047,1.6995990845199604,2.7930056135851995,0.1335371623880225
0.7175514483763423,9.629292236319419,4.262292120569623,4.681373369036045,1.5933990845199602,2.7792756135851997,0.2543871623880225
0.6461404483763422,9.438792236319419,4.151202120569623,4.566373369036047,1.5228990845199601,2.7655356135852,0.20677916238802252
0.7572244483763422,9.212692236319416,4.004412120569623,4.379873369036048,1.4936090845199606,2.7170156135851995,0.1262131623880225
0.31685544837634233,9.10159223631942,4.151202120569623,4.002973369036045,1.6410090845199603,2.5577156135851995,0.1802291623880225
0.24147744837634227,8.986592236319417,4.079792120569623,3.7371733690360465,1.6876990845199602,2.6263756135851994,0.16008716238802245
0.20577144837634226,8.911192236319419,3.9330021205696237,3.7371733690360465,1.6876990845199602,2.7096956135851995,0.20037016238802247
0.17006644837634227,8.911192236319419,3.7862121205696235,4.078373369036047,1.5759990845199603,2.5293356135851996,0.14635416238802246
0.20577144837634226,9.06189223631942,3.8576221205696237,4.304473369036046,1.6052990845199604,2.4945456135851996,0.16008716238802245
0.31685544837634233,9.176992236319418,4.079792120569623,4.455273369036046,1.6171990845199602,2.6611656135851995,0.14635416238802246
0.8643444483763423,9.06189223631942,4.262292120569623,4.6060733690360465,1.6638890845199605,2.8900456135851997,0.22051216238802251
1.0865044483763424,9.10159223631942,4.591572120569623,4.455273369036046,1.6410090845199603,2.7719456135851996,0.1738201623880225
1.1579244483763422,9.212692236319416,4.702662120569623,4.114073369036046,1.6290990845199604,2.6959556135851996,0.11339516238802248
1.3443844483763423,8.986592236319417,4.845482120569623,3.812573369036045,1.4990990845199605,2.7096956135851995,0.1939621623880225
1.2332944483763424,8.835792236319417,4.845482120569623,3.7371733690360465,1.5228990845199601,2.6337056135851995,0.2269211623880225
1.0865044483763424,8.724692236319417,4.662982120569623,3.8879733690360467,1.5933990845199602,2.5577156135851995,0.09966216238802249
1.1975944483763423,8.684992236319417,4.662982120569623,3.9276733690360466,1.5998090845199604,2.6053256135851997,0.24706216238802248
0.8286344483763424,8.800092236319419,4.809772120569623,4.1894733690360475,1.6519890845199603,2.6959556135851996,0.15367916238802248
0.7929294483763423,8.950892236319419,4.774072120569623,4.304473369036046,1.5467090845199603,2.7719456135851996,0.1939621623880225
0.9040144483763424,9.10159223631942,4.662982120569623,4.229173369036047,1.4871990845199603,2.7508856135852,0.10607116238802249
0.9040144483763424,9.212692236319416,4.627282120569623,4.1894733690360475,1.4578990845199602,2.6822256135852,0.20677916238802252
0.9397144483763424,9.176992236319418,4.662982120569623,4.1894733690360475,1.4871990845199603,2.5714456135851997,0.16008716238802245
1.0865044483763424,9.06189223631942,4.738362120569623,3.963373369036045,1.5933990845199602,2.5851756135851995,0.1335371623880225
1.3443844483763423,8.875492236319417,4.920862120569623,3.7768733690360463,1.6410090845199603,2.7096956135851995,0.24706216238802248
1.5268744483763423,8.835792236319417,5.103352120569624,3.5507733690360475,1.6757990845199604,2.7234256135851997,0.11339516238802248
1.8204544483763425,8.458892236319418,5.250142120569623,3.173873369036045,1.5521990845199602,2.4881356135851997,0.15367916238802248
1.4157944483763423,8.347792236319417,5.432642120569623,2.987373369036046,1.4990990845199605,2.4945456135851996,0.1399461623880225
1.3800844483763424,8.121692236319419,5.250142120569623,3.0984733690360464,1.4459990845199604,2.5851756135851995,0.27452816238802247
1.5268744483763423,8.27239223631942,5.0319421205696235,3.1381733690360463,1.4643090845199604,2.5989156135852,0.1399461623880225
1.3086744483763424,8.308192236319417,4.992272120569623,3.5150733690360454,1.5402990845199604,2.5430656135851994,0.1664961623880225
1.0508044483763423,8.232792236319419,4.9565621205696235,3.7768733690360463,1.6171990845199602,2.4670756135851994,0.1802291623880225
0.8286344483763424,8.308192236319417,4.920862120569623,3.963373369036045,1.6519890845199603,2.4670756135851994,0.15367916238802248
0.6818454483763423,8.121692236319419,4.809772120569623,4.002973369036045,1.6822090845199602,2.7096956135851995,0.1939621623880225
0.6818454483763423,8.232792236319419,4.627282120569623,3.9276733690360466,1.6226990845199603,2.8415256135852,0.2342451623880225
0.6818454483763423,8.308192236319417,4.444782120569624,3.7371733690360465,1.5348090845199605,2.7023656135851994,0.1335371623880225
0.4993504483763423,8.347792236319417,4.516192120569623,3.5507733690360475,1.5174090845199601,2.5018656135851995,0.1399461623880225
0.5350564483763423,8.197092236319417,4.444782120569624,3.4753733690360455,1.4578990845199602,2.3773556135851996,0.20677916238802252
0.7929294483763423,8.161392236319418,4.444782120569624,3.364273369036045,1.4990990845199605,2.4606656135851996,0.2406541623880225
0.7929294483763423,8.27239223631942,4.702662120569623,3.3245733690360453,1.6519890845199603,2.5641256135851997,0.1664961623880225
1.1579244483763422,8.197092236319417,4.845482120569623,3.439673369036047,1.7407990845199603,2.5577156135851995,0.16008716238802245
1.3443844483763423,8.121692236319419,5.067652120569623,3.5150733690360454,1.7874890845199602,2.4460156135851996,0.1802291623880225
1.4554644483763424,8.121692236319419,5.250142120569623,3.812573369036045,1.7114990845199602,2.5091956135851996,0.11980416238802248
1.6736644483763423,8.232792236319419,5.214442120569624,4.002973369036045,1.5695990845199606,2.6126456135851996,0.26720416238802247
1.3086744483763424,8.347792236319417,5.214442120569624,4.153773369036045,1.4816990845199602,2.6749056135852,0.1738201623880225
1.2690044483763423,8.534292236319416,5.178732120569624,4.153773369036045,1.4871990845199603,2.8067356135851997,0.20037016238802247
1.3086744483763424,8.649292236319418,5.103352120569624,4.153773369036045,1.4697990845199604,2.8689956135851995,0.24706216238802248
1.2332944483763424,8.950892236319419,5.178732120569624,4.002973369036045,1.4990990845199605,2.7508856135852,0.15367916238802248
1.0111344483763423,8.986592236319417,5.103352120569624,3.9276733690360466,1.5348090845199605,2.6199656135851996,0.2269211623880225
1.0111344483763423,8.986592236319417,4.845482120569623,3.7371733690360465,1.5640990845199605,2.5229256135852,0.20037016238802247
1.0111344483763423,8.724692236319417,4.992272120569623,3.364273369036045,1.7050890845199604,2.6401156135851997,0.2342451623880225
1.2690044483763423,8.649292236319418,5.0319421205696235,3.213473369036045,1.6226990845199603,2.5851756135851995,0.1399461623880225
1.1222144483763423,8.42319223631942,5.103352120569624,3.062773369036048,1.5402990845199604,2.4744056135851995,0.1939621623880225
1.4157944483763423,8.197092236319417,5.214442120569624,3.439673369036047,1.3993090845199605,2.5018656135851995,0.15367916238802248
1.4911744483763423,8.383492236319416,5.321552120569623,3.5507733690360475,1.5283990845199602,2.6263756135851994,0.2269211623880225
1.7490444483763423,8.835792236319417,5.468342120569623,3.963373369036045,1.6583990845199605,2.6959556135851996,0.15367916238802248
1.6736644483763423,8.835792236319417,5.361222120569623,4.078373369036047,1.5879090845199602,2.6474356135851997,0.2607951623880225
1.0111344483763423,8.800092236319419,4.992272120569623,3.7768733690360463,1.5283990845199602,2.5915856135852,0.1939621623880225
0.7572244483763422,8.458892236319418,4.920862120569623,3.364273369036045,1.5695990845199606,2.6401156135851997,0.14635416238802246
0.6104344483763422,8.308192236319417,4.774072120569623,3.439673369036047,1.6107890845199604,2.5366556135851996,0.22051216238802251
0.42397244837634224,8.347792236319417,4.885152120569623,3.626073369036046,1.6410090845199603,2.4881356135851997,0.20677916238802252
0.6104344483763422,8.458892236319418,4.774072120569623,3.7768733690360463,1.6290990845199604,2.5851756135851995,0.2269211623880225
0.8643444483763423,8.573992236319416,4.885152120569623,3.9276733690360466,1.6226990845199603,2.6053256135851997,0.2607951623880225
0.7929294483763423,8.760392236319419,5.103352120569624,4.002973369036045,1.6171990845199602,2.6337056135851995,0.2406541623880225
0.7929294483763423,8.684992236319417,5.178732120569624,4.1894733690360475,1.5586090845199605,2.6474356135851997,0.1939621623880225
1.0865044483763424,8.800092236319419,5.285852120569623,4.153773369036045,1.5174090845199601,2.7170156135851995,0.2607951623880225
1.0865044483763424,8.800092236319419,5.285852120569623,4.153773369036045,1.5174090845199601,2.7170156135851995,0.2607951623880225
1.3800844483763424,8.875492236319417,5.361222120569623,3.8522733690360447,1.5640990845199605,2.7655356135852,0.21410316238802252
1.6379644483763423,8.911192236319419,5.615132120569624,3.661773369036048,1.6171990845199602,2.7234256135851997,0.18663716238802247
1.8561644483763424,9.176992236319418,5.726222120569623,3.3245733690360453,1.6290990845199604,2.5430656135851994,0.21410316238802252
2.0426244483763423,9.10159223631942,5.944422120569623,3.213473369036045,1.6410090845199603,2.4533456135851996,0.22051216238802251
2.078334448376342,9.06189223631942,6.166582120569623,3.023073369036048,1.5879090845199602,2.5577156135851995,0.1802291623880225
2.002954448376342,8.835792236319417,6.238002120569623,2.8365733690360457,1.5759990845199603,2.5641256135851997,0.3276291623880225
2.260824448376342,8.800092236319419,6.055502120569623,2.570773369036047,1.5283990845199602,2.5091956135851996,0.2406541623880225
2.1140344483763425,8.609692236319418,6.166582120569623,2.7215733690360473,1.5109990845199603,2.5430656135851994,0.18663716238802247
2.1140344483763425,8.458892236319418,6.238002120569623,3.023073369036048,1.4459990845199604,2.4744056135851995,0.24706216238802248
1.9315444483763424,8.308192236319417,6.166582120569623,3.399973369036047,1.4166990845199603,2.4121456135851997,0.18663716238802247
1.6736644483763423,8.308192236319417,6.202292120569623,3.5903733690360475,1.4990990845199605,2.5915856135852,0.2543871623880225
1.6022544483763423,8.534292236319416,6.091212120569623,3.626073369036046,1.5228990845199601,2.7508856135852,0.26720416238802247
1.6379644483763423,8.800092236319419,5.837302120569623,3.626073369036046,1.5586090845199605,2.7994156135851997,0.1262131623880225
1.6379644483763423,8.800092236319419,5.837302120569623,3.626073369036046,1.5586090845199605,2.7994156135851997,0.1262131623880225
1.6379644483763423,8.950892236319419,5.761922120569623,3.661773369036048,1.5402990845199604,2.7023656135851994,0.2543871623880225
1.3443844483763423,8.986592236319417,5.726222120569623,3.5903733690360475,1.4643090845199604,2.5851756135851995,0.22051216238802251
1.4157944483763423,8.835792236319417,5.6508421205696235,3.5150733690360454,1.4871990845199603,2.4808056135851997,0.1335371623880225
1.4554644483763424,8.684992236319417,5.690512120569624,3.4753733690360455,1.5879090845199602,2.6126456135851996,0.24706216238802248
1.5268744483763423,8.42319223631942,5.726222120569623,3.4753733690360455,1.6464990845199603,2.7170156135851995,0.1939621623880225
1.6379644483763423,8.27239223631942,5.797632120569623,3.701473369036048,1.6995990845199604,2.6401156135851997,0.18663716238802247
1.7847544483763422,8.27239223631942,6.019792120569623,3.8879733690360467,1.6583990845199605,2.4744056135851995,0.2607951623880225
1.8561644483763424,8.27239223631942,6.091212120569623,4.229173369036047,1.5879090845199602,2.4808056135851997,0.1939621623880225
2.0426244483763423,8.347792236319417,6.126912120569623,4.490973369036045,1.5109990845199603,2.6822256135852,0.2269211623880225
1.7093744483763422,8.347792236319417,6.126912120569623,4.490973369036045,1.5586090845199605,2.8552556135851996,0.20037016238802247
1.3800844483763424,8.534292236319416,6.055502120569623,4.455273369036046,1.6226990845199603,2.9248356135852,0.2543871623880225
1.4157944483763423,8.684992236319417,5.908712120569623,4.530673369036048,1.5402990845199604,2.8964556135851995,0.2946701623880225
1.4554644483763424,8.724692236319417,5.690512120569624,4.455273369036046,1.5283990845199602,2.7234256135851997,0.1738201623880225
1.2332944483763424,8.573992236319416,5.6508421205696235,4.264873369036046,1.5640990845199605,2.5915856135852,0.1939621623880225
0.7572244483763422,8.684992236319417,5.615132120569624,3.626073369036046,1.6995990845199604,2.6886356135851996,0.22051216238802251
0.9040144483763424,8.649292236319418,5.5080121205696235,3.439673369036047,1.6876990845199602,2.7170156135851995,0.2543871623880225
1.1579244483763422,8.609692236319418,5.5080121205696235,3.213473369036045,1.6052990845199604,2.5778556135851995,0.21410316238802252
1.1579244483763422,8.534292236319416,5.6508421205696235,3.213473369036045,1.4990990845199605,2.4185556135851995,0.21410316238802252
1.5625844483763422,8.42319223631942,5.873002120569623,3.626073369036046,1.5467090845199603,2.5155956135852,0.1738201623880225
1.7847544483763422,8.458892236319418,6.019792120569623,3.7768733690360463,1.6290990845199604,2.7170156135851995,0.2873451623880225
1.8204544483763425,8.498592236319418,6.202292120569623,3.8522733690360447,1.7407990845199603,2.7234256135851997,0.2342451623880225
2.296534448376342,8.875492236319417,6.495872120569623,3.9276733690360466,1.5640990845199605,2.5851756135851995,0.2543871623880225
2.4076144483763424,8.986592236319417,6.531572120569623,3.5507733690360475,1.4871990845199603,2.5989156135852,0.1939621623880225
2.002954448376342,9.026192236319417,6.602992120569623,3.2888733690360468,1.5814990845199604,2.6337056135851995,0.28093716238802247
2.0426244483763423,8.800092236319419,6.313372120569623,3.5903733690360475,1.5521990845199602,2.5577156135851995,0.2342451623880225
1.8958344483763425,8.649292236319418,6.420492120569623,3.701473369036048,1.5759990845199603,2.3984156135852,0.2946701623880225
1.6379644483763423,8.684992236319417,6.567282120569623,3.9276733690360466,1.5759990845199603,2.4460156135851996,0.20677916238802252
1.7847544483763422,8.800092236319419,6.420492120569623,4.153773369036045,1.6290990845199604,2.8131456135851995,0.2543871623880225
1.7847544483763422,8.800092236319419,6.420492120569623,4.153773369036045,1.6290990845199604,2.8131456135851995,0.2543871623880225
1.7490444483763423,8.875492236319417,6.349082120569623,4.1894733690360475,1.5174090845199601,2.8900456135851997,0.2269211623880225
1.6379644483763423,9.026192236319417,6.273702120569623,4.078373369036047,1.4936090845199606,2.7023656135851994,0.1738201623880225
1.7490444483763423,9.06189223631942,6.238002120569623,4.002973369036045,1.4643090845199604,2.4670756135851994,0.2543871623880225
1.7847544483763422,9.026192236319417,6.166582120569623,3.8522733690360447,1.5055090845199603,2.4945456135851996,0.20677916238802252
2.078334448376342,8.835792236319417,6.313372120569623,3.5903733690360475,1.6171990845199602,2.6053256135851997,0.2406541623880225
2.0426244483763423,8.800092236319419,6.531572120569623,3.249173369036047,1.6822090845199602,2.5851756135851995,0.20037016238802247
2.078334448376342,8.760392236319419,6.531572120569623,2.947673369036046,1.7050890845199604,2.5851756135851995,0.26720416238802247
2.3362044483763422,8.760392236319419,6.602992120569623,2.761273369036047,1.5402990845199604,2.4808056135851997,0.20037016238802247
2.3362044483763422,8.684992236319417,6.896562120569623,2.7969733690360457,1.4643090845199604,2.2803056135852,0.3276291623880225
2.260824448376342,8.573992236319416,6.896562120569623,2.947673369036046,1.5055090845199603,2.3773556135851996,0.2406541623880225
1.8204544483763425,8.573992236319416,6.896562120569623,3.173873369036045,1.5879090845199602,2.5714456135851997,0.18663716238802247
1.8958344483763425,8.42319223631942,6.825152120569623,3.399973369036047,1.5521990845199602,2.6474356135851997,0.27452816238802247
1.8958344483763425,8.42319223631942,6.825152120569623,3.399973369036047,1.5521990845199602,2.6474356135851997,0.27452816238802247
2.002954448376342,8.383492236319416,6.678362120569623,3.5507733690360475,1.4643090845199604,2.5989156135852,0.2342451623880225
1.8958344483763425,8.458892236319418,6.678362120569623,3.5150733690360454,1.4405090845199604,2.4881356135851997,0.2946701623880225
1.6736644483763423,8.498592236319418,6.642662120569623,3.3245733690360453,1.4231090845199605,2.5091956135851996,0.27452816238802247
1.4157944483763423,8.573992236319416,6.567282120569623,3.364273369036045,1.4578990845199602,2.6611656135851995,0.21410316238802252
1.4157944483763423,8.458892236319418,6.384782120569623,3.173873369036045,1.5467090845199603,2.8131456135851995,0.2406541623880225
1.3086744483763424,8.534292236319416,6.202292120569623,3.2888733690360468,1.5640990845199605,2.6959556135851996,0.22051216238802251
1.4554644483763424,8.42319223631942,6.166582120569623,3.5903733690360475,1.5814990845199604,2.3700356135851997,0.24706216238802248
1.7490444483763423,8.161392236319418,6.238002120569623,4.038673369036047,1.6464990845199603,2.4185556135851995,0.18663716238802247
1.9672444483763423,8.161392236319418,6.420492120569623,4.264873369036046,1.6931890845199602,2.7307456135851997,0.2342451623880225
2.002954448376342,8.308192236319417,6.460162120569623,4.264873369036046,1.7050890845199604,2.8900456135851997,0.26720416238802247
2.0426244483763423,8.498592236319418,6.642662120569623,4.340173369036048,1.6052990845199604,2.8763156135851995,0.20037016238802247
2.078334448376342,8.42319223631942,6.602992120569623,4.264873369036046,1.5283990845199602,2.6749056135852,0.2543871623880225
2.296534448376342,8.458892236319418,6.567282120569623,4.153773369036045,1.4405090845199604,2.5155956135852,0.20037016238802247
2.260824448376342,8.42319223631942,6.749772120569623,3.7768733690360463,1.4990990845199605,2.5091956135851996,0.22051216238802251
2.078334448376342,8.197092236319417,6.860862120569623,3.5150733690360454,1.6345990845199605,2.5641256135851997,0.28093716238802247
2.002954448376342,7.895592236319416,6.936242120569623,3.062773369036048,1.5759990845199603,2.5714456135851997,0.1802291623880225
2.1894144483763425,7.970892236319418,6.971942120569623,2.7215733690360473,1.4459990845199604,2.4258756135851995,0.2607951623880225
2.3719044483763425,8.010592236319418,6.936242120569623,2.6461733690360454,1.3224020845199602,2.3773556135851996,0.22051216238802251
1.9315444483763424,7.935192236319416,7.079062120569623,2.947673369036046,1.4524090845199602,2.5714456135851997,0.2543871623880225
1.8958344483763425,7.895592236319416,6.971942120569623,3.0984733690360464,1.5814990845199604,2.6401156135851997,0.1802291623880225
2.2251244483763424,7.820192236319418,6.495872120569623,3.439673369036047,1.5521990845199602,2.5293356135851996,0.24706216238802248
2.2251244483763424,7.7447922363194195,6.420492120569623,3.3245733690360453,1.5109990845199603,2.3984156135852,0.20037016238802247
1.9315444483763424,7.709092236319417,6.602992120569623,2.9119733690360476,1.5467090845199603,2.5778556135851995,0.1738201623880225
2.1497444483763424,7.7447922363194195,6.678362120569623,2.8365733690360457,1.6583990845199605,2.6053256135851997,0.3212201623880225
2.002954448376342,7.593992236319419,6.789452120569623,3.3245733690360453,1.5998090845199604,2.2592556135851996,0.28093716238802247
2.3719044483763425,7.407592236319417,6.749772120569623,3.5507733690360475,1.5109990845199603,2.3700356135851997,0.27452816238802247
1.8958344483763425,7.482992236319419,7.265522120569623,3.3245733690360453,1.5348090845199605,2.7719456135851996,0.2607951623880225
1.6736644483763423,7.518692236319417,7.154442120569623,3.2888733690360468,1.4762090845199602,2.6959556135851996,0.2342451623880225
1.7847544483763422,7.482992236319419,6.936242120569623,3.173873369036045,1.3700090845199604,2.5915856135852,0.3340371623880225
2.0426244483763423,7.367892236319417,6.642662120569623,3.062773369036048,1.3288100845199604,2.4945456135851996,0.24706216238802248
1.8561644483763424,7.332192236319418,6.714072120569623,2.7969733690360457,1.4459990845199604,2.3837656135852,0.21410316238802252
1.4911744483763423,6.990992236319418,6.789452120569623,2.2335733690360478,1.6822090845199602,2.5293356135851996,0.20677916238802252
1.4911744483763423,6.990992236319418,6.789452120569623,2.2335733690360478,1.6822090845199602,2.5293356135851996,0.20677916238802252
1.7093744483763422,6.689492236319417,6.495872120569623,2.1224733690360473,1.6171990845199602,2.5155956135852,0.2269211623880225
1.6736644483763423,6.689492236319417,6.420492120569623,2.047173369036045,1.5174090845199601,2.3077756135852,0.28093716238802247
1.7847544483763422,6.7291922363194185,6.273702120569623,2.0828733690360473,1.4643090845199604,2.0514256135851996,0.22051216238802251
1.8204544483763425,6.840292236319417,6.349082120569623,2.384373369036048,1.4936090845199606,2.4744056135851995,0.2946701623880225
1.7847544483763422,6.915592236319419,6.460162120569623,2.4200733690360465,1.5521990845199602,2.6822256135852,0.28093716238802247
1.9315444483763424,7.0306922363194175,6.642662120569623,2.535073369036045,1.5814990845199604,2.6538456135851995,0.1939621623880225
2.2251244483763424,7.0306922363194175,6.789452120569623,2.4200733690360465,1.5586090845199605,2.4258756135851995,0.28093716238802247
2.4433244483763423,7.0306922363194175,6.860862120569623,2.4597733690360464,1.5109990845199603,2.2180556135851996,0.20677916238802252
2.4433244483763423,6.915592236319419,7.007652120569623,2.535073369036045,1.4990990845199605,2.2244656135852,0.21410316238802252
2.4433244483763423,6.915592236319419,7.007652120569623,2.535073369036045,1.4990990845199605,2.2244656135852,0.21410316238802252
2.4433244483763423,6.764892236319417,7.154442120569623,2.384373369036048,1.5228990845199601,2.3498856135851995,0.3010781623880225
2.3362044483763422,6.804592236319417,7.483722120569623,2.495473369036045,1.5933990845199602,2.4881356135851997,0.15367916238802248
2.3362044483763422,6.915592236319419,7.555132120569623,2.6858733690360452,1.5814990845199604,2.5641256135851997,0.2342451623880225
2.554404448376342,7.0306922363194175,7.555132120569623,3.023073369036048,1.4524090845199602,2.5851756135851995,0.3010781623880225
2.4829944483763424,7.141792236319418,7.594812120569623,3.213473369036045,1.3874090845199603,2.5430656135851994,0.15367916238802248
2.5186944483763423,7.217192236319416,7.519432120569623,3.439673369036047,1.3938090845199604,2.5229256135852,0.2873451623880225
2.6654844483763425,7.181392236319418,7.555132120569623,3.661773369036048,1.3874090845199603,2.5641256135851997,0.3010781623880225
2.5901144483763425,7.141792236319418,7.630512120569623,3.5507733690360475,1.5109990845199603,2.7170156135851995,0.2406541623880225
2.4433244483763423,7.066392236319416,7.555132120569623,3.4753733690360455,1.5640990845199605,2.7792756135851997,0.3138961623880225
2.4433244483763423,7.066392236319416,7.555132120569623,3.4753733690360455,1.5640990845199605,2.7792756135851997,0.3138961623880225
2.7011944483763424,7.141792236319418,7.301232120569623,3.0984733690360464,1.5586090845199605,2.4881356135851997,0.2342451623880225
2.6654844483763425,7.256792236319416,7.265522120569623,2.7215733690360473,1.5228990845199601,2.4322856135852,0.27452816238802247
2.7765744483763424,7.217192236319416,7.225852120569623,2.570773369036047,1.5402990845199604,2.4185556135851995,0.2406541623880225
2.7765744483763424,7.217192236319416,7.225852120569623,2.570773369036047,1.5402990845199604,2.4185556135851995,0.2406541623880225
2.7369044483763423,7.141792236319418,7.412312120569623,2.308973369036046,1.5640990845199605,2.4460156135851996,0.2873451623880225
2.4829944483763424,7.141792236319418,7.555132120569623,2.2692733690360463,1.5640990845199605,2.4670756135851994,0.21410316238802252
2.5186944483763423,7.066392236319416,7.555132120569623,2.308973369036046,1.5695990845199606,2.4258756135851995,0.22051216238802251
2.7011944483763424,7.066392236319416,7.630512120569623,2.6461733690360454,1.4936090845199606,2.3910856135852,0.26720416238802247
2.5186944483763423,7.217192236319416,7.813012120569623,2.6461733690360454,1.4697990845199604,2.4048256135851998,0.2873451623880225
2.4433244483763423,7.2924922363194185,7.813012120569623,2.610473369036047,1.3993090845199605,2.4606656135851996,0.2406541623880225
2.7011944483763424,7.443292236319419,7.924092120569623,2.4200733690360465,1.3526190845199602,2.5155956135852,0.24706216238802248
2.4829944483763424,7.443292236319419,7.924092120569623,2.384373369036048,1.4762090845199602,2.3498856135851995,0.20037016238802247
2.5186944483763423,7.332192236319418,7.777302120569623,2.4200733690360465,1.5348090845199605,2.3352456135851996,0.3010781623880225
2.1894144483763425,7.0306922363194175,7.555132120569623,2.947673369036046,1.6583990845199605,2.4121456135851997,0.2342451623880225
2.260824448376342,6.990992236319418,7.372642120569623,3.062773369036048,1.5879090845199602,2.4396156135852,0.3212201623880225
2.1894144483763425,7.2924922363194185,7.301232120569623,3.213473369036045,1.4643090845199604,2.5155956135852,0.20677916238802252
2.002954448376342,7.367892236319417,7.265522120569623,3.2888733690360468,1.4047990845199605,2.5989156135852,0.3010781623880225
1.9315444483763424,7.2924922363194185,7.154442120569623,2.9119733690360476,1.5586090845199605,2.5018656135851995,0.2946701623880225
1.9672444483763423,7.217192236319416,7.043352120569623,2.610473369036047,1.5879090845199602,2.3215056135851997,0.26720416238802247
2.1497444483763424,7.141792236319418,6.936242120569623,2.3446733690360446,1.6226990845199603,2.1832656135851995,0.20037016238802247
2.0426244483763423,6.840292236319417,7.301232120569623,1.932073369036047,1.6464990845199603,2.3288356135851997,0.2543871623880225
2.3362044483763422,6.915592236319419,7.448022120569623,1.5948733690360477,1.5759990845199603,2.3288356135851997,0.2342451623880225
2.3362044483763422,6.915592236319419,7.448022120569623,1.5948733690360477,1.5759990845199603,2.3288356135851997,0.2342451623880225
2.4433244483763423,6.990992236319418,7.519432120569623,1.5194733690360458,1.4762090845199602,2.3636256135852,0.20677916238802252
2.5186944483763423,7.106092236319419,7.630512120569623,1.7813733690360465,1.3938090845199604,2.2803056135852,0.2543871623880225
2.629784448376342,7.106092236319419,7.848712120569623,1.932073369036047,1.3407120845199603,2.1695256135851997,0.2269211623880225
2.5901144483763425,6.990992236319418,7.924092120569623,2.047173369036045,1.4112090845199603,2.2244656135852,0.28093716238802247
3.030474448376342,6.879892236319417,8.031212120569624,2.1978733690360457,1.4350090845199603,2.4322856135852,0.2342451623880225
3.1772644483763424,6.764892236319417,8.142292120569623,2.3446733690360446,1.4697990845199604,2.5018656135851995,0.26720416238802247
3.1415644483763425,6.7291922363194185,8.217672120569624,2.2335733690360478,1.5055090845199603,2.4670756135851994,0.20037016238802247
3.030474448376342,6.764892236319417,8.178002120569623,2.2692733690360463,1.4459990845199604,2.4533456135851996,0.2607951623880225
2.9590644483763424,6.7291922363194185,8.070882120569623,2.3446733690360446,1.4524090845199602,2.3837656135852,0.3340371623880225
2.9947744483763423,6.764892236319417,7.959802120569623,2.4597733690360464,1.4643090845199604,2.3837656135852,0.22051216238802251
2.9590644483763424,6.7291922363194185,7.959802120569623,2.610473369036047,1.5109990845199603,2.4396156135852,0.21410316238802252
2.812274448376342,6.7291922363194185,8.031212120569624,2.8365733690360457,1.5695990845199606,2.4258756135851995,0.2873451623880225
2.7765744483763424,6.689492236319417,7.959802120569623,3.173873369036045,1.5521990845199602,2.3837656135852,0.22051216238802251
2.7011944483763424,6.7291922363194185,7.924092120569623,3.364273369036045,1.5055090845199603,2.4533456135851996,0.2873451623880225
2.6654844483763425,6.689492236319417,7.888392120569623,3.399973369036047,1.5055090845199603,2.5503856135851994,0.2607951623880225
2.4829944483763424,6.653792236319418,7.888392120569623,3.2888733690360468,1.4762090845199602,2.6263756135851994,0.2406541623880225
2.4076144483763424,6.764892236319417,7.813012120569623,3.173873369036045,1.4459990845199604,2.6126456135851996,0.2543871623880225
2.4829944483763424,6.955292236319419,7.701922120569623,3.062773369036048,1.4285990845199605,2.5430656135851994,0.2543871623880225
2.6654844483763425,7.066392236319416,7.777302120569623,2.761273369036047,1.4350090845199603,2.4808056135851997,0.2607951623880225
2.5901144483763425,6.955292236319419,7.741602120569623,2.4597733690360464,1.5348090845199605,2.3562956135852,0.2873451623880225
2.6654844483763425,6.879892236319417,7.924092120569623,2.2692733690360463,1.5759990845199603,2.2867156135851996,0.1664961623880225
2.629784448376342,6.879892236319417,7.924092120569623,2.1224733690360473,1.6583990845199605,2.3352456135851996,0.24706216238802248
2.812274448376342,6.764892236319417,7.959802120569623,1.8209733690360466,1.5933990845199602,2.3425656135851995,0.3276291623880225
2.812274448376342,6.502992236319418,7.995502120569623,2.0828733690360473,1.3993090845199605,2.2940456135851996,0.2873451623880225
2.812274448376342,6.502992236319418,7.995502120569623,2.0828733690360473,1.3993090845199605,2.2940456135851996,0.2873451623880225
2.7369044483763423,6.578392236319418,8.106592120569623,2.308973369036046,1.3462090845199604,2.2867156135851996,0.2946701623880225
2.8836844483763424,6.689492236319417,8.070882120569623,2.2692733690360463,1.3754990845199604,2.4396156135852,0.20037016238802247
2.9947744483763423,6.804592236319417,8.178002120569623,2.3446733690360446,1.4166990845199603,2.6199656135851996,0.2946701623880225
2.7765744483763424,6.764892236319417,8.217672120569624,2.2335733690360478,1.4697990845199604,2.5577156135851995,0.2946701623880225
2.7011944483763424,6.689492236319417,8.106592120569623,2.1978733690360457,1.4871990845199603,2.3773556135851996,0.2269211623880225
2.629784448376342,6.653792236319418,7.777302120569623,2.2335733690360478,1.5467090845199603,2.2317856135852,0.18663716238802247
2.629784448376342,6.653792236319418,7.701922120569623,2.3446733690360446,1.5467090845199603,2.3013656135851996,0.2269211623880225
2.4076144483763424,6.653792236319418,7.701922120569623,2.4597733690360464,1.5640990845199605,2.3984156135852,0.24706216238802248
2.260824448376342,6.879892236319417,7.813012120569623,2.761273369036047,1.4697990845199604,2.4670756135851994,0.28093716238802247
2.4076144483763424,6.955292236319419,7.701922120569623,2.7969733690360457,1.4112090845199603,2.4606656135851996,0.2269211623880225
2.2251244483763424,6.955292236319419,7.666222120569623,2.7215733690360473,1.3938090845199604,2.4322856135852,0.2873451623880225
2.1497444483763424,6.840292236319417,7.372642120569623,2.6461733690360454,1.4524090845199602,2.4048256135851998,0.2873451623880225
2.296534448376342,6.764892236319417,7.412312120569623,2.2692733690360463,1.4936090845199606,2.4185556135851995,0.27452816238802247
2.4829944483763424,6.689492236319417,7.519432120569623,1.8209733690360466,1.5759990845199603,2.3013656135851996,0.2946701623880225
2.4829944483763424,6.7291922363194185,7.630512120569623,1.6305733690360462,1.5402990845199604,2.2244656135852,0.2946701623880225
2.7011944483763424,6.955292236319419,7.666222120569623,1.1425733690360467,1.4231090845199605,2.2592556135851996,0.3074871623880225
2.7011944483763424,6.618092236319418,7.888392120569623,1.479773369036046,1.3938090845199604,2.1557956135852,0.28093716238802247
2.9590644483763424,6.653792236319418,7.995502120569623,1.5551733690360479,1.4231090845199605,2.2043156135852,0.2946701623880225
2.9590644483763424,6.3919922363194175,8.289082120569624,1.896373369036045,1.4578990845199602,2.3700356135851997,0.22051216238802251
2.812274448376342,6.3919922363194175,8.178002120569623,1.7813733690360465,1.4816990845199602,2.4322856135852,0.24706216238802248
2.7011944483763424,6.2768922363194175,8.217672120569624,1.8209733690360466,1.3993090845199605,2.4533456135851996,0.2342451623880225
2.6654844483763425,6.352292236319418,8.178002120569623,1.856673369036045,1.3635990845199601,2.3700356135851997,0.27452816238802247
2.629784448376342,6.3919922363194175,7.959802120569623,2.158173369036046,1.3581090845199602,2.3150956135852,0.2269211623880225
2.7369044483763423,6.3919922363194175,7.848712120569623,2.4200733690360465,1.3819090845199602,2.2803056135852,0.2946701623880225
2.7369044483763423,6.3919922363194175,7.848712120569623,2.4200733690360465,1.3819090845199602,2.2803056135852,0.2946701623880225
2.6654844483763425,6.241192236319417,8.031212120569624,2.987373369036046,1.6290990845199604,2.3837656135852,0.20037016238802247
2.5186944483763423,6.241192236319417,8.031212120569624,3.023073369036048,1.6822090845199602,2.4945456135851996,0.2946701623880225
2.554404448376342,6.316592236319417,8.031212120569624,3.0984733690360464,1.6290990845199604,2.5229256135852,0.18663716238802247
2.5901144483763425,6.2768922363194175,7.888392120569623,3.1381733690360463,1.5283990845199602,2.5155956135852,0.2607951623880225
2.5186944483763423,6.201492236319417,7.848712120569623,3.023073369036048,1.3938090845199604,2.4258756135851995,0.26720416238802247
2.4829944483763424,6.316592236319417,7.888392120569623,2.7215733690360473,1.3993090845199605,2.4048256135851998,0.2342451623880225
2.4829944483763424,6.316592236319417,7.888392120569623,2.7215733690360473,1.3993090845199605,2.4048256135851998,0.2342451623880225
2.5186944483763423,6.3919922363194175,7.924092120569623,2.4597733690360464,1.3874090845199603,2.4744056135851995,0.24706216238802248
2.7011944483763424,6.427692236319418,7.959802120569623,2.2692733690360463,1.4166990845199603,2.4945456135851996,0.2607951623880225
2.5901144483763425,6.427692236319418,8.070882120569623,1.9717733690360468,1.4990990845199605,2.4048256135851998,0.2342451623880225
2.7369044483763423,6.316592236319417,8.106592120569623,1.7455733690360447,1.5283990845199602,2.3013656135851996,0.2406541623880225
2.8836844483763424,6.241192236319417,8.142292120569623,1.5551733690360479,1.5283990845199602,2.2244656135852,0.2543871623880225
3.030474448376342,6.165792236319417,8.289082120569624,1.5948733690360477,1.4990990845199605,2.1759356135852,0.2607951623880225
2.8836844483763424,6.126092236319417,8.364462120569623,1.6305733690360462,1.5055090845199603,2.2107256135851996,0.24706216238802248
2.7765744483763424,6.015092236319418,8.507282120569624,1.670273369036046,1.4762090845199602,2.3013656135851996,0.1802291623880225
2.8836844483763424,5.9753922363194185,8.400172120569623,1.7455733690360447,1.4112090845199603,2.3562956135852,0.2946701623880225
3.1415644483763425,6.050792236319417,8.400172120569623,1.7813733690360465,1.3526190845199602,2.3773556135851996,0.2269211623880225
3.1415644483763425,6.015092236319418,8.507282120569624,1.6305733690360462,1.3700090845199604,2.2803056135852,0.2406541623880225
2.9590644483763424,5.824592236319418,8.507282120569624,1.7059733690360481,1.4166990845199603,2.2940456135851996,0.2342451623880225
3.030474448376342,5.598492236319418,8.400172120569623,1.856673369036045,1.4816990845199602,2.2729856135852,0.28093716238802247
2.9947744483763423,5.411992236319417,8.400172120569623,1.856673369036045,1.5586090845199605,2.2043156135852,0.2406541623880225
2.812274448376342,5.487392236319417,8.400172120569623,2.0828733690360473,1.6052990845199604,2.1622056135851997,0.27452816238802247
2.6654844483763425,5.411992236319417,8.217672120569624,2.2692733690360463,1.5998090845199604,2.1484756135852,0.1939621623880225
2.7765744483763424,5.372392236319417,8.031212120569624,2.4200733690360465,1.4816990845199602,2.2528456135851997,0.21410316238802252
2.6654844483763425,5.447692236319417,8.106592120569623,2.2692733690360463,1.4405090845199604,2.3773556135851996,0.2607951623880225
2.5901144483763425,5.562792236319417,8.217672120569624,1.9717733690360468,1.4459990845199604,2.4121456135851997,0.3010781623880225
2.5186944483763423,5.673892236319418,8.106592120569623,1.896373369036045,1.4231090845199605,2.3636256135852,0.2607951623880225
2.629784448376342,5.713492236319418,7.995502120569623,1.7059733690360481,1.4350090845199603,2.3498856135851995,0.3138961623880225
2.5901144483763425,5.713492236319418,7.888392120569623,1.479773369036046,1.3754990845199604,2.2381956135851997,0.2342451623880225
2.4829944483763424,5.598492236319418,7.924092120569623,1.217973369036045,1.4350090845199603,2.0935456135851997,0.2873451623880225
2.4829944483763424,5.5230922363194175,7.848712120569623,0.9521733690360463,1.4936090845199606,2.0587556135851997,0.26720416238802247
2.5901144483763425,5.447692236319417,7.848712120569623,0.6902733690360456,1.4762090845199602,2.1274156135851996,0.27452816238802247
2.7011944483763424,5.411992236319417,7.959802120569623,0.5038733690360466,1.4350090845199603,2.1274156135851996,0.26720416238802247
3.030474448376342,5.2215922363194185,8.178002120569623,0.7299733690360455,1.4524090845199602,2.0651556135852,0.2269211623880225
2.923364448376342,5.150192236319418,8.289082120569624,0.6902733690360456,1.4578990845199602,2.1210056135852,0.3138961623880225
3.0701544483763423,5.261292236319418,8.289082120569624,0.7656733690360475,1.4166990845199603,2.1136856135852,0.2406541623880225
3.0701544483763423,5.150192236319418,8.289082120569624,0.9164733690360478,1.3288100845199604,2.0788956135851997,0.24706216238802248
3.105854448376342,4.999392236319418,8.217672120569624,0.9164733690360478,1.2464130845199604,1.9891756135852,0.2342451623880225
2.8836844483763424,4.884392236319417,8.289082120569624,0.8807733690360458,1.2583150845199604,1.9891756135852,0.2873451623880225
2.923364448376342,4.848692236319417,8.324792120569624,0.9521733690360463,1.3874090845199603,2.1072756135851995,0.2342451623880225
3.030474448376342,4.808992236319417,8.289082120569624,1.0275733690360447,1.5174090845199601,2.2107256135851996,0.24706216238802248
3.0701544483763423,4.848692236319417,8.400172120569623,1.1782733690360452,1.5759990845199603,2.2381956135851997,0.2946701623880225
2.923364448376342,4.999392236319418,8.471582120569623,1.5194733690360458,1.6345990845199605,2.1695256135851997,0.21410316238802252
2.8836844483763424,4.884392236319417,8.400172120569623,1.670273369036046,1.5640990845199605,2.1347356135851996,0.2342451623880225
2.9590644483763424,4.848692236319417,8.364462120569623,1.7059733690360481,1.4405090845199604,2.1557956135852,0.28093716238802247
2.847984448376342,4.924092236319417,8.253382120569624,1.7455733690360447,1.3343040845199603,2.2107256135851996,0.24706216238802248
2.5901144483763425,4.924092236319417,8.178002120569623,1.7455733690360447,1.3050070845199604,2.2729856135852,0.2543871623880225
2.629784448376342,4.959792236319418,8.142292120569623,1.7455733690360447,1.3050070845199604,2.3562956135852,0.3340371623880225
2.812274448376342,4.884392236319417,8.142292120569623,1.670273369036046,1.3819090845199602,2.3288356135851997,0.22051216238802251
2.7765744483763424,4.848692236319417,8.142292120569623,1.293373369036047,1.6052990845199604,2.2043156135852,0.2873451623880225
2.7369044483763423,4.808992236319417,8.070882120569623,1.0671733690360448,1.6290990845199604,2.1557956135852,0.24706216238802248
2.7011944483763424,4.924092236319417,7.959802120569623,0.9164733690360478,1.5467090845199603,2.1136856135852,0.2607951623880225
2.7011944483763424,4.924092236319417,7.959802120569623,0.9164733690360478,1.5467090845199603,2.1136856135852,0.2607951623880225
2.6654844483763425,4.999392236319418,7.888392120569623,0.579273369036045,1.4643090845199604,2.0376956135852,0.3340371623880225
2.629784448376342,4.924092236319417,7.924092120569623,0.5395733690360451,1.3288100845199604,1.9754356135851998,0.2406541623880225
2.5901144483763425,4.884392236319417,7.813012120569623,0.614973369036047,1.2995140845199602,1.9617056135851998,0.27452816238802247
2.5901144483763425,4.848692236319417,7.848712120569623,0.7656733690360475,1.3169090845199602,2.0450156135852,0.2946701623880225
2.629784448376342,4.848692236319417,7.995502120569623,0.8410733690360459,1.4350090845199603,2.1695256135851997,0.2873451623880225
2.6654844483763425,4.848692236319417,8.031212120569624,0.8410733690360459,1.5586090845199605,2.2867156135851996,0.2543871623880225
2.812274448376342,4.808992236319417,8.070882120569623,0.9164733690360478,1.5640990845199605,2.2729856135852,0.20037016238802247
2.8836844483763424,4.884392236319417,8.070882120569623,0.8410733690360459,1.4990990845199605,2.0999456135852,0.3138961623880225
2.8836844483763424,4.884392236319417,8.070882120569623,0.8410733690360459,1.4990990845199605,2.0999456135852,0.3138961623880225
2.812274448376342,4.848692236319417,8.142292120569623,0.9918733690360462,1.4459990845199604,1.9617056135851998,0.26720416238802247
2.7765744483763424,4.884392236319417,8.217672120569624,0.9521733690360463,1.4112090845199603,1.9543856135851998,0.24706216238802248
2.7369044483763423,4.848692236319417,8.178002120569623,1.1028733690360468,1.3874090845199603,2.0788956135851997,0.2946701623880225
2.7369044483763423,4.884392236319417,8.070882120569623,1.3687733690360453,1.4643090845199604,2.2244656135852,0.2342451623880225
2.7011944483763424,4.808992236319417,8.142292120569623,1.5551733690360479,1.4112090845199603,2.2244656135852,0.24706216238802248
2.7011944483763424,4.808992236319417,8.142292120569623,1.5551733690360479,1.4112090845199603,2.2244656135852,0.24706216238802248
2.923364448376342,4.808992236319417,8.178002120569623,1.5551733690360479,1.3581090845199602,2.1905856135851995,0.2406541623880225
3.030474448376342,4.884392236319417,8.178002120569623,1.4044733690360474,1.3700090845199604,2.2107256135851996,0.2873451623880225
2.8836844483763424,4.884392236319417,8.217672120569624,1.217973369036045,1.4524090845199602,2.3013656135851996,0.20037016238802247
2.554404448376342,4.924092236319417,8.217672120569624,1.0275733690360447,1.5055090845199603,2.2592556135851996,0.24706216238802248
2.629784448376342,4.959792236319418,8.106592120569623,0.9164733690360478,1.4405090845199604,2.1420656135851996,0.27452816238802247
2.7765744483763424,4.924092236319417,7.995502120569623,0.614973369036047,1.4047990845199605,2.0239656135851996,0.20677916238802252
2.7765744483763424,4.924092236319417,7.924092120569623,0.4284733690360447,1.3754990845199604,1.8994456135851998,0.1939621623880225
2.4433244483763423,4.658292236319419,7.701922120569623,0.1269733690360475,1.3754990845199604,2.0724856135852,0.22051216238802251
2.629784448376342,4.697892236319417,7.741602120569623,0.06342663096395285,1.4231090845199605,2.2317856135852,0.1939621623880225
2.6654844483763425,4.808992236319417,7.777302120569623,0.17452663096395327,1.4231090845199605,2.1759356135852,0.2873451623880225
2.4829944483763424,4.884392236319417,7.813012120569623,0.011873369036045744,1.4459990845199604,2.0029056135851997,0.2269211623880225
2.4433244483763423,4.808992236319417,7.701922120569623,0.1269733690360475,1.4459990845199604,1.9131856135852,0.2269211623880225
2.5186944483763423,4.733592236319417,7.701922120569623,0.23807336903604792,1.4047990845199605,1.9543856135851998,0.2543871623880225
2.3719044483763425,4.5828922363194184,7.701922120569623,0.277673369036048,1.3993090845199605,2.0166356135852,0.2406541623880225
2.260824448376342,4.5828922363194184,7.630512120569623,0.35307336903604636,1.3874090845199603,2.0166356135852,0.2342451623880225
2.2251244483763424,4.658292236319419,7.594812120569623,0.3134733690360463,1.3635990845199601,2.0239656135851996,0.2342451623880225
2.260824448376342,4.6224922363194185,7.555132120569623,0.5395733690360451,1.3288100845199604,2.1136856135852,0.2342451623880225
2.4433244483763423,4.697892236319417,7.777302120569623,0.9521733690360463,1.4816990845199602,2.0788956135851997,0.26720416238802247
2.4829944483763424,4.658292236319419,7.848712120569623,1.253673369036047,1.6107890845199604,2.1557956135852,0.1802291623880225
2.4829944483763424,4.658292236319419,7.848712120569623,1.253673369036047,1.6107890845199604,2.1557956135852,0.1802291623880225
2.4076144483763424,4.5828922363194184,7.848712120569623,1.5551733690360479,1.6464990845199603,2.1484756135852,0.2607951623880225
2.554404448376342,4.658292236319419,7.924092120569623,1.670273369036046,1.5348090845199605,2.0999456135852,0.2946701623880225
2.554404448376342,4.658292236319419,7.959802120569623,1.5948733690360477,1.4578990845199602,2.0651556135852,0.20037016238802247
2.629784448376342,4.773292236319417,8.070882120569623,1.5551733690360479,1.3407120845199603,2.1210056135852,0.2946701623880225
2.5901144483763425,4.733592236319417,8.106592120569623,1.5551733690360479,1.2757100845199605,2.1557956135852,0.2342451623880225
2.629784448376342,4.884392236319417,8.178002120569623,1.4044733690360474,1.3114150845199604,2.2729856135852,0.2406541623880225
2.7369044483763423,4.884392236319417,8.217672120569624,1.1782733690360452,1.3635990845199601,2.3773556135851996,0.26720416238802247
2.923364448376342,4.924092236319417,8.253382120569624,0.8410733690360459,1.4285990845199605,2.2803056135852,0.2607951623880225
3.0701544483763423,4.808992236319417,8.253382120569624,0.8053733690360474,1.4697990845199604,2.0862156135851997,0.2406541623880225
3.0701544483763423,4.808992236319417,8.324792120569624,0.6902733690360456,1.5174090845199601,1.9617056135851998,0.2946701623880225
3.105854448376342,4.848692236319417,8.471582120569623,0.4284733690360447,1.4990990845199605,1.9195956135852,0.14635416238802246
3.2169444483763425,4.848692236319417,8.507282120569624,0.162673369036046,1.4762090845199602,1.9891756135852,0.2946701623880225
3.1415644483763425,4.848692236319417,8.400172120569623,0.20237336903604586,1.3874090845199603,2.0788956135851997,0.27452816238802247
3.0701544483763423,4.733592236319417,8.471582120569623,0.38877336903604487,1.3581090845199602,2.1072756135851995,0.22051216238802251
2.9590644483763424,4.658292236319419,8.435872120569623,0.4641733690360468,1.3169090845199602,2.0788956135851997,0.2873451623880225
2.9590644483763424,4.658292236319419,8.435872120569623,0.4641733690360468,1.3169090845199602,2.0788956135851997,0.2873451623880225
3.0701544483763423,4.6224922363194185,8.289082120569624,0.38877336903604487,1.3407120845199603,2.1420656135851996,0.2269211623880225
3.030474448376342,4.5828922363194184,8.324792120569624,0.4284733690360447,1.3462090845199604,2.2244656135852,0.2342451623880225
2.847984448376342,4.547192236319418,8.253382120569624,0.4284733690360447,1.3993090845199605,2.1759356135852,0.28093716238802247
2.7369044483763423,4.547192236319418,8.217672120569624,0.5395733690360451,1.4112090845199603,2.0724856135852,0.20037016238802247
2.7369044483763423,4.547192236319418,8.217672120569624,0.579273369036045,1.4459990845199604,1.9891756135852,0.2946701623880225
2.7765744483763424,4.507492236319418,8.178002120569623,0.6545733690360471,1.4871990845199603,1.8994456135851998,0.1939621623880225
2.6654844483763425,4.547192236319418,8.106592120569623,0.8053733690360474,1.4697990845199604,1.9543856135851998,0.20037016238802247
2.4829944483763424,4.547192236319418,8.106592120569623,0.9521733690360463,1.4350090845199603,2.1484756135852,0.2607951623880225
2.4076144483763424,4.507492236319418,8.070882120569623,1.1028733690360468,1.4459990845199604,2.2317856135852,0.20677916238802252
2.3362044483763422,4.471792236319418,8.031212120569624,1.1425733690360467,1.3343040845199603,2.2107256135851996,0.2406541623880225
2.3362044483763422,4.697892236319417,7.959802120569623,0.8053733690360474,1.3526190845199602,2.0724856135852,0.22051216238802251
2.3362044483763422,4.773292236319417,8.031212120569624,0.8410733690360459,1.4047990845199605,2.0376956135852,0.24706216238802248
2.3719044483763425,4.773292236319417,7.959802120569623,0.6902733690360456,1.4643090845199604,2.0303656135851997,0.26720416238802247
2.554404448376342,4.658292236319419,8.106592120569623,0.5038733690360466,1.5283990845199602,2.0450156135852,0.20037016238802247
2.554404448376342,4.5828922363194184,8.106592120569623,0.20237336903604586,1.5174090845199601,1.9891756135852,0.28093716238802247
2.629784448376342,4.396392236319418,8.178002120569623,0.05157336903604559,1.4231090845199605,1.9131856135852,0.2406541623880225
2.6654844483763425,4.396392236319418,8.178002120569623,0.09912663096395491,1.3819090845199602,1.9479756135851998,0.1939621623880225
2.629784448376342,4.396392236319418,8.142292120569623,0.289626630963955,1.3462090845199604,1.9342356135852,0.3074871623880225
2.7011944483763424,4.507492236319418,8.106592120569623,0.5514266309639524,1.3407120845199603,1.8994456135851998,0.2406541623880225
2.8836844483763424,4.396392236319418,8.178002120569623,0.5117266309639525,1.3754990845199604,1.9479756135851998,0.18663716238802247
2.812274448376342,4.432092236319418,8.217672120569624,0.47602663096395403,1.3874090845199603,1.9131856135852,0.3010781623880225
2.7765744483763424,4.281392236319418,8.178002120569623,0.3650266309639534,1.3938090845199604,1.8436056135852,0.2269211623880225
2.7369044483763423,4.130592236319417,8.217672120569624,0.32532663096395353,1.4459990845199604,2.0239656135851996,0.3010781623880225
2.7369044483763423,4.019492236319417,8.217672120569624,0.17452663096395327,1.4112090845199603,2.0239656135851996,0.20677916238802252
2.554404448376342,3.979792236319417,8.289082120569624,0.06342663096395285,1.3874090845199603,1.9406456135852,0.3010781623880225
2.4433244483763423,3.979792236319417,8.289082120569624,0.011873369036045744,1.3343040845199603,1.9131856135852,0.21410316238802252
2.629784448376342,4.019492236319417,8.106592120569623,0.4284733690360447,1.3526190845199602,1.9406456135852,0.3074871623880225
2.5901144483763425,4.130592236319417,8.178002120569623,0.614973369036047,1.4285990845199605,2.0029056135851997,0.22051216238802251
2.554404448376342,4.170292236319417,8.217672120569624,0.8053733690360474,1.5174090845199601,2.0166356135852,0.2946701623880225
2.4076144483763424,4.245692236319417,8.217672120569624,0.9521733690360463,1.5228990845199601,2.0166356135852,0.2342451623880225
2.4829944483763424,4.245692236319417,8.142292120569623,0.9918733690360462,1.5055090845199603,2.0651556135852,0.22051216238802251
2.4829944483763424,4.320992236319418,8.070882120569623,0.8410733690360459,1.4459990845199604,2.0862156135851997,0.3010781623880225
2.4829944483763424,4.396392236319418,8.031212120569624,0.8053733690360474,1.4285990845199605,1.9681156135851998,0.2342451623880225
2.3719044483763425,4.356692236319418,8.031212120569624,0.6902733690360456,1.4112090845199603,1.9131856135852,0.2543871623880225
2.260824448376342,4.356692236319418,7.995502120569623,0.614973369036047,1.4350090845199603,1.9891756135852,0.3010781623880225
2.3362044483763422,4.320992236319418,7.995502120569623,0.4284733690360447,1.4871990845199603,2.0239656135851996,0.2269211623880225
2.4076144483763424,4.320992236319418,7.959802120569623,0.20237336903604586,1.4697990845199604,1.9891756135852,0.20677916238802252
2.554404448376342,4.320992236319418,7.888392120569623,0.09912663096395491,1.4405090845199604,1.8710656135852,0.3074871623880225
2.554404448376342,4.320992236319418,7.995502120569623,0.17452663096395327,1.3819090845199602,1.8371956135852,0.2269211623880225
2.4433244483763423,4.170292236319417,7.995502120569623,0.3650266309639534,1.3938090845199604,1.8371956135852,0.20037016238802247
2.4433244483763423,4.019492236319417,8.106592120569623,0.47602663096395403,1.3635990845199601,1.9342356135852,0.3010781623880225
2.4433244483763423,3.944092236319417,8.142292120569623,0.5117266309639525,1.3874090845199603,2.0029056135851997,0.2269211623880225
2.629784448376342,3.944092236319417,8.106592120569623,0.32532663096395353,1.3169090845199602,1.8573356135852,0.2873451623880225
2.554404448376342,3.8687922363194183,8.106592120569623,0.44032663096395197,1.3407120845199603,1.8646556135852,0.27452816238802247
2.5186944483763423,3.8687922363194183,8.142292120569623,0.4007266309639519,1.3169090845199602,1.9543856135851998,0.22051216238802251
2.5186944483763423,3.8687922363194183,8.142292120569623,0.4007266309639519,1.3169090845199602,1.9543856135851998,0.22051216238802251
2.5186944483763423,3.793392236319418,8.178002120569623,0.3650266309639534,1.3288100845199604,1.9827656135851999,0.2873451623880225
2.554404448376342,3.7536922363194183,8.178002120569623,0.289626630963955,1.3874090845199603,1.9543856135851998,0.2269211623880225
2.554404448376342,3.717992236319418,8.289082120569624,0.09912663096395491,1.4762090845199602,1.8857156135851998,0.2342451623880225
2.629784448376342,3.642592236319418,8.324792120569624,0.011873369036045744,1.4643090845199604,1.7886756135851998,0.2269211623880225
2.7011944483763424,3.642592236319418,8.253382120569624,0.20237336903604586,1.4871990845199603,1.8573356135852,0.20037016238802247
2.6654844483763425,3.793392236319418,8.324792120569624,0.4641733690360468,1.5055090845199603,2.0303656135851997,0.2406541623880225
2.5901144483763425,3.8687922363194183,8.435872120569623,0.3134733690360463,1.4524090845199602,2.0862156135851997,0.24706216238802248
2.5186944483763423,3.979792236319417,8.471582120569623,0.3134733690360463,1.4231090845199605,2.0724856135852,0.22051216238802251
2.7765744483763424,3.979792236319417,8.400172120569623,0.23807336903604792,1.3581090845199602,1.9827656135851999,0.2406541623880225
2.847984448376342,4.019492236319417,8.364462120569623,0.08727336903604765,1.3050070845199604,1.8921256135851998,0.2946701623880225
2.847984448376342,4.019492236319417,8.435872120569623,0.06342663096395285,1.3635990845199601,1.8436056135852,0.1939621623880225
2.847984448376342,3.9044922363194186,8.693742120569624,0.32532663096395353,1.4047990845199605,1.9681156135851998,0.2607951623880225
2.923364448376342,3.8687922363194183,8.546962120569624,0.5514266309639524,1.4285990845199605,1.9681156135851998,0.1802291623880225
2.8836844483763424,3.9044922363194186,8.582662120569623,0.777526630963953,1.3993090845199605,1.8509256135852,0.2873451623880225
2.923364448376342,3.9044922363194186,8.471582120569623,0.737926630963953,1.3462090845199604,1.7813456135852,0.27452816238802247
2.7765744483763424,3.8290922363194184,8.364462120569623,1.0037266309639534,1.3754990845199604,1.7602856135851999,0.20037016238802247
2.847984448376342,3.8290922363194184,8.364462120569623,1.1148266309639538,1.3407120845199603,1.8371956135852,0.3340371623880225
2.7765744483763424,3.793392236319418,8.324792120569624,1.2655266309639543,1.3114150845199604,1.8994456135851998,0.22051216238802251
2.7011944483763424,3.6822922363194177,8.324792120569624,1.154426630963954,1.3526190845199602,1.8646556135852,0.2406541623880225
2.6654844483763425,3.6068922363194176,8.324792120569624,0.9640266309639536,1.3407120845199603,1.8024056135851998,0.3138961623880225
2.6654844483763425,3.4164922363194172,8.324792120569624,0.9640266309639536,1.3407120845199603,1.7886756135851998,0.1664961623880225
2.554404448376342,3.3053922363194186,8.324792120569624,0.8529266309639532,1.3874090845199603,1.8509256135852,0.24706216238802248
2.554404448376342,3.265692236319417,8.364462120569623,0.7022266309639544,1.3700090845199604,1.8994456135851998,0.24706216238802248
2.4829944483763424,3.079292236319418,8.324792120569624,0.6268266309639543,1.4047990845199605,1.8710656135852,0.1939621623880225
2.4076144483763424,2.964192236319418,8.289082120569624,0.5871266309639545,1.4166990845199603,1.8509256135852,0.20037016238802247
2.3719044483763425,3.039592236319418,8.324792120569624,0.3650266309639534,1.3754990845199604,1.8225456135851998,0.24706216238802248
2.3719044483763425,3.079292236319418,8.289082120569624,0.24992663096395518,1.3874090845199603,1.7886756135851998,0.24706216238802248
2.3719044483763425,3.1149922363194182,8.289082120569624,0.023826630963952766,1.4047990845199605,1.8646556135852,0.2607951623880225
2.2251244483763424,3.3053922363194186,8.253382120569624,0.08727336903604765,1.4047990845199605,1.9269156135852,0.22051216238802251
2.2251244483763424,3.380792236319417,8.217672120569624,0.277673369036048,1.4166990845199603,1.9754356135851998,0.2342451623880225
2.260824448376342,3.4164922363194172,8.178002120569623,0.162673369036046,1.4047990845199605,1.9406456135852,0.1802291623880225
2.4076144483763424,3.456192236319417,8.217672120569624,0.05157336903604559,1.3874090845199603,1.9342356135852,0.24706216238802248
2.3362044483763422,3.4918922363194174,8.253382120569624,0.023826630963952766,1.3754990845199604,1.8783956135851998,0.18663716238802247
2.296534448376342,3.5314922363194174,8.217672120569624,0.06342663096395285,1.4166990845199603,1.8573356135852,0.2543871623880225
2.3362044483763422,3.6068922363194176,8.253382120569624,0.32532663096395353,1.4350090845199603,1.8646556135852,0.24706216238802248
2.3362044483763422,3.6068922363194176,8.253382120569624,0.32532663096395353,1.4350090845199603,1.8646556135852,0.24706216238802248
2.4433244483763423,3.5671922363194177,8.253382120569624,0.5117266309639525,1.4285990845199605,1.8436056135852,0.20677916238802252
2.4829944483763424,3.5671922363194177,8.217672120569624,0.737926630963953,1.4047990845199605,1.7886756135851998,0.2607951623880225
2.554404448376342,3.6068922363194176,8.253382120569624,0.777526630963953,1.3700090845199604,1.7401456135851998,0.2342451623880225
2.629784448376342,3.5671922363194177,8.324792120569624,0.8886266309639534,1.3462090845199604,1.7401456135851998,0.2406541623880225
2.6654844483763425,3.4918922363194174,8.217672120569624,1.1901266309639542,1.3526190845199602,1.8024056135851998,0.2406541623880225
2.7011944483763424,3.456192236319417,8.289082120569624,1.3806266309639543,1.3407120845199603,1.8710656135852,0.1802291623880225
2.6654844483763425,3.3053922363194186,8.364462120569623,1.3052266309639542,1.3224020845199602,1.8298656135851998,0.28093716238802247
2.554404448376342,3.2299922363194185,8.217672120569624,1.1148266309639538,1.3526190845199602,1.7264156135851998,0.22051216238802251
2.554404448376342,3.1903922363194184,8.289082120569624,1.154426630963954,1.3581090845199602,1.6495156135851998,0.20037016238802247
2.554404448376342,3.1903922363194184,8.217672120569624,1.1901266309639542,1.3343040845199603,1.8509256135852,0.1664961623880225
2.554404448376342,3.1903922363194184,8.217672120569624,1.1901266309639542,1.3343040845199603,1.8509256135852,0.1664961623880225
2.554404448376342,3.1149922363194182,8.217672120569624,1.0791266309639536,1.2812030845199605,1.9195956135852,0.1939621623880225
2.3719044483763425,3.1149922363194182,8.289082120569624,1.0394266309639537,1.2995140845199602,1.8436056135852,0.3074871623880225
2.4829944483763424,3.003892236319418,8.178002120569623,0.6625266309639528,1.3050070845199604,1.8088156135851998,0.2873451623880225
2.4829944483763424,3.003892236319418,8.178002120569623,0.6625266309639528,1.3050070845199604,1.8088156135851998,0.2873451623880225
2.554404448376342,3.1149922363194182,8.106592120569623,0.47602663096395403,1.3635990845199601,1.8857156135851998,0.2543871623880225
2.260824448376342,3.154692236319418,8.142292120569623,0.47602663096395403,1.4762090845199602,1.8573356135852,0.1664961623880225
2.1894144483763425,3.1903922363194184,8.070882120569623,0.32532663096395353,1.4578990845199602,1.8161356135851998,0.28093716238802247
2.2251244483763424,3.2299922363194185,8.106592120569623,0.32532663096395353,1.4285990845199605,1.8088156135851998,0.21410316238802252
2.296534448376342,3.1903922363194184,7.995502120569623,0.32532663096395353,1.3874090845199603,1.8024056135851998,0.21410316238802252
2.2251244483763424,3.265692236319417,7.995502120569623,0.5514266309639524,1.3407120845199603,1.7676156135852,0.26720416238802247
2.260824448376342,3.2299922363194185,7.995502120569623,0.777526630963953,1.3462090845199604,1.8298656135851998,0.2342451623880225
2.260824448376342,3.154692236319418,8.031212120569624,0.8133266309639531,1.3581090845199602,1.9195956135852,0.24706216238802248
2.2251244483763424,3.079292236319418,7.995502120569623,0.9640266309639536,1.3407120845199603,1.9131856135852,0.28093716238802247
2.296534448376342,3.039592236319418,7.995502120569623,1.154426630963954,1.3288100845199604,1.8088156135851998,0.2607951623880225
2.296534448376342,3.039592236319418,7.959802120569623,1.3409266309639545,1.3462090845199604,1.7465556135851998,0.2406541623880225
2.2251244483763424,3.079292236319418,7.924092120569623,1.491726630963953,1.2876120845199603,1.7328256135851998,0.21410316238802252
2.1497444483763424,3.154692236319418,7.813012120569623,1.5670266309639533,1.3114150845199604,1.6916256135852,0.2406541623880225
2.1140344483763425,3.1149922363194182,7.813012120569623,1.7575266309639535,1.3526190845199602,1.6705656135851998,0.28093716238802247
2.1497444483763424,3.1149922363194182,7.888392120569623,1.9796266309639527,1.3993090845199605,1.6843056135852,0.21410316238802252
2.3719044483763425,3.039592236319418,7.813012120569623,1.9796266309639527,1.4166990845199603,1.7117656135852,0.2607951623880225
2.4076144483763424,2.8134922363194175,7.777302120569623,1.8686266309639539,1.3635990845199601,1.7117656135852,0.2406541623880225
2.3719044483763425,2.777792236319417,7.741602120569623,1.6424266309639535,1.3462090845199604,1.6778956135852,0.2269211623880225
2.296534448376342,2.662692236319417,7.813012120569623,1.6424266309639535,1.3754990845199604,1.6843056135852,0.2406541623880225
2.296534448376342,2.662692236319417,7.813012120569623,1.6424266309639535,1.3754990845199604,1.6843056135852,0.2406541623880225
2.1894144483763425,2.587292236319417,7.848712120569623,1.6424266309639535,1.3407120845199603,1.7401456135851998,0.2269211623880225
2.1497444483763424,2.400892236319418,7.813012120569623,1.4560266309639545,1.3224020845199602,1.7328256135851998,0.20677916238802252
2.1140344483763425,2.400892236319418,7.848712120569623,1.0394266309639537,1.2876120845199603,1.5945756135851998,0.21410316238802252
2.1894144483763425,2.325492236319418,7.813012120569623,0.9640266309639536,1.3407120845199603,1.6220456135852,0.2543871623880225
2.1894144483763425,2.325492236319418,7.888392120569623,0.9283266309639533,1.3635990845199601,1.7538856135852,0.2543871623880225
2.260824448376342,2.250092236319418,7.813012120569623,0.5871266309639545,1.3819090845199602,1.8921256135851998,0.20037016238802247
2.1140344483763425,2.325492236319418,7.813012120569623,0.6268266309639543,1.4459990845199604,1.8646556135852,0.26720416238802247
2.002954448376342,2.5515922363194186,7.777302120569623,0.5117266309639525,1.4578990845199602,1.7328256135851998,0.22051216238802251
2.078334448376342,2.5515922363194186,7.630512120569623,0.5871266309639545,1.4166990845199603,1.7117656135852,0.2342451623880225
2.078334448376342,2.587292236319417,7.555132120569623,0.6268266309639543,1.4112090845199603,1.7053556135852,0.26720416238802247
1.7847544483763422,2.662692236319417,7.630512120569623,1.0037266309639534,1.4112090845199603,1.7117656135852,0.2342451623880225
1.8958344483763425,2.702392236319417,7.483722120569623,1.0394266309639537,1.4112090845199603,1.7602856135851999,0.2543871623880225
2.078334448376342,2.777792236319417,7.483722120569623,1.1901266309639542,1.3224020845199602,1.7749356135852,0.27452816238802247
2.1497444483763424,2.702392236319417,7.519432120569623,1.3052266309639542,1.3343040845199603,1.7190956135851998,0.28093716238802247
1.9672444483763423,2.7380922363194173,7.555132120569623,1.6067266309639532,1.3874090845199603,1.6705656135851998,0.1664961623880225
2.002954448376342,2.662692236319417,7.555132120569623,1.6067266309639532,1.3635990845199601,1.7190956135851998,0.2269211623880225
2.1497444483763424,2.626992236319417,7.483722120569623,1.7932266309639537,1.3224020845199602,1.7465556135851998,0.3138961623880225
2.2251244483763424,2.662692236319417,7.448022120569623,2.0947266309639545,1.2757100845199605,1.6705656135851998,0.1664961623880225
2.1497444483763424,2.587292236319417,7.555132120569623,2.3208266309639534,1.2345110845199603,1.5872556135851998,0.28093716238802247
2.1140344483763425,2.5515922363194186,7.519432120569623,2.3565266309639537,1.2519060845199603,1.5808456135851998,0.2946701623880225
2.1894144483763425,2.400892236319418,7.555132120569623,2.2811266309639535,1.2519060845199603,1.6431056135851998,0.18663716238802247
2.0426244483763423,2.400892236319418,7.630512120569623,2.3208266309639534,1.3462090845199604,1.5735256135851998,0.27452816238802247
2.1140344483763425,2.325492236319418,7.630512120569623,2.170126630963953,1.4524090845199602,1.5185856135851998,0.24706216238802248
2.1140344483763425,2.250092236319418,7.555132120569623,2.0947266309639545,1.3993090845199605,1.5460556135852,0.2607951623880225
2.002954448376342,2.285792236319418,7.594812120569623,1.9439266309639542,1.3754990845199604,1.5524656135852,0.20037016238802247
1.8561644483763424,2.2143922363194175,7.483722120569623,1.9439266309639542,1.3581090845199602,1.5597856135852,0.28093716238802247
1.8204544483763425,2.285792236319418,7.519432120569623,1.8328266309639538,1.2995140845199602,1.6083156135852,0.2406541623880225
1.8561644483763424,2.285792236319418,7.483722120569623,1.6821266309639533,1.2702170845199605,1.6357756135852,0.2543871623880225
1.9315444483763424,2.361192236319418,7.372642120569623,1.4560266309639545,1.2757100845199605,1.5872556135851998,0.2543871623880225
1.7847544483763422,2.4365922363194183,7.372642120569623,1.4560266309639545,1.3050070845199604,1.5945756135851998,0.20037016238802247
1.7847544483763422,2.4365922363194183,7.372642120569623,1.4560266309639545,1.3050070845199604,1.5945756135851998,0.20037016238802247
1.7490444483763423,2.4761922363194184,7.336932120569623,1.2655266309639543,1.3635990845199601,1.6357756135852,0.2342451623880225
1.7847544483763422,2.4761922363194184,7.336932120569623,1.2655266309639543,1.4285990845199605,1.6357756135852,0.24706216238802248
1.8204544483763425,2.4761922363194184,7.372642120569623,1.3052266309639542,1.4459990845199604,1.6009856135851999,0.20677916238802252
1.7847544483763422,2.587292236319417,7.301232120569623,1.3806266309639543,1.4285990845199605,1.6009856135851999,0.28093716238802247
1.8204544483763425,2.5119922363194185,7.336932120569623,1.5670266309639533,1.4112090845199603,1.6009856135851999,0.2406541623880225
1.8561644483763424,2.587292236319417,7.336932120569623,1.6821266309639533,1.3169090845199602,1.6431056135851998,0.20677916238802252
1.8561644483763424,2.626992236319417,7.301232120569623,1.8328266309639538,1.3224020845199602,1.6220456135852,0.3010781623880225
1.8561644483763424,2.662692236319417,7.301232120569623,2.055026630963953,1.3050070845199604,1.6293656135852,0.20677916238802252
1.8561644483763424,2.702392236319417,7.301232120569623,2.170126630963953,1.2345110845199603,1.6705656135851998,0.2946701623880225
1.9315444483763424,2.7380922363194173,7.225852120569623,2.2811266309639535,1.2400040845199602,1.6357756135852,0.28093716238802247
1.8958344483763425,2.777792236319417,7.190142120569623,2.3565266309639537,1.3114150845199604,1.5671156135851998,0.22051216238802251
1.8561644483763424,2.702392236319417,7.265522120569623,2.507326630963954,1.2931050845199603,1.4975356135851998,0.2543871623880225
1.9315444483763424,2.662692236319417,7.190142120569623,2.582726630963954,1.3407120845199603,1.5185856135851998,0.2269211623880225
2.002954448376342,2.587292236319417,7.225852120569623,2.6977266309639543,1.3819090845199602,1.5671156135851998,0.22051216238802251
1.8561644483763424,2.4365922363194183,7.336932120569623,2.6977266309639543,1.3526190845199602,1.5872556135851998,0.28093716238802247
1.9315444483763424,2.250092236319418,7.190142120569623,2.6977266309639543,1.3581090845199602,1.5735256135851998,0.21410316238802252
1.9672444483763423,2.1746922363194177,7.154442120569623,2.582726630963954,1.3050070845199604,1.5323256135852,0.2269211623880225
1.7847544483763422,1.948592236319417,7.118732120569623,2.3208266309639534,1.2638080845199604,1.4764756135852,0.2269211623880225
1.5625844483763422,1.873192236319417,7.154442120569623,2.2811266309639535,1.2519060845199603,1.5872556135851998,0.21410316238802252
1.6379644483763423,1.9128922363194185,7.079062120569623,2.0947266309639545,1.2345110845199603,1.6495156135851998,0.28093716238802247
1.6022544483763423,1.948592236319417,7.043352120569623,1.8686266309639539,1.2876120845199603,1.6083156135852,0.22051216238802251
1.6022544483763423,2.1389922363194174,7.079062120569623,1.8328266309639538,1.3526190845199602,1.5039456135851998,0.2269211623880225
1.6379644483763423,2.0635922363194172,7.043352120569623,1.7575266309639535,1.3754990845199604,1.4764756135852,0.2406541623880225
1.6379644483763423,1.948592236319417,6.936242120569623,1.6424266309639535,1.4697990845199604,1.5387356135852,0.2406541623880225
1.5625844483763422,2.1389922363194174,7.007652120569623,1.491726630963953,1.4285990845199605,1.5945756135851998,0.2543871623880225
1.5625844483763422,2.325492236319418,7.079062120569623,1.6067266309639532,1.4166990845199603,1.5597856135852,0.22051216238802251
1.7490444483763423,2.4365922363194183,7.007652120569623,1.491726630963953,1.2995140845199602,1.6083156135852,0.24706216238802248
1.7490444483763423,2.4365922363194183,7.007652120569623,1.491726630963953,1.2995140845199602,1.6083156135852,0.24706216238802248
1.6736644483763423,2.5515922363194186,7.079062120569623,1.6821266309639533,1.3050070845199604,1.5808456135851998,0.27452816238802247
1.7847544483763422,2.662692236319417,7.043352120569623,1.7575266309639535,1.3526190845199602,1.6083156135852,0.2269211623880225
1.7847544483763422,2.662692236319417,7.043352120569623,1.7575266309639535,1.3526190845199602,1.6083156135852,0.2269211623880225
1.8561644483763424,2.702392236319417,7.154442120569623,1.8686266309639539,1.3407120845199603,1.6705656135851998,0.2607951623880225
1.8958344483763425,2.7380922363194173,7.079062120569623,1.9439266309639542,1.3754990845199604,1.6431056135851998,0.2946701623880225
1.8204544483763425,2.8134922363194175,7.079062120569623,1.9439266309639542,1.4350090845199603,1.5185856135851998,0.2269211623880225
1.7847544483763422,2.7380922363194173,7.043352120569623,1.9796266309639527,1.4166990845199603,1.4554186135851999,0.2342451623880225
1.7490444483763423,2.8134922363194175,7.007652120569623,2.2454266309639532,1.4285990845199605,1.4975356135851998,0.27452816238802247
1.8561644483763424,2.626992236319417,6.896562120569623,2.2811266309639535,1.3526190845199602,1.6147256135852,0.20677916238802252
1.6736644483763423,2.626992236319417,6.749772120569623,2.507326630963954,1.2931050845199603,1.6147256135852,0.3010781623880225
1.5268744483763423,2.5515922363194186,6.825152120569623,2.582726630963954,1.2812030845199605,1.5387356135852,0.2406541623880225
1.5625844483763422,2.400892236319418,6.825152120569623,2.622326630963954,1.2400040845199602,1.4975356135851998,0.2406541623880225
1.6736644483763423,2.400892236319418,6.642662120569623,2.6580266309639544,1.1988060845199604,1.5387356135852,0.3074871623880225
1.5625844483763422,2.250092236319418,6.714072120569623,2.808826630963953,1.2638080845199604,1.5597856135852,0.27452816238802247
1.4554644483763424,2.1389922363194174,6.825152120569623,2.7731266309639544,1.3407120845199603,1.4764756135852,0.2342451623880225
1.4554644483763424,2.0993922363194173,6.714072120569623,2.582726630963954,1.3288100845199604,1.4279536135851998,0.2607951623880225
1.3800844483763424,1.948592236319417,6.714072120569623,2.4716266309639536,1.3819090845199602,1.4215446135852,0.2406541623880225
1.4157944483763423,2.0635922363194172,6.642662120569623,2.582726630963954,1.3993090845199605,1.4627436135851999,0.2342451623880225
1.4157944483763423,2.2143922363194175,6.567282120569623,2.4716266309639536,1.3462090845199604,1.5249956135851999,0.2406541623880225
1.2690044483763423,2.1746922363194177,6.567282120569623,2.3962266309639535,1.3581090845199602,1.5323256135852,0.22051216238802251
1.2332944483763424,2.400892236319418,6.602992120569623,2.205826630963953,1.3343040845199603,1.5323256135852,0.27452816238802247
1.2332944483763424,2.4365922363194183,6.531572120569623,2.170126630963953,1.2812030845199605,1.5249956135851999,0.2873451623880225
1.2690044483763423,2.4761922363194184,6.531572120569623,2.0947266309639545,1.3462090845199604,1.5323256135852,0.2342451623880225
1.2332944483763424,2.5515922363194186,6.602992120569623,2.0193266309639544,1.3754990845199604,1.5735256135851998,0.2342451623880225
1.3443844483763423,2.4365922363194183,6.460162120569623,1.8686266309639539,1.3938090845199604,1.6009856135851999,0.27452816238802247
1.1975944483763423,2.4365922363194183,6.531572120569623,1.7575266309639535,1.4285990845199605,1.5872556135851998,0.2342451623880225
1.2690044483763423,2.5515922363194186,6.602992120569623,1.7575266309639535,1.3938090845199604,1.5524656135852,0.2543871623880225
1.4157944483763423,2.662692236319417,6.567282120569623,1.9043266309639542,1.3581090845199602,1.5039456135851998,0.27452816238802247
1.3800844483763424,2.777792236319417,6.678362120569623,1.9796266309639527,1.3754990845199604,1.5323256135852,0.2342451623880225
1.4554644483763424,2.888792236319418,6.678362120569623,2.130426630963953,1.3700090845199604,1.5671156135851998,0.26720416238802247
1.5268744483763423,2.888792236319418,6.642662120569623,2.3208266309639534,1.3700090845199604,1.5323256135852,0.2543871623880225
1.5268744483763423,2.9284922363194177,6.531572120569623,2.3565266309639537,1.3462090845199604,1.4902056135851998,0.2406541623880225
1.4554644483763424,2.8134922363194175,6.602992120569623,2.4716266309639536,1.3407120845199603,1.4975356135851998,0.2946701623880225
1.4554644483763424,2.702392236319417,6.531572120569623,2.5470266309639538,1.3938090845199604,1.5524656135852,0.21410316238802252
1.3443844483763423,2.702392236319417,6.642662120569623,2.5470266309639538,1.3819090845199602,1.6293656135852,0.20677916238802252
1.4554644483763424,2.8134922363194175,6.602992120569623,2.6580266309639544,1.3526190845199602,1.5671156135851998,0.2607951623880225
1.6022544483763423,2.9284922363194177,6.567282120569623,2.6977266309639543,1.3526190845199602,1.4352776135852,0.2406541623880225
1.5625844483763422,2.8530922363194176,6.642662120569623,2.7731266309639544,1.3526190845199602,1.3931636135852,0.2269211623880225
1.4911744483763423,2.626992236319417,6.642662120569623,2.7731266309639544,1.2995140845199602,1.4416866135851998,0.27452816238802247
1.5268744483763423,2.4365922363194183,6.602992120569623,2.8485266309639528,1.3169090845199602,1.4764756135852,0.26720416238802247
1.4911744483763423,2.285792236319418,6.602992120569623,2.8485266309639528,1.2876120845199603,1.4764756135852,0.2543871623880225
1.4157944483763423,2.0993922363194173,6.714072120569623,3.0349266309639535,1.2638080845199604,1.4627436135851999,0.2406541623880225
1.4157944483763423,1.873192236319417,6.678362120569623,2.808826630963953,1.3288100845199604,1.5039456135851998,0.2607951623880225
1.2690044483763423,1.873192236319417,6.714072120569623,2.6580266309639544,1.3635990845199601,1.4837956135852,0.21410316238802252
1.2690044483763423,1.9128922363194185,6.602992120569623,2.5470266309639538,1.4405090845199604,1.4700656135852,0.2946701623880225
1.3443844483763423,1.9882922363194169,6.567282120569623,2.582726630963954,1.3635990845199601,1.5039456135851998,0.2406541623880225
1.1222144483763423,2.1746922363194177,6.384782120569623,2.3565266309639537,1.3874090845199603,1.4764756135852,0.3212201623880225
1.0508044483763423,2.2143922363194175,6.460162120569623,2.205826630963953,1.3288100845199604,1.4215446135852,0.20037016238802247
1.0865044483763424,2.250092236319418,6.313372120569623,2.205826630963953,1.3343040845199603,1.4416866135851998,0.2406541623880225
1.1975944483763423,2.2143922363194175,6.273702120569623,2.170126630963953,1.3407120845199603,1.4975356135851998,0.2946701623880225
1.0508044483763423,2.325492236319418,6.349082120569623,2.205826630963953,1.3581090845199602,1.5872556135851998,0.2342451623880225
1.0111344483763423,2.325492236319418,6.273702120569623,2.055026630963953,1.4112090845199603,1.5735256135851998,0.2543871623880225
1.0865044483763424,2.400892236319418,6.313372120569623,1.9043266309639542,1.3754990845199604,1.5112656135851998,0.28093716238802247
1.1579244483763422,2.361192236319418,6.384782120569623,1.9439266309639542,1.3700090845199604,1.4837956135852,0.2342451623880225
1.1975944483763423,2.5119922363194185,6.349082120569623,2.0947266309639545,1.3993090845199605,1.5249956135851999,0.2269211623880225
1.1975944483763423,2.5515922363194186,6.238002120569623,2.205826630963953,1.3581090845199602,1.5872556135851998,0.21410316238802252
1.1975944483763423,2.626992236319417,6.202292120569623,2.205826630963953,1.2583150845199604,1.6220456135852,0.2946701623880225
1.1579244483763422,2.702392236319417,6.126912120569623,2.3208266309639534,1.2464130845199604,1.5323256135852,0.22051216238802251
1.1222144483763423,2.7380922363194173,6.055502120569623,2.3565266309639537,1.2812030845199605,1.4837956135852,0.2269211623880225
1.0865044483763424,2.662692236319417,6.202292120569623,2.3962266309639535,1.3224020845199602,1.4902056135851998,0.24706216238802248
1.1975944483763423,2.5515922363194186,6.166582120569623,2.3962266309639535,1.4231090845199605,1.5185856135851998,0.2269211623880225
1.1975944483763423,2.5515922363194186,6.238002120569623,2.431926630963954,1.4459990845199604,1.5460556135852,0.2543871623880225
1.2690044483763423,2.4761922363194184,6.349082120569623,2.622326630963954,1.4578990845199602,1.5112656135851998,0.2269211623880225
1.4554644483763424,2.4365922363194183,6.273702120569623,2.7334266309639528,1.4285990845199605,1.4352776135852,0.21410316238802252
1.3443844483763423,2.285792236319418,6.313372120569623,2.808826630963953,1.3224020845199602,1.3931636135852,0.28093716238802247
1.2690044483763423,2.285792236319418,6.384782120569623,2.923826630963953,1.2812030845199605,1.3656976135852,0.2406541623880225
1.1975944483763423,2.2143922363194175,6.313372120569623,3.1500266309639535,1.2400040845199602,1.3931636135852,0.20677916238802252
1.3086744483763424,2.250092236319418,6.238002120569623,3.2254266309639537,1.1466210845199605,1.4416866135851998,0.27452816238802247
1.1975944483763423,2.285792236319418,6.126912120569623,3.447526630963953,1.1402120845199604,1.4837956135852,0.20677916238802252
1.1975944483763423,2.285792236319418,6.126912120569623,3.487226630963953,1.2171160845199602,1.4554186135851999,0.26720416238802247
1.1975944483763423,2.285792236319418,6.126912120569623,3.487226630963953,1.2171160845199602,1.4554186135851999,0.26720416238802247
1.1579244483763422,2.250092236319418,6.091212120569623,3.3364266309639543,1.2702170845199605,1.3592886135851998,0.2406541623880225
1.1222144483763423,2.1746922363194177,6.126912120569623,3.1500266309639535,1.3462090845199604,1.3244986135851997,0.2342451623880225
1.1579244483763422,2.2143922363194175,5.944422120569623,3.185726630963954,1.4047990845199605,1.3592886135851998,0.2607951623880225
1.1579244483763422,2.285792236319418,5.761922120569623,3.0349266309639535,1.4285990845199605,1.4279536135851998,0.2342451623880225
0.9397144483763424,2.325492236319418,5.837302120569623,3.0349266309639535,1.3993090845199605,1.4490106135852,0.28093716238802247
0.8286344483763424,2.0635922363194172,5.543722120569623,2.6580266309639544,1.2702170845199605,1.2411856135851997,0.21410316238802252
0.7929294483763423,2.0993922363194173,5.615132120569624,2.6977266309639543,1.2290180845199603,1.2759756135851998,0.24706216238802248
0.7929294483763423,2.250092236319418,5.543722120569623,2.6580266309639544,1.2519060845199603,1.4352776135852,0.24706216238802248
0.7929294483763423,2.325492236319418,5.321552120569623,2.5470266309639538,1.3114150845199604,1.5808456135851998,0.24706216238802248
0.7572244483763422,2.250092236319418,5.468342120569623,2.3962266309639535,1.3874090845199603,1.5945756135851998,0.27452816238802247
0.6818454483763423,2.250092236319418,5.5080121205696235,2.3962266309639535,1.4643090845199604,1.4215446135852,0.1939621623880225
0.7572244483763422,2.400892236319418,5.396932120569623,2.3208266309639534,1.4762090845199602,1.3244986135851997,0.2342451623880225
0.7572244483763422,2.4365922363194183,5.321552120569623,2.3962266309639535,1.4762090845199602,1.3309076135851998,0.2406541623880225
0.7929294483763423,2.5515922363194186,5.396932120569623,2.431926630963954,1.4459990845199604,1.4078116135852,0.2269211623880225
0.7929294483763423,2.662692236319417,5.361222120569623,2.6580266309639544,1.3938090845199604,1.4554186135851999,0.2607951623880225
0.7572244483763422,2.777792236319417,5.321552120569623,2.808826630963953,1.3343040845199603,1.4004876135851998,0.22051216238802251
0.8286344483763424,2.777792236319417,5.214442120569624,2.8485266309639528,1.2345110845199603,1.3309076135851998,0.26720416238802247
0.9397144483763424,2.626992236319417,5.396932120569623,2.959626630963953,1.3114150845199604,1.4078116135852,0.21410316238802252
1.1222144483763423,2.626992236319417,5.468342120569623,2.923826630963953,1.4047990845199605,1.4837956135852,0.2543871623880225
1.3086744483763424,2.4761922363194184,5.5080121205696235,2.9992266309639533,1.4285990845199605,1.4627436135851999,0.2406541623880225
1.3800844483763424,2.2143922363194175,5.5080121205696235,2.959626630963953,1.4871990845199603,1.3867546135851998,0.18663716238802247
1.3086744483763424,2.1746922363194177,5.468342120569623,3.1103266309639537,1.4285990845199605,1.3107656135851997,0.2342451623880225
1.1222144483763423,2.1389922363194174,5.468342120569623,3.1103266309639537,1.3462090845199604,1.2897086135851998,0.2269211623880225
1.1975944483763423,2.0993922363194173,5.432642120569623,3.562626630963953,1.2345110845199603,1.3931636135852,0.2269211623880225
1.0508044483763423,1.9128922363194185,5.361222120569623,3.638026630963953,1.1933120845199605,1.3730216135851998,0.21410316238802252
0.9754244483763423,1.7620922363194182,5.321552120569623,3.638026630963953,1.2290180845199603,1.2759756135851998,0.26720416238802247
0.9397144483763424,1.571692236319418,5.250142120569623,3.598326630963953,1.2226090845199602,1.2961176135851997,0.20037016238802247
1.0508044483763423,1.4605922363194175,5.321552120569623,3.824426630963954,1.2812030845199605,1.3244986135851997,0.2342451623880225
1.0111344483763423,1.309892236319417,5.396932120569623,3.8641266309639537,1.3819090845199602,1.2897086135851998,0.2406541623880225
1.0508044483763423,1.4962922363194178,5.361222120569623,3.824426630963954,1.4047990845199605,1.2063956135851999,0.1802291623880225
1.0508044483763423,1.6113922363194177,5.285852120569623,3.7490266309639537,1.4047990845199605,1.1514636135851999,0.2269211623880225
1.0508044483763423,1.6867922363194179,5.361222120569623,3.638026630963953,1.3819090845199602,1.1514636135851999,0.28093716238802247
1.1222144483763423,1.5359922363194176,5.250142120569623,3.598326630963953,1.3635990845199601,1.1926626135851999,0.1738201623880225
1.0865044483763424,1.5359922363194176,5.285852120569623,3.638026630963953,1.3169090845199602,1.2823846135851997,0.2342451623880225
1.0865044483763424,1.3455922363194173,5.103352120569624,3.1500266309639535,1.1933120845199605,1.3656976135852,0.20677916238802252
1.0865044483763424,1.4962922363194178,5.067652120569623,3.2254266309639537,1.2171160845199602,1.4078116135852,0.2607951623880225
0.9754244483763423,1.7224922363194182,5.103352120569624,3.2254266309639537,1.2702170845199605,1.4142206135851998,0.22051216238802251
0.9040144483763424,1.7620922363194182,5.139062120569624,3.0746266309639534,1.3581090845199602,1.2137196135851998,0.22051216238802251
1.0508044483763423,1.8374922363194184,5.139062120569624,3.1500266309639535,1.4459990845199604,1.1853386135851998,0.2342451623880225
1.2332944483763424,1.7620922363194182,5.0319421205696235,3.1103266309639537,1.4524090845199602,1.2686516135851997,0.20677916238802252
1.1222144483763423,1.8374922363194184,5.250142120569623,3.2254266309639537,1.4166990845199603,1.3730216135851998,0.21410316238802252
1.0865044483763424,1.7620922363194182,5.067652120569623,3.185726630963954,1.4350090845199603,1.3446406135851998,0.22051216238802251
0.8643444483763423,1.7224922363194182,5.067652120569623,3.1103266309639537,1.3407120845199603,1.2961176135851997,0.20677916238802252
0.8286344483763424,1.571692236319418,5.103352120569624,3.0746266309639534,1.3343040845199603,1.2961176135851997,0.2543871623880225
0.8286344483763424,1.571692236319418,5.103352120569624,3.0746266309639534,1.3343040845199603,1.2961176135851997,0.2543871623880225
1.0508044483763423,1.4605922363194175,4.845482120569623,3.261126630963954,1.3169090845199602,1.4627436135851999,0.18663716238802247
1.0508044483763423,1.4605922363194175,4.845482120569623,3.261126630963954,1.3169090845199602,1.4627436135851999,0.18663716238802247
0.8286344483763424,1.2344922363194168,4.774072120569623,3.261126630963954,1.3700090845199604,1.3107656135851997,0.1738201623880225
0.7929294483763423,1.2344922363194168,4.845482120569623,3.3722266309639544,1.3169090845199602,1.2137196135851998,0.18663716238802247
0.8286344483763424,1.1590922363194185,4.845482120569623,3.562626630963953,1.3224020845199602,1.1651966135851999,0.2543871623880225
0.9040144483763424,1.1590922363194185,4.662982120569623,3.7490266309639537,1.3462090845199604,1.2961176135851997,0.18663716238802247
0.7929294483763423,1.0440922363194183,4.738362120569623,4.014926630963954,1.3169090845199602,1.3931636135852,0.21410316238802252
0.5707614483763424,0.893292236319418,4.774072120569623,4.125926630963953,1.3288100845199604,1.3519646135851997,0.26720416238802247
0.7175514483763423,0.8575922363194177,4.591572120569623,4.316426630963953,1.3224020845199602,1.2137196135851998,0.1939621623880225
0.7572244483763422,0.9329922363194179,4.662982120569623,4.4671266309639535,1.2464130845199604,1.1230826135852,0.20677916238802252
0.7572244483763422,0.9686922363194181,4.662982120569623,4.689326630963954,1.2702170845199605,1.1441396135851998,0.2269211623880225
0.9040144483763424,1.0082922363194182,4.662982120569623,4.729026630963954,1.3288100845199604,1.2475946135851999,0.16008716238802245
0.9040144483763424,1.0082922363194182,4.662982120569623,4.729026630963954,1.3288100845199604,1.2475946135851999,0.16008716238802245
0.9040144483763424,0.9329922363194179,4.845482120569623,4.879726630963953,1.2995140845199602,1.3034416135851998,0.2406541623880225
0.9040144483763424,0.7068322363194177,4.774072120569623,4.8043266309639545,1.3050070845199604,1.1716056135851998,0.20677916238802252
0.9754244483763423,0.6711222363194178,4.774072120569623,4.617926630963954,1.1878190845199603,1.0333606135851998,0.2406541623880225
0.9754244483763423,0.6314522363194186,4.9565621205696235,4.502826630963954,1.1466210845199605,0.9921626135851997,0.2406541623880225
1.1222144483763423,0.6711222363194178,4.885152120569623,4.391726630963953,1.3050070845199604,1.1578726135851998,0.1738201623880225
1.1222144483763423,0.7068322363194177,4.992272120569623,4.241026630963953,1.2583150845199604,1.3794306135852,0.2543871623880225
1.1975944483763423,0.7465022363194169,5.139062120569624,4.241026630963953,1.2052140845199604,1.3730216135851998,0.20677916238802252
1.3086744483763424,0.6314522363194186,4.992272120569623,4.090226630963954,1.2876120845199603,1.1999866135851998,0.1939621623880225
1.1222144483763423,0.6711222363194178,5.178732120569624,3.824426630963954,1.2702170845199605,1.1093496135852,0.1939621623880225
0.7929294483763423,0.6711222363194178,4.845482120569623,3.7490266309639537,1.3224020845199602,1.3931636135852,0.1738201623880225
0.7929294483763423,0.6314522363194186,4.774072120569623,3.7490266309639537,1.3635990845199601,1.3244986135851997,0.24706216238802248
0.6461404483763422,0.4053122363194177,4.774072120569623,3.7490266309639537,1.3169090845199602,1.1578726135851998,0.22051216238802251
0.7572244483763422,0.4449822363194169,4.591572120569623,3.8641266309639537,1.2931050845199603,1.1029406135851998,0.22051216238802251
0.6818454483763423,0.5203622363194178,4.369402120569624,4.050626630963954,1.2931050845199603,1.2063956135851999,0.2607951623880225
0.5350564483763423,0.5203622363194178,4.297992120569623,4.201326630963953,1.3050070845199604,1.3171746135851998,0.21410316238802252
0.4993504483763423,0.4806922363194186,4.4804921205696235,4.391726630963953,1.3288100845199604,1.3382316135851997,0.22051216238802251
0.6818454483763423,0.4053122363194177,4.5558721205696235,4.241026630963953,1.3754990845199604,1.2823846135851997,0.2342451623880225
0.8286344483763424,0.5560722363194177,4.5558721205696235,4.316426630963953,1.3754990845199604,1.1853386135851998,0.20037016238802247
0.9754244483763423,0.7068322363194177,4.662982120569623,4.427526630963953,1.2757100845199605,1.1368156135852,0.2543871623880225
1.1222144483763423,0.7822022363194172,4.809772120569623,4.617926630963954,1.2931050845199603,1.1578726135851998,0.2543871623880225
1.1579244483763422,0.8179122363194171,4.774072120569623,4.653626630963954,1.3288100845199604,1.1716056135851998,0.20677916238802252
1.0111344483763423,0.7465022363194169,4.9565621205696235,4.689326630963954,1.2345110845199603,1.2137196135851998,0.24706216238802248
0.9397144483763424,0.7068322363194177,4.992272120569623,4.764726630963954,1.2638080845199604,1.1441396135851998,0.21410316238802252
1.1222144483763423,0.7822022363194172,4.885152120569623,4.8043266309639545,1.2290180845199603,1.1441396135851998,0.24706216238802248
1.1975944483763423,0.8575922363194177,4.920862120569623,4.915426630963953,1.1164080845199602,1.1514636135851999,0.2342451623880225
1.2690044483763423,0.893292236319418,4.809772120569623,5.030526630963953,1.1814110845199604,1.1304066135851998,0.2406541623880225
1.0865044483763424,0.8575922363194177,4.845482120569623,4.990826630963953,1.2052140845199604,1.1789296135851999,0.2406541623880225
1.0865044483763424,0.8575922363194177,4.845482120569623,4.990826630963953,1.2052140845199604,1.1789296135851999,0.2406541623880225
0.8286344483763424,0.7465022363194169,4.885152120569623,5.030526630963953,1.3114150845199604,1.2137196135851998,0.2406541623880225
0.9397144483763424,0.7068322363194177,4.702662120569623,4.990826630963953,1.3288100845199604,1.1651966135851999,0.2342451623880225
1.0111344483763423,0.6314522363194186,4.591572120569623,4.840026630963953,1.2464130845199604,1.1716056135851998,0.2607951623880225
1.0111344483763423,0.5560722363194177,4.409082120569623,4.764726630963954,1.2757100845199605,1.1166736135851998,0.20037016238802247
0.7929294483763423,0.4806922363194186,4.409082120569623,4.578226630963954,1.3288100845199604,1.1093496135852,0.2342451623880225
0.7175514483763423,0.3696122363194174,4.5558721205696235,4.427526630963953,1.3819090845199602,1.1230826135852,0.2543871623880225
0.7572244483763422,0.4449822363194169,4.516192120569623,4.276726630963953,1.3938090845199604,1.2411856135851997,0.20037016238802247
0.9397144483763424,0.4806922363194186,4.369402120569624,4.1656266309639545,1.3224020845199602,1.2961176135851997,0.2342451623880225
0.9754244483763423,0.5203622363194178,4.333702120569623,4.050626630963954,1.2638080845199604,1.2137196135851998,0.22051216238802251
0.7929294483763423,0.4806922363194186,4.4804921205696235,4.014926630963954,1.2052140845199604,1.1999866135851998,0.2342451623880225
0.7572244483763422,0.4053122363194177,4.516192120569623,3.899826630963954,1.3114150845199604,1.1926626135851999,0.2342451623880225
0.9040144483763424,0.4053122363194177,4.409082120569623,3.824426630963954,1.3462090845199604,1.2201286135851999,0.20677916238802252
0.7929294483763423,0.7068322363194177,4.516192120569623,3.899826630963954,1.2638080845199604,1.2475946135851999,0.24706216238802248
0.8643444483763423,0.8575922363194177,4.409082120569623,4.090226630963954,1.2638080845199604,1.1999866135851998,0.21410316238802252
0.7929294483763423,0.8575922363194177,4.262292120569623,4.050626630963954,1.2052140845199604,1.2338616135851999,0.21410316238802252
0.6818454483763423,0.7822022363194172,4.409082120569623,4.014926630963954,1.2345110845199603,1.2411856135851997,0.2269211623880225
0.6461404483763422,0.8575922363194177,4.444782120569624,4.090226630963954,1.3050070845199604,1.2274526135851997,0.20677916238802252
0.6461404483763422,0.8575922363194177,4.444782120569624,4.090226630963954,1.3050070845199604,1.2274526135851997,0.20677916238802252
0.6818454483763423,0.9329922363194179,4.409082120569623,4.014926630963954,1.3050070845199604,1.2961176135851997,0.2269211623880225
0.8286344483763424,1.0082922363194182,4.297992120569623,4.050626630963954,1.3874090845199603,1.2549186135851997,0.2342451623880225
0.8286344483763424,0.7465022363194169,4.333702120569623,3.939526630963954,1.4166990845199603,1.1514636135851999,0.20677916238802252
0.7929294483763423,0.7465022363194169,4.369402120569624,3.8641266309639537,1.4524090845199602,1.1514636135851999,0.21410316238802252
0.7572244483763422,0.7068322363194177,4.409082120569623,3.975226630963954,1.3993090845199605,1.1789296135851999,0.18663716238802247
0.6818454483763423,0.7068322363194177,4.262292120569623,3.975226630963954,1.3114150845199604,1.2274526135851997,0.2269211623880225
0.7572244483763422,0.6314522363194186,4.151202120569623,4.014926630963954,1.2226090845199602,1.2475946135851999,0.1802291623880225
0.6818454483763423,0.5560722363194177,4.004412120569623,4.050626630963954,1.1814110845199604,1.1999866135851998,0.24706216238802248
0.5350564483763423,0.5957422363194169,3.9687121205696236,4.1656266309639545,1.1933120845199605,1.2063956135851999,0.2342451623880225
0.31685544837634233,0.6314522363194186,3.9687121205696236,4.352126630963953,1.1988060845199604,1.2897086135851998,0.1939621623880225
0.31685544837634233,0.6314522363194186,3.8933321205696236,4.352126630963953,1.3343040845199603,1.2759756135851998,0.2342451623880225
0.31685544837634233,0.6711222363194178,3.9687121205696236,4.4671266309639535,1.3993090845199605,1.2063956135851999,0.2406541623880225
0.3882664483763422,0.7465022363194169,3.8576221205696237,4.542526630963954,1.3819090845199602,1.1029406135851998,0.21410316238802252
0.5707614483763424,0.8575922363194177,3.9687121205696236,4.689326630963954,1.3635990845199601,1.0470936135851998,0.24706216238802248
0.5707614483763424,0.7465022363194169,3.8219221205696234,4.764726630963954,1.3343040845199603,1.0745596135851998,0.1939621623880225
0.35256144837634223,0.7068322363194177,3.8576221205696237,5.030526630963953,1.3288100845199604,1.1368156135852,0.2406541623880225
0.35256144837634223,0.7068322363194177,3.8219221205696234,5.292326630963954,1.2052140845199604,1.1029406135851998,0.1939621623880225
0.42397244837634224,0.6711222363194178,3.7862121205696235,5.256626630963954,1.1228170845199603,1.0544176135852,0.26720416238802247
0.5350564483763423,0.5560722363194177,3.7108321205696235,5.332026630963954,1.1109150845199602,1.0196276135851998,0.2269211623880225
0.4993504483763423,0.3696122363194174,3.8219221205696234,5.256626630963954,1.2052140845199604,1.0544176135852,0.24706216238802248
0.5350564483763423,0.3299322363194186,3.6394221205696233,5.216926630963954,1.3169090845199602,1.1368156135852,0.24706216238802248
0.5350564483763423,0.3696122363194174,3.6751321205696232,5.256626630963954,1.3288100845199604,1.1230826135852,0.1939621623880225
0.6461404483763422,0.3299322363194186,3.5640421205696233,5.216926630963954,1.3700090845199604,1.0333606135851998,0.26720416238802247
0.5707614483763424,0.028422236319418204,3.5640421205696233,5.181226630963954,1.3874090845199603,1.0058946135851998,0.1939621623880225
0.4993504483763423,0.08265776368058297,3.7108321205696235,5.030526630963953,1.3526190845199602,1.0470936135851998,0.2406541623880225
0.5707614483763424,0.04695776368058269,3.603722120569623,4.955126630963953,1.3114150845199604,1.1368156135852,0.22051216238802251
0.3882664483763422,0.1223377636805818,3.4569321205696233,4.8043266309639545,1.2052140845199604,1.2063956135851999,0.2406541623880225
0.27718244837634226,0.1223377636805818,3.7505121205696232,4.840026630963953,1.1521140845199604,1.1514636135851999,0.28093716238802247
0.27718244837634226,0.1223377636805818,3.7505121205696232,4.840026630963953,1.1521140845199604,1.1514636135851999,0.28093716238802247
0.4993504483763423,0.1977177636805827,3.492632120569623,4.617926630963954,1.2464130845199604,1.1304066135851998,0.20677916238802252
0.4993504483763423,0.2730877636805822,3.5640421205696233,4.316426630963953,1.1695090845199605,1.1514636135851999,0.2342451623880225
0.3882664483763422,0.23341776368058298,3.6751321205696232,4.542526630963954,1.2226090845199602,1.0956166135852,0.27452816238802247
0.5350564483763423,0.2730877636805822,3.603722120569623,4.502826630963954,1.3288100845199604,1.1230826135852,0.20037016238802247
0.4993504483763423,0.3087977636805821,3.7108321205696235,4.4671266309639535,1.3526190845199602,1.1999866135851998,0.2406541623880225
0.6104344483763422,0.3484677636805831,3.7505121205696232,4.542526630963954,1.3754990845199604,1.1578726135851998,0.2269211623880225
0.6461404483763422,0.3087977636805821,3.7108321205696235,4.542526630963954,1.3819090845199602,1.1166736135851998,0.24706216238802248
0.7175514483763423,0.3484677636805831,3.7505121205696232,4.578226630963954,1.3343040845199603,1.1230826135852,0.2342451623880225
0.6461404483763422,0.3087977636805821,3.7505121205696232,4.840026630963953,1.3224020845199602,1.1029406135851998,0.20677916238802252
0.6818454483763423,0.2730877636805822,3.6751321205696232,4.764726630963954,1.2812030845199605,1.1230826135852,0.26720416238802247
0.6818454483763423,0.2730877636805822,3.6751321205696232,4.764726630963954,1.2812030845199605,1.1230826135852,0.26720416238802247
0.5350564483763423,0.08265776368058297,3.528342120569623,4.879726630963953,1.2583150845199604,1.1304066135851998,0.22051216238802251
0.5350564483763423,0.1223377636805818,3.417262120569623,4.915426630963953,1.2702170845199605,1.1093496135852,0.2607951623880225
0.5707614483763424,0.08265776368058297,3.3101421205696235,4.840026630963953,1.2464130845199604,1.1514636135851999,0.1939621623880225
0.42397244837634224,0.04695776368058269,3.274432120569623,4.879726630963953,1.2583150845199604,1.1853386135851998,0.2406541623880225
0.17006644837634227,0.1223377636805818,3.274432120569623,4.840026630963953,1.3114150845199604,1.1651966135851999,0.22051216238802251
0.0946874483763423,0.1223377636805818,3.274432120569623,4.915426630963953,1.3819090845199602,1.1578726135851998,0.18663716238802247
0.0946874483763423,0.1223377636805818,3.274432120569623,4.915426630963953,1.3819090845199602,1.1578726135851998,0.18663716238802247
0.20577144837634226,0.10380223631941732,3.199052120569623,4.840026630963953,1.4350090845199603,1.1716056135851998,0.2342451623880225
0.31685544837634233,0.1434722363194183,3.1276421205696234,4.879726630963953,1.3407120845199603,1.1304066135851998,0.20037016238802247
0.24147744837634227,0.21885223631941741,3.199052120569623,4.990826630963953,1.2931050845199603,1.0397696135851997,0.21410316238802252
0.13039344837634226,0.2942322363194183,3.016562120569623,4.955126630963953,1.3224020845199602,1.0260366135851997,0.1939621623880225
0.0946874483763423,0.2545622363194173,3.0522621205696234,4.955126630963953,1.2464130845199604,1.0882926135851998,0.22051216238802251
0.13039344837634226,0.1791822363194182,3.016562120569623,5.066226630963953,1.2171160845199602,1.1514636135851999,0.26720416238802247
0.13039344837634226,0.1434722363194183,3.016562120569623,5.141626630963954,1.2757100845199605,1.1716056135851998,0.1939621623880225
0.24147744837634227,0.2545622363194173,3.016562120569623,5.141626630963954,1.2995140845199602,1.0882926135851998,0.2406541623880225
0.35256144837634223,0.1434722363194183,2.8697721205696234,5.066226630963953,1.3754990845199604,1.0608266135851998,0.2269211623880225
0.31685544837634233,0.2545622363194173,2.9808521205696232,5.141626630963954,1.4112090845199603,1.0397696135851997,0.21410316238802252
0.24147744837634227,0.2942322363194183,2.941182120569623,5.216926630963954,1.4578990845199602,0.9985706135851997,0.22051216238802251
0.3882664483763422,0.1791822363194182,2.941182120569623,5.292326630963954,1.3526190845199602,0.9985706135851997,0.2342451623880225
0.42397244837634224,0.1791822363194182,2.834062120569623,5.332026630963954,1.2931050845199603,0.9775136135851998,0.20037016238802247
0.17006644837634227,0.3299322363194186,2.7586921205696235,5.482726630963954,1.2290180845199603,0.9848376135851997,0.22051216238802251
0.058982448376342256,0.3299322363194186,3.016562120569623,5.443126630963954,1.2107070845199603,1.0956166135852,0.1939621623880225
0.20577144837634226,0.3696122363194174,2.9054821205696233,5.482726630963954,1.2226090845199602,1.1651966135851999,0.2342451623880225
0.31685544837634233,0.4806922363194186,2.722982120569623,5.367726630963954,1.2171160845199602,1.1514636135851999,0.24706216238802248
0.17006644837634227,0.5957422363194169,2.9054821205696233,5.443126630963954,1.1814110845199604,1.0333606135851998,0.1802291623880225
0.17006644837634227,0.5957422363194169,2.9054821205696233,5.443126630963954,1.1814110845199604,1.0333606135851998,0.1802291623880225
0.20577144837634226,0.10380223631941732,2.722982120569623,5.216926630963954,1.4350090845199603,0.9921626135851997,0.1939621623880225
0.20577144837634226,0.10380223631941732,2.722982120569623,5.216926630963954,1.4350090845199603,0.9921626135851997,0.1939621623880225
0.0946874483763423,0.04695776368058269,2.834062120569623,5.105926630963953,1.4936090845199606,1.0397696135851997,0.20677916238802252
0.0946874483763423,0.04695776368058269,2.722982120569623,5.181226630963954,1.5348090845199605,1.0397696135851997,0.2342451623880225
0.27718244837634226,0.08265776368058297,2.6872771205696235,5.066226630963953,1.4285990845199605,1.0745596135851998,0.18663716238802247
0.27718244837634226,0.23341776368058298,2.6515711205696233,5.105926630963953,1.3462090845199604,1.0333606135851998,0.22051216238802251
0.24147744837634227,0.23341776368058298,2.6515711205696233,4.915426630963953,1.3224020845199602,1.0397696135851997,0.2406541623880225
0.0946874483763423,0.23341776368058298,2.6515711205696233,4.915426630963953,1.2638080845199604,1.1166736135851998,0.21410316238802252
0.05210155162365773,0.3484677636805831,2.576193120569623,4.8043266309639545,1.2583150845199604,1.1999866135851998,0.2269211623880225
0.05210155162365773,0.384177763680583,2.5047821205696232,4.840026630963953,1.2757100845199605,1.1789296135851999,0.21410316238802252
0.058982448376342256,0.3484677636805831,2.2112021205696233,4.840026630963953,1.2519060845199603,1.1230826135852,0.2269211623880225
0.23459705162365774,0.4595577636805821,2.2826141205696233,4.689326630963954,1.2702170845199605,1.0260366135851997,0.2342451623880225
0.23459705162365774,0.4595577636805821,2.2826141205696233,4.689326630963954,1.2702170845199605,1.0260366135851997,0.2342451623880225
0.38138655162365775,0.4992277636805831,2.3222861205696232,4.653626630963954,1.3993090845199605,0.9363146135851999,0.2342451623880225
0.27030265162365774,0.4238477636805822,2.357992120569623,4.653626630963954,1.5109990845199603,1.0397696135851997,0.22051216238802251
0.16318595162365773,0.3484677636805831,2.3222861205696232,4.729026630963954,1.5228990845199601,1.1716056135851998,0.1738201623880225
0.05210155162365773,0.4992277636805831,2.5404871205696233,4.8043266309639545,1.4578990845199602,1.1926626135851999,0.22051216238802251
0.12351305162365772,0.4595577636805821,2.3222861205696232,4.729026630963954,1.3754990845199604,1.1368156135852,0.1939621623880225
0.05210155162365773,0.4238477636805822,2.246908120569623,4.729026630963954,1.2702170845199605,1.1304066135851998,0.20677916238802252
0.08780755162365772,0.6103077636805825,2.2826141205696233,4.879726630963953,1.1759170845199605,1.1166736135851998,0.2543871623880225
0.016396551623657718,0.7610677636805825,2.357992120569623,5.066226630963953,1.1988060845199604,1.1029406135851998,0.21410316238802252
0.0946874483763423,0.7967777636805824,2.3222861205696232,5.292326630963954,1.2400040845199602,1.1368156135852,0.2269211623880225
0.0946874483763423,0.7967777636805824,2.3222861205696232,5.292326630963954,1.2400040845199602,1.1368156135852,0.2269211623880225
0.35256144837634223,0.8721477636805819,2.3222861205696232,5.407426630963954,1.3343040845199603,0.8804676135851999,0.20677916238802252
0.31685544837634233,0.9475277636805828,2.3936981205696233,5.482726630963954,1.3581090845199602,0.8118036135851998,0.2342451623880225
0.35256144837634223,0.8721477636805819,2.465109120569623,5.669226630963953,1.4578990845199602,0.8877916135851998,0.20037016238802247
0.4993504483763423,0.9475277636805828,2.5047821205696232,5.708926630963953,1.4936090845199606,1.0681506135852,0.21410316238802252
0.5350564483763423,0.9872077636805816,2.4294031205696234,5.708926630963953,1.4112090845199603,1.1716056135851998,0.2543871623880225
0.3882664483763422,0.8364477636805816,2.3222861205696232,5.784326630963953,1.3407120845199603,1.1368156135852,0.1939621623880225
0.24147744837634227,0.7610677636805825,2.3936981205696233,5.8200266309639535,1.2638080845199604,0.9775136135851998,0.2342451623880225
0.31685544837634233,0.7967777636805824,2.5047821205696232,5.744626630963953,1.2290180845199603,0.8951166135851998,0.2342451623880225
0.3882664483763422,0.7253577636805826,2.357992120569623,5.593826630963953,1.2519060845199603,0.9436396135851999,0.2342451623880225
0.0946874483763423,0.6499877636805831,2.465109120569623,5.708926630963953,1.2400040845199602,1.0608266135851998,0.2406541623880225
0.17006644837634227,0.5746077636805822,2.357992120569623,5.669226630963953,1.2345110845199603,1.0544176135852,0.20037016238802247
0.31685544837634233,0.5349277636805816,2.357992120569623,5.593826630963953,1.2638080845199604,1.0333606135851998,0.24706216238802248
0.4636454483763423,0.6499877636805831,2.3936981205696233,5.443126630963954,1.2931050845199603,0.9985706135851997,0.2342451623880225
0.4636454483763423,0.6856877636805816,2.4294031205696234,5.292326630963954,1.3288100845199604,0.9985706135851997,0.20677916238802252
0.31685544837634233,0.7253577636805826,2.5047821205696232,5.216926630963954,1.4405090845199604,1.0397696135851997,0.2269211623880225
0.4636454483763423,0.5349277636805816,2.5047821205696232,5.216926630963954,1.4762090845199602,1.0956166135852,0.1802291623880225
0.5350564483763423,0.5349277636805816,2.3222861205696232,5.292326630963954,1.3938090845199604,1.1093496135852,0.20677916238802252
0.4993504483763423,0.4595577636805821,2.3936981205696233,5.482726630963954,1.3169090845199602,1.0058946135851998,0.2543871623880225
0.31685544837634233,0.4238477636805822,2.357992120569623,5.367726630963954,1.2583150845199604,0.9289906135851997,0.1939621623880225
0.20577144837634226,0.4595577636805821,2.175497120569623,5.332026630963954,1.2464130845199604,0.9711046135851997,0.2269211623880225
0.20577144837634226,0.4238477636805822,2.0644131205696232,5.443126630963954,1.2107070845199603,1.0882926135851998,0.20677916238802252
0.058982448376342256,0.5349277636805816,2.0287071205696234,5.5185266309639545,1.1759170845199605,1.1651966135851999,0.2269211623880225
0.016396551623657718,0.5349277636805816,1.9533291205696233,5.593826630963953,1.4166990845199603,1.0681506135852,0.15367916238802248
0.016396551623657718,0.5349277636805816,1.9533291205696233,5.593826630963953,1.4166990845199603,1.0681506135852,0.15367916238802248
0.16318595162365773,0.5349277636805816,2.0644131205696232,5.558126630963953,1.3526190845199602,1.0058946135851998,0.20037016238802247
0.12351305162365772,0.5746077636805822,2.0644131205696232,5.633526630963953,1.3993090845199605,0.8877916135851998,0.24706216238802248
0.05210155162365773,0.5349277636805816,1.9176231205696233,5.744626630963953,1.3754990845199604,0.8877916135851998,0.20037016238802247
0.05210155162365773,0.5746077636805822,1.9533291205696233,6.046126630963954,1.3050070845199604,0.9500476135851998,0.2269211623880225
0.12351305162365772,0.4992277636805831,1.9176231205696233,5.935026630963954,1.3114150845199604,1.0058946135851998,0.21410316238802252
0.3456815516236577,0.5746077636805822,1.7351283205696233,5.895326630963954,1.2812030845199605,1.0470936135851998,0.22051216238802251
0.45676555162365773,0.6856877636805816,1.8065395205696233,5.895326630963954,1.2702170845199605,0.9848376135851997,0.2269211623880225
0.19889152162365772,0.6856877636805816,1.7708339205696233,5.935026630963954,1.2290180845199603,0.9015246135851998,0.22051216238802251
0.023276448376342268,0.7253577636805826,1.8462121205696234,5.895326630963954,1.1988060845199604,0.9637806135851998,0.2269211623880225
0.016396551623657718,0.9118277636805825,1.9533291205696233,5.8596266309639535,1.3635990845199601,1.0818836135852,0.20037016238802247
0.05210155162365773,0.9475277636805828,2.0287071205696234,5.708926630963953,1.5228990845199601,1.1304066135851998,0.1802291623880225
0.016396551623657718,1.3244177636805823,1.9176231205696233,5.633526630963953,1.3114150845199604,0.8877916135851998,0.1939621623880225
0.17006644837634227,1.364097763680582,1.9533291205696233,5.708926630963953,1.2702170845199605,0.8044786135851998,0.2269211623880225
0.023276448376342268,1.4751777636805823,1.9533291205696233,5.784326630963953,1.2519060845199603,1.0544176135852,0.20677916238802252
0.05210155162365773,1.4751777636805823,1.9890341205696234,5.784326630963953,1.2290180845199603,1.0818836135852,0.2543871623880225
0.023276448376342268,1.5148477636805824,2.0287071205696234,5.8596266309639535,1.2226090845199602,1.0196276135851998,0.18663716238802247
0.0946874483763423,1.5505577636805823,2.0287071205696234,5.744626630963953,1.2290180845199603,0.9500476135851998,0.20037016238802247
0.0946874483763423,1.5505577636805823,2.0287071205696234,5.744626630963953,1.2290180845199603,0.9500476135851998,0.20037016238802247
0.13039344837634226,1.4751777636805823,1.9890341205696234,5.708926630963953,1.2107070845199603,0.9637806135851998,0.20037016238802247
0.13039344837634226,1.4751777636805823,2.0287071205696234,5.708926630963953,1.2400040845199602,1.0333606135851998,0.18663716238802247
0.058982448376342256,1.5505577636805823,2.0644131205696232,5.708926630963953,1.3938090845199604,1.0544176135852,0.20037016238802247
0.20577144837634226,1.6656077636805824,2.0287071205696234,5.633526630963953,1.5109990845199603,0.9985706135851997,0.1664961623880225
0.24147744837634227,1.8163677636805824,2.1001181205696233,5.5185266309639545,1.3993090845199605,0.9711046135851997,0.20037016238802247
0.27718244837634226,1.9274477636805827,2.0287071205696234,5.593826630963953,1.3343040845199603,0.9289906135851997,0.22051216238802251
0.31685544837634233,1.9274477636805827,1.8065395205696233,5.593826630963953,1.3700090845199604,0.9500476135851998,0.15367916238802248
0.17006644837634227,1.9274477636805827,1.5883391205696233,5.633526630963953,1.3169090845199602,1.0397696135851997,0.18663716238802247
0.058982448376342256,2.0782077636805827,1.7708339205696233,5.633526630963953,1.2226090845199602,1.0470936135851998,0.1399461623880225
0.17006644837634227,2.042497763680582,1.6597499205696233,5.784326630963953,1.2638080845199604,1.0196276135851998,0.1262131623880225
0.31685544837634233,2.1535877636805827,1.4772551205696234,5.8200266309639535,1.3224020845199602,1.0470936135851998,0.14635416238802246
0.20577144837634226,2.1535877636805827,1.6994228205696233,5.970726630963954,1.3114150845199604,1.0058946135851998,0.09325416238802249
0.20577144837634226,2.117877763680582,1.6240443205696233,5.970726630963954,1.3526190845199602,0.9436396135851999,0.16008716238802245
0.20577144837634226,2.264667763680582,1.5526331205696233,6.046126630963954,1.3819090845199602,0.9363146135851999,0.16008716238802245
0.058982448376342256,2.340047763680582,1.5883391205696233,6.1572266309639545,1.4578990845199602,0.9088496135851998,0.07952116238802247
0.05210155162365773,2.304337763680582,1.5526331205696233,6.232626630963953,1.3938090845199604,0.9152576135851997,0.1262131623880225
0.08780755162365772,2.304337763680582,1.3701381205696233,6.272226630963953,1.2931050845199603,0.9573726135851999,0.08592916238802246
0.08780755162365772,2.1535877636805827,1.2233481205696233,6.307926630963953,1.1988060845199604,0.9436396135851999,0.10607116238802249
0.23459705162365774,1.9671177636805819,1.3304651205696234,6.4587266309639535,1.1283100845199603,0.9015246135851998,0.11980416238802248
0.19889152162365772,2.117877763680582,1.3701381205696233,6.498426630963953,1.2107070845199603,0.9225816135851999,0.05297116238802248
0.016396551623657718,2.117877763680582,1.3701381205696233,6.4587266309639535,1.2876120845199603,0.9921626135851997,0.09325416238802249
0.0946874483763423,2.0782077636805827,1.3701381205696233,6.423026630963953,1.3114150845199604,0.9921626135851997,0.08592916238802246
0.023276448376342268,2.0028277636805827,1.5129601205696233,6.423026630963953,1.3288100845199604,0.9225816135851999,0.07311216238802247
0.13039344837634226,2.042497763680582,1.5129601205696233,6.347626630963953,1.4112090845199603,0.8804676135851999,0.07952116238802247
0.31685544837634233,2.193257763680582,1.4058441205696233,6.1572266309639545,1.4459990845199604,0.9015246135851998,0.005363262388022483
0.016396551623657718,2.117877763680582,1.4058441205696233,6.1572266309639545,1.2638080845199604,0.8877916135851998,0.06578816238802247
0.0946874483763423,2.0028277636805827,1.2947601205696233,6.121526630963954,1.2638080845199604,0.9289906135851997,0.02550486238802248
0.0946874483763423,2.0028277636805827,1.2233481205696233,6.046126630963954,1.2171160845199602,0.9921626135851997,0.03923816238802248
0.058982448376342256,2.042497763680582,1.3304651205696234,6.046126630963954,1.2226090845199602,1.0123036135851997,0.0010454376119775205
0.058982448376342256,2.117877763680582,1.3304651205696234,6.046126630963954,1.2464130845199604,1.0123036135851997,0.0010454376119775205
0.17006644837634227,1.9274477636805827,1.2947601205696233,6.006426630963954,1.2638080845199604,0.9637806135851998,0.0010454376119775205
0.27718244837634226,1.7013177636805823,1.2233481205696233,5.935026630963954,1.3224020845199602,0.9500476135851998,0.041328637611977526
0.13039344837634226,1.6656077636805824,1.3701381205696233,5.970726630963954,1.3114150845199604,0.9921626135851997,0.02759573761197752
0.023276448376342268,1.7766977636805823,1.4058441205696233,6.006426630963954,1.3526190845199602,1.0058946135851998,0.04773733761197752
0.05210155162365773,1.9671177636805819,1.1479701205696233,5.935026630963954,1.3754990845199604,0.9848376135851997,0.04773733761197752
0.12351305162365772,2.0028277636805827,1.0011801205696234,6.046126630963954,1.2702170845199605,0.9436396135851999,0.021187037611977523
0.16318595162365773,2.117877763680582,1.1122641205696233,6.232626630963953,1.1640160845199605,0.9225816135851999,0.05414603761197752
0.058982448376342256,2.117877763680582,1.0368861205696231,6.347626630963953,1.2638080845199604,0.9436396135851999,0.08161183761197752
0.17006644837634227,2.0028277636805827,1.0368861205696231,6.347626630963953,1.3407120845199603,0.9775136135851998,0.07428762761197752
0.24147744837634227,2.0782077636805827,1.3304651205696234,6.272226630963953,1.3114150845199604,0.9573726135851999,0.11457083761197752
0.24147744837634227,2.0782077636805827,1.3304651205696234,6.272226630963953,1.3114150845199604,0.9573726135851999,0.11457083761197752
0.35256144837634223,2.193257763680582,1.1836761205696233,6.232626630963953,1.3700090845199604,0.8877916135851998,0.06787893761197752
0.31685544837634233,2.415427763680582,1.1479701205696233,6.307926630963953,1.3114150845199604,0.9088496135851998,0.09442923761197752
0.35256144837634223,2.490807763680582,1.0011801205696234,6.383326630963953,1.3526190845199602,0.9363146135851999,0.08161183761197752
0.24147744837634227,2.490807763680582,0.9654751205696233,6.307926630963953,1.3050070845199604,1.0058946135851998,0.14844533761197753
0.20577144837634226,2.6415577636805825,1.0765591205696232,6.347626630963953,1.3343040845199603,0.9363146135851999,0.09442923761197752
0.20577144837634226,2.6415577636805825,1.0765591205696232,6.347626630963953,1.3343040845199603,0.9363146135851999,0.09442923761197752
0.20577144837634226,2.566187763680582,1.2590541205696233,6.383326630963953,1.3407120845199603,0.8319446135851998,0.14844533761197753
0.4636454483763423,2.605857763680582,1.1122641205696233,6.423026630963953,1.3114150845199604,0.8740596135851998,0.1887288376119775
0.42397244837634224,2.681237763680582,0.9654751205696233,6.423026630963953,1.3114150845199604,0.9363146135851999,0.11457083761197752
0.0946874483763423,2.7923177636805825,1.2590541205696233,6.534126630963954,1.2290180845199603,0.9225816135851999,0.16217823761197753
0.17006644837634227,2.9430777636805825,1.0368861205696231,6.6094866309639535,1.2876120845199603,0.9152576135851997,0.12830373761197753
0.20577144837634226,3.0581277636805826,0.9654751205696233,6.5738266309639535,1.2931050845199603,0.9225816135851999,0.16217823761197753
0.13039344837634226,3.1335077636805826,0.9654751205696233,6.6094866309639535,1.2290180845199603,0.8804676135851999,0.1887288376119775
0.20577144837634226,3.1335077636805826,0.9297691205696232,6.684866630963954,1.2400040845199602,0.8392696135851998,0.14203663761197752
0.13039344837634226,2.9827477636805826,0.9654751205696233,6.760236630963954,1.2757100845199605,0.9152576135851997,0.20886983761197753
0.058982448376342256,2.9827477636805826,0.7829801205696233,6.835616630963953,1.3581090845199602,0.9225816135851999,0.23542083761197752
0.058982448376342256,2.9827477636805826,0.7829801205696233,6.835616630963953,1.3581090845199602,0.9225816135851999,0.23542083761197752
0.17006644837634227,3.1335077636805826,0.7076021205696232,6.760236630963954,1.3407120845199603,0.8804676135851999,0.1887288376119775
0.0946874483763423,3.093827763680582,0.9297691205696232,6.7999166309639545,1.3050070845199604,0.8392696135851998,0.22901183761197752
0.13039344837634226,3.1335077636805826,0.6004821205696234,6.835616630963953,1.3407120845199603,0.9088496135851998,0.22901183761197752
0.016396551623657718,3.244587763680582,0.6361921205696233,6.910996630963954,1.2812030845199605,0.9436396135851999,0.24274483761197752
0.08780755162365772,3.319967763680582,0.4894021205696233,6.950666630963953,1.3224020845199602,0.9152576135851997,0.21527883761197752
0.023276448376342268,3.395347763680582,0.23153212056962325,6.986376630963953,1.2995140845199602,0.8530016135851999,0.30957783761197755
0.023276448376342268,3.395347763680582,0.23153212056962325,6.986376630963953,1.2995140845199602,0.8530016135851999,0.30957783761197755
0.23459705162365774,3.284257763680582,0.3783121205696234,6.910996630963954,1.2345110845199603,0.7907466135851998,0.24274483761197752
0.3456815516236577,3.244587763680582,0.4536921205696234,6.950666630963953,1.3224020845199602,0.8044786135851998,0.20886983761197753
0.05210155162365773,3.244587763680582,0.1601121205696232,6.7999166309639545,1.4459990845199604,0.9015246135851998,0.3233108376119775
0.08780755162365772,3.2088877636805826,0.3783121205696234,6.7999166309639545,1.3819090845199602,0.9436396135851999,0.27570383761197753
0.016396551623657718,3.1335077636805826,0.4179921205696233,6.835616630963953,1.3114150845199604,0.8877916135851998,0.26929483761197753
0.023276448376342268,3.2088877636805826,0.08474212056962327,6.684866630963954,1.2876120845199603,0.9152576135851997,0.2958448376119775
0.19889152162365772,3.359637763680582,0.19582212056962334,6.5738266309639535,1.3169090845199602,0.9363146135851999,0.28302783761197753
0.12351305162365772,3.359637763680582,0.3426121205696233,6.6094866309639535,1.4166990845199603,0.8951166135851998,0.2894368376119775
0.0946874483763423,3.435017763680582,0.27120212056962334,6.5738266309639535,1.3635990845199601,0.9363146135851999,0.2958448376119775
0.13039344837634226,3.093827763680582,0.23153212056962325,6.4587266309639535,1.3635990845199601,0.9015246135851998,0.3159868376119775
0.13039344837634226,3.0581277636805826,0.4536921205696234,6.498426630963953,1.3993090845199605,0.8182116135851998,0.3031698376119775
0.31685544837634233,3.2088877636805826,0.5251021205696234,6.272226630963953,1.4405090845199604,0.8118036135851998,0.30957783761197755
0.31685544837634233,3.6968577636805824,0.7472741205696233,6.4587266309639535,1.2876120845199603,0.9015246135851998,0.2958448376119775
0.5350564483763423,3.8476177636805824,0.4536921205696234,6.534126630963954,1.3343040845199603,0.9152576135851997,0.3361288376119775
0.5707614483763424,3.9586977636805827,0.4894021205696233,6.534126630963954,1.3114150845199604,0.9500476135851998,0.3233108376119775
0.3882664483763422,3.9229977636805824,0.5608121205696233,6.5738266309639535,1.2345110845199603,0.8603266135851998,0.26929483761197753
0.31685544837634233,3.998367763680582,0.4536921205696234,6.6094866309639535,1.1878190845199603,0.7696886135851998,0.3159868376119775
0.3882664483763422,3.998367763680582,0.3426121205696233,6.684866630963954,1.2931050845199603,0.7559566135851998,0.2958448376119775
0.42397244837634224,4.034077763680583,0.3783121205696234,6.7999166309639545,1.3462090845199604,0.8319446135851998,0.30957783761197755
0.42397244837634224,4.034077763680583,0.3783121205696234,6.7999166309639545,1.3462090845199604,0.8319446135851998,0.30957783761197755
0.4636454483763423,3.998367763680582,0.3069021205696232,6.835616630963953,1.3343040845199603,0.8667346135851999,0.3361288376119775
0.4636454483763423,3.998367763680582,0.4536921205696234,6.875296630963954,1.3754990845199604,0.8877916135851998,0.28302783761197753
0.27718244837634226,4.073747763680582,0.3426121205696233,6.875296630963954,1.3993090845199605,0.8465936135851998,0.3361288376119775
0.13039344837634226,4.109457763680583,0.1601121205696232,6.7999166309639545,1.3874090845199603,0.8044786135851998,0.3297198376119775
0.058982448376342256,4.109457763680583,0.12441212056962336,6.910996630963954,1.2638080845199604,0.8255366135851998,0.2894368376119775
0.05210155162365773,4.299887763680582,0.022377879430376613,7.026046630963954,1.2519060845199603,0.8319446135851998,0.30957783761197755
0.30997555162365775,4.299887763680582,0.3913378794303768,7.026046630963954,1.2345110845199603,0.8319446135851998,0.3159868376119775
0.4170925516236577,4.375267763680582,0.28024787943037666,7.026046630963954,1.1640160845199605,0.8044786135851998,0.3297198376119775
0.23459705162365774,4.526017763680582,0.3159578794303768,6.986376630963953,1.2702170845199605,0.7495476135851998,0.3159868376119775
0.058982448376342256,4.601397763680582,0.3159578794303768,6.950666630963953,1.3526190845199602,0.7770136135851998,0.3031698376119775
0.016396551623657718,4.601397763680582,0.20487787943037672,7.061756630963954,1.3993090845199605,0.7907466135851998,0.3297198376119775
0.0946874483763423,4.637107763680582,0.2445478794303768,6.986376630963953,1.4762090845199602,0.7907466135851998,0.3233108376119775
0.023276448376342268,4.827537763680582,0.3159578794303768,7.026046630963954,1.4524090845199602,0.8044786135851998,0.2894368376119775
0.023276448376342268,4.827537763680582,0.3159578794303768,7.026046630963954,1.4524090845199602,0.8044786135851998,0.2894368376119775
0.023276448376342268,4.863237763680583,0.3516678794303767,7.137136630963953,1.4166990845199603,0.6937006135851997,0.3031698376119775
0.023276448376342268,4.863237763680583,0.3516678794303767,7.137136630963953,1.4166990845199603,0.6937006135851997,0.3031698376119775
0.0946874483763423,4.676777763680582,0.3159578794303768,7.137136630963953,1.2995140845199602,0.6726436135851999,0.28302783761197753
0.20577144837634226,4.676777763680582,0.13346787943037675,7.212506630963954,1.2519060845199603,0.6872916135851999,0.2958448376119775
0.27718244837634226,4.561727763680582,0.09775787943037662,7.252186630963953,1.3224020845199602,0.7147576135851998,0.27570383761197753
0.42397244837634224,4.526017763680582,0.13346787943037675,7.287886630963953,1.2464130845199604,0.7495476135851998,0.3233108376119775
0.3882664483763422,4.561727763680582,0.1601121205696232,7.212506630963954,1.1576070845199604,0.7422236135851998,0.2894368376119775
0.6104344483763422,4.526017763680582,0.04903212056962336,7.252186630963953,1.3169090845199602,0.7074336135851998,0.26288583761197754
0.7175514483763423,4.526017763680582,0.1601121205696232,7.137136630963953,1.3581090845199602,0.7632806135851998,0.3361288376119775
0.6104344483763422,4.561727763680582,0.23153212056962325,7.327566630963954,1.3526190845199602,0.7422236135851998,0.3233108376119775
0.6104344483763422,4.561727763680582,0.08474212056962327,7.252186630963953,1.3462090845199604,0.6872916135851999,0.2958448376119775
0.6461404483763422,4.486347763680582,0.12441212056962336,7.176806630963954,1.2638080845199604,0.6314446135851999,0.3361288376119775
0.6461404483763422,4.410967763680582,0.01332212056962323,7.363266630963954,1.2702170845199605,0.5966546135851998,0.2958448376119775
0.6104344483763422,4.224507763680582,0.05808787943037674,7.252186630963953,1.2757100845199605,0.6525016135851998,0.28302783761197753
0.5350564483763423,3.998367763680582,0.022377879430376613,7.252186630963953,1.1759170845199605,0.7632806135851998,0.30957783761197755
0.7175514483763423,3.9229977636805824,0.20487787943037672,7.212506630963954,1.2226090845199602,0.7559566135851998,0.2491538376119775
0.7175514483763423,4.184837763680583,0.20487787943037672,7.101426630963953,1.2519060845199603,0.7422236135851998,0.34345283761197754
0.5707614483763424,4.526017763680582,0.13346787943037675,6.986376630963953,1.2583150845199604,0.7696886135851998,0.2894368376119775
0.3882664483763422,4.712487763680582,0.4984578794303769,6.950666630963953,1.3819090845199602,0.8044786135851998,0.30957783761197755
0.31685544837634233,4.863237763680583,0.7563278794303765,7.026046630963954,1.3526190845199602,0.8392696135851998,0.34345283761197754
0.058982448376342256,4.978287763680583,0.5341578794303767,7.212506630963954,1.2995140845199602,0.6937006135851997,0.27570383761197753
0.19889152162365772,5.089377763680583,0.7206178794303766,7.137136630963953,1.4524090845199602,0.5765126135851998,0.27570383761197753
0.05210155162365773,5.164757763680583,1.049907879430377,6.910996630963954,1.4578990845199602,0.6103876135851998,0.3159868376119775
0.023276448376342268,5.053667763680583,0.9745278794303769,7.026046630963954,1.2757100845199605,0.6387686135851998,0.28302783761197753
0.0946874483763423,4.827537763680582,0.9388178794303765,7.212506630963954,1.2757100845199605,0.6937006135851997,0.27570383761197753
0.023276448376342268,4.902917763680582,0.9745278794303769,7.101426630963953,1.3819090845199602,0.8392696135851998,0.3361288376119775
0.05210155162365773,5.053667763680583,0.9745278794303769,7.061756630963954,1.4405090845199604,0.9152576135851997,0.2894368376119775
0.12351305162365772,5.164757763680583,0.9388178794303765,7.101426630963953,1.4405090845199604,0.8392696135851998,0.3159868376119775
0.20577144837634226,5.390887763680582,0.7206178794303766,7.287886630963953,1.3635990845199601,0.6177116135851998,0.3233108376119775
0.27718244837634226,5.466267763680582,0.9031178794303767,7.327566630963954,1.4405090845199604,0.5618643135851998,0.3233108376119775
0.35256144837634223,5.541647763680582,0.7206178794303766,7.287886630963953,1.2757100845199605,0.6589106135851999,0.2958448376119775
0.31685544837634233,5.652727763680582,0.46274787943037654,7.363266630963954,1.2876120845199603,0.6872916135851999,0.28302783761197753
0.6461404483763422,5.501977763680582,0.6809478794303765,7.363266630963954,1.3581090845199602,0.6726436135851999,0.2958448376119775
0.7929294483763423,5.501977763680582,0.5341578794303767,7.363266630963954,1.2345110845199603,0.6662346135851998,0.34345283761197754
0.9397144483763424,5.692407763680582,0.3913378794303768,7.363266630963954,1.1933120845199605,0.6525016135851998,0.3159868376119775
0.7572244483763422,5.728107763680582,0.3913378794303768,7.398976630963954,1.2583150845199604,0.6662346135851998,0.2894368376119775
0.6461404483763422,5.7677777636805825,0.3516678794303767,7.363266630963954,1.3462090845199604,0.7147576135851998,0.3297198376119775
0.6104344483763422,5.728107763680582,0.3159578794303768,7.438646630963953,1.4350090845199603,0.6726436135851999,0.30957783761197755
0.6818454483763423,5.7677777636805825,0.3159578794303768,7.398976630963954,1.2995140845199602,0.6314446135851999,0.26929483761197753
0.7572244483763422,5.692407763680582,0.5341578794303767,7.438646630963953,1.2345110845199603,0.5691886135851998,0.34345283761197754
0.8286344483763424,5.617027763680582,0.6452378794303766,7.514026630963954,1.2345110845199603,0.5133414135851998,0.2958448376119775
0.7572244483763422,5.541647763680582,0.5738278794303768,7.589406630963953,1.2052140845199604,0.5829216135851998,0.2958448376119775
0.5350564483763423,5.577347763680582,0.6809478794303765,7.438646630963953,1.3114150845199604,0.6872916135851999,0.34986183761197753
0.31685544837634233,5.617027763680582,0.8277378794303767,7.474356630963953,1.3754990845199604,0.7211656135851998,0.28302783761197753
0.0946874483763423,5.617027763680582,0.7563278794303765,7.589406630963953,1.3224020845199602,0.6589106135851999,0.34986183761197753
0.17006644837634227,5.617027763680582,0.9745278794303769,7.474356630963953,1.3635990845199601,0.6103876135851998,0.3031698376119775
0.0946874483763423,5.7677777636805825,1.232397879430377,7.363266630963954,1.3874090845199603,0.6662346135851998,0.2958448376119775
0.023276448376342268,5.7677777636805825,1.3038078794303767,7.398976630963954,1.3635990845199601,0.6872916135851999,0.3297198376119775
0.17006644837634227,5.501977763680582,1.3791878794303767,7.438646630963953,1.3462090845199604,0.6662346135851998,0.3233108376119775
0.31685544837634233,5.541647763680582,1.3434878794303768,7.363266630963954,1.3224020845199602,0.6799676135851997,0.3233108376119775
0.31685544837634233,5.728107763680582,1.5259778794303769,7.398976630963954,1.3700090845199604,0.6799676135851997,0.34986183761197753
0.31685544837634233,5.9939177636805825,1.3791878794303767,7.287886630963953,1.3993090845199605,0.6589106135851999,0.3297198376119775
0.24147744837634227,6.0692977636805825,1.0856078794303767,7.474356630963953,1.3993090845199605,0.6250356135851998,0.3361288376119775
0.4993504483763423,6.295427763680582,1.049907879430377,7.438646630963953,1.4166990845199603,0.6177116135851998,0.30957783761197755
0.6104344483763422,6.481897763680582,1.3434878794303768,7.363266630963954,1.3993090845199605,0.6314446135851999,0.3031698376119775
0.4993504483763423,6.596947763680582,1.049907879430377,7.514026630963954,1.2638080845199604,0.6451776135851999,0.34345283761197754
0.6461404483763422,6.446187763680582,1.0856078794303767,7.589406630963953,1.2812030845199605,0.6451776135851999,0.27570383761197753
0.7572244483763422,6.406517763680583,1.232397879430377,7.589406630963953,1.2995140845199602,0.6589106135851999,0.3031698376119775
0.8643444483763423,6.295427763680582,1.0856078794303767,7.664786630963954,1.2876120845199603,0.5829216135851998,0.3562698376119775
1.0111344483763423,6.370807763680583,0.9745278794303769,7.625106630963954,1.2876120845199603,0.5069327135851998,0.2894368376119775
0.9397144483763424,6.370807763680583,0.7920278794303768,7.514026630963954,1.3050070845199604,0.5206656135851998,0.34345283761197754
0.7929294483763423,6.521567763680583,0.7563278794303765,7.589406630963953,1.3874090845199603,0.5618643135851998,0.2894368376119775
0.8643444483763423,6.596947763680582,0.7920278794303768,7.514026630963954,1.4231090845199605,0.6387686135851998,0.2958448376119775
0.9040144483763424,6.743737763680582,0.7206178794303766,7.589406630963953,1.3343040845199603,0.6726436135851999,0.3361288376119775
0.9397144483763424,6.783407763680582,0.7920278794303768,7.664786630963954,1.2757100845199605,0.6314446135851999,0.2894368376119775
1.0508044483763423,6.819107763680583,1.0856078794303767,7.664786630963954,1.2464130845199604,0.5554556135851998,0.3297198376119775
1.0111344483763423,6.708027763680582,1.1213178794303766,7.740156630963954,1.1228170845199603,0.5133414135851998,0.3031698376119775
0.8286344483763424,6.668357763680582,1.2681078794303768,7.664786630963954,1.1347190845199604,0.5133414135851998,0.22901183761197752
0.6461404483763422,6.743737763680582,1.5259778794303769,7.700486630963953,1.2519060845199603,0.5618643135851998,0.3361288376119775
0.4993504483763423,6.819107763680583,1.3434878794303768,7.740156630963954,1.3114150845199604,0.6103876135851998,0.3233108376119775
0.7175514483763423,6.894487763680582,1.5259778794303769,7.700486630963953,1.4166990845199603,0.6451776135851999,0.3031698376119775
0.6461404483763422,6.858787763680582,1.5973878794303766,7.589406630963953,1.3993090845199605,0.6937006135851997,0.34345283761197754
0.35256144837634223,6.894487763680582,1.7441778794303768,7.589406630963953,1.3581090845199602,0.6387686135851998,0.3233108376119775
0.4993504483763423,6.969867763680583,1.9623778794303768,7.625106630963954,1.3700090845199604,0.5829216135851998,0.3159868376119775
0.5707614483763424,7.045247763680582,1.9266778794303765,7.625106630963954,1.3343040845199603,0.6103876135851998,0.34345283761197754
0.4636454483763423,6.934167763680582,2.0020578794303763,7.815536630963953,1.3343040845199603,0.6039786135851998,0.3297198376119775
0.31685544837634233,6.819107763680583,1.8909678794303766,7.775866630963954,1.3462090845199604,0.5343985135851999,0.3233108376119775
0.5350564483763423,6.894487763680582,1.9266778794303765,7.664786630963954,1.3343040845199603,0.4025626135851998,0.3031698376119775
0.4993504483763423,7.009537763680582,1.7798878794303767,7.740156630963954,1.2171160845199602,0.5206656135851998,0.3297198376119775
0.5350564483763423,7.009537763680582,1.6330978794303765,7.815536630963953,1.2583150845199604,0.6589106135851999,0.2894368376119775
0.6461404483763422,6.668357763680582,1.8195578794303768,7.851246630963953,1.3993090845199605,0.8044786135851998,0.3965528376119775
0.8643444483763423,6.783407763680582,1.6330978794303765,7.775866630963954,1.4285990845199605,0.8118036135851998,0.3764118376119775
1.2332944483763424,6.969867763680583,1.5616878794303768,7.851246630963953,1.3819090845199602,0.5966546135851998,0.3031698376119775
1.3086744483763424,7.084917763680583,1.5259778794303769,7.851246630963953,1.3700090845199604,0.4510855135851998,0.3635938376119775
1.0508044483763423,7.160297763680582,1.3038078794303767,7.926626630963954,1.3938090845199604,0.4236197135851998,0.3361288376119775
1.0865044483763424,7.386437763680583,1.3038078794303767,7.926626630963954,1.4459990845199604,0.5133414135851998,0.3361288376119775
0.9397144483763424,7.461807763680582,1.2681078794303768,8.041676630963954,1.3407120845199603,0.5829216135851998,0.3297198376119775
0.9040144483763424,7.422137763680582,1.3038078794303767,8.152756630963953,1.1878190845199603,0.5481314135851998,0.3031698376119775
0.9040144483763424,7.422137763680582,1.3038078794303767,8.152756630963953,1.1878190845199603,0.5481314135851998,0.3031698376119775
1.1579244483763422,7.346757763680582,1.6330978794303765,8.077376630963954,1.1164080845199602,0.4794669135851998,0.30957783761197755
1.1579244483763422,7.235677763680583,1.6727678794303766,8.117056630963953,1.0166160845199603,0.5133414135851998,0.3562698376119775
0.7572244483763422,7.120627763680583,1.9266778794303765,7.926626630963954,1.3462090845199604,0.7422236135851998,0.30957783761197755
0.7572244483763422,7.120627763680583,1.9266778794303765,7.926626630963954,1.3462090845199604,0.7422236135851998,0.30957783761197755
0.6461404483763422,7.271387763680583,1.7798878794303767,8.077376630963954,1.4047990845199605,0.7284906135851998,0.3901448376119775
0.7175514483763423,7.422137763680582,1.8909678794303766,8.117056630963953,1.5109990845199603,0.6177116135851998,0.3233108376119775
0.35256144837634223,7.572897763680582,2.255957879430377,8.001996630963953,1.4231090845199605,0.5206656135851998,0.34345283761197754
0.4636454483763423,7.612567763680582,2.331337879430377,8.152756630963953,1.3874090845199603,0.5069327135851998,0.3297198376119775
0.7175514483763423,7.572897763680582,2.367047879430377,8.192426630963954,1.2931050845199603,0.5829216135851998,0.3297198376119775
0.7572244483763422,7.687947763680582,2.438457879430377,8.343186630963954,1.2702170845199605,0.6525016135851998,0.3233108376119775
0.7572244483763422,7.687947763680582,2.438457879430377,8.343186630963954,1.2702170845199605,0.6525016135851998,0.3233108376119775
0.7572244483763422,7.723657763680582,2.367047879430377,8.303516630963953,1.2995140845199602,0.6177116135851998,0.3233108376119775
0.7929294483763423,7.763327763680582,2.1488478794303765,8.378896630963954,1.3407120845199603,0.5069327135851998,0.3635938376119775
0.9397144483763424,7.8744077636805825,2.438457879430377,8.228136630963954,1.3635990845199601,0.4721426635851998,0.3562698376119775
0.9040144483763424,7.914087763680582,2.1845478794303768,8.343186630963954,1.3526190845199602,0.5069327135851998,0.3233108376119775
1.0508044483763423,8.100547763680582,2.1091678794303768,8.418566630963953,1.3993090845199605,0.5691886135851998,0.3361288376119775
1.1222144483763423,8.140217763680582,2.1488478794303765,8.378896630963954,1.4871990845199603,0.7074336135851998,0.3297198376119775
1.1975944483763423,8.025167763680582,1.9266778794303765,8.454276630963953,1.4816990845199602,0.7010246135851999,0.3700028376119775
1.4554644483763424,7.9497877636805825,2.0734678794303765,8.493946630963954,1.3700090845199604,0.5069327135851998,0.3297198376119775
1.4554644483763424,7.9497877636805825,2.0734678794303765,8.493946630963954,1.3700090845199604,0.5069327135851998,0.3297198376119775
1.4554644483763424,7.8744077636805825,2.0377578794303766,8.418566630963953,1.3114150845199604,0.3613636135851998,0.3297198376119775
1.2690044483763423,7.8744077636805825,1.8195578794303768,8.493946630963954,1.3462090845199604,0.4794669135851998,0.3233108376119775
1.1222144483763423,8.025167763680582,1.8195578794303768,8.529646630963954,1.2757100845199605,0.5966546135851998,0.3562698376119775
1.1579244483763422,7.8744077636805825,1.8552678794303767,8.605026630963954,1.2171160845199602,0.6039786135851998,0.2958448376119775
1.3443844483763423,7.989457763680583,2.0734678794303765,8.569326630963953,1.1164080845199602,0.6039786135851998,0.3159868376119775
1.3086744483763424,8.211629763680582,2.1845478794303768,8.529646630963954,1.1521140845199604,0.5765126135851998,0.3562698376119775
1.2690044483763423,8.362386763680583,2.1845478794303768,8.569326630963953,1.2702170845199605,0.6314446135851999,0.3031698376119775
0.9754244483763423,8.437764763680581,2.402747879430377,8.529646630963954,1.3874090845199603,0.6726436135851999,0.34986183761197753
1.0111344483763423,8.588521763680582,2.402747879430377,8.680406630963954,1.5055090845199603,0.5554556135851998,0.3901448376119775
1.0111344483763423,8.588521763680582,2.402747879430377,8.680406630963954,1.5055090845199603,0.5554556135851998,0.3901448376119775
1.0865044483763424,8.663899763680583,2.513837879430377,8.720076630963954,1.5402990845199604,0.4098868135851998,0.3233108376119775
0.9040144483763424,8.703572763680583,2.6963278794303767,8.680406630963954,1.4762090845199602,0.3750968135851998,0.34986183761197753
0.8286344483763424,8.663899763680583,2.8074178794303766,8.791486630963954,1.4285990845199605,0.4098868135851998,0.34986183761197753
0.9040144483763424,8.663899763680583,2.989907879430377,8.755786630963954,1.3343040845199603,0.5618643135851998,0.30957783761197755
0.9754244483763423,8.739278763680582,2.989907879430377,8.831166630963953,1.2638080845199604,0.7010246135851999,0.34345283761197754
1.0508044483763423,8.778951763680583,3.025617879430377,8.866866630963955,1.3050070845199604,0.7696886135851998,0.30957783761197755
0.9397144483763424,8.965413763680582,2.8074178794303766,8.831166630963953,1.3700090845199604,0.7495476135851998,0.3562698376119775
1.0508044483763423,9.080464963680582,2.8074178794303766,8.720076630963954,1.4112090845199603,0.6250356135851998,0.3700028376119775
1.0508044483763423,9.231221863680583,2.914527879430377,8.755786630963954,1.4112090845199603,0.4510855135851998,0.3297198376119775
0.9754244483763423,9.266927363680582,2.6963278794303767,8.791486630963954,1.3993090845199605,0.3686881135851998,0.3297198376119775
1.2332944483763424,9.266927363680582,2.7320378794303766,8.906546630963954,1.4350090845199603,0.5618643135851998,0.3297198376119775
1.3443844483763423,9.266927363680582,2.5852478794303773,9.132676630963953,1.3526190845199602,0.6039786135851998,0.34986183761197753
1.2690044483763423,9.457356763680583,2.6606278794303773,9.057296630963954,1.2638080845199604,0.5481314135851998,0.3159868376119775
1.3086744483763424,9.417683763680582,2.6249178794303774,9.017626630963953,1.2702170845199605,0.5206656135851998,0.3901448376119775
1.2332944483763424,9.342305763680582,2.367047879430377,9.168386630963955,1.2812030845199605,0.5554556135851998,0.30957783761197755
1.1975944483763423,9.417683763680582,2.513837879430377,9.168386630963955,1.2400040845199602,0.6103876135851998,0.3297198376119775
1.3443844483763423,9.417683763680582,2.478127879430377,9.243756630963954,1.2812030845199605,0.6103876135851998,0.3764118376119775
1.4554644483763424,9.417683763680582,2.5852478794303773,9.283436630963955,1.2876120845199603,0.5133414135851998,0.28302783761197753
1.5625844483763422,9.342305763680582,2.5852478794303773,9.283436630963955,1.2519060845199603,0.4172110135851998,0.3700028376119775
1.4554644483763424,9.342305763680582,2.7717078794303767,9.243756630963954,1.3288100845199604,0.3750968135851998,0.3361288376119775
1.4554644483763424,9.342305763680582,2.7717078794303767,9.243756630963954,1.3288100845199604,0.3750968135851998,0.3361288376119775
1.1975944483763423,9.417683763680582,2.8788278794303768,9.168386630963955,1.3874090845199603,0.4648184475851998,0.30957783761197755
0.9040144483763424,9.643819763680582,2.954197879430377,9.243756630963954,1.3407120845199603,0.5691886135851998,0.3764118376119775
0.7929294483763423,9.719197763680583,2.989907879430377,9.319136630963953,1.3754990845199604,0.6387686135851998,0.3297198376119775
0.9397144483763424,9.457356763680583,3.319187879430377,9.168386630963955,1.3819090845199602,0.6872916135851999,0.30957783761197755
1.0111344483763423,9.754903763680582,3.319187879430377,9.057296630963954,1.2876120845199603,0.6726436135851999,0.3361288376119775
0.9754244483763423,9.905660763680583,3.319187879430377,9.132676630963953,1.3224020845199602,0.5481314135851998,0.3233108376119775
1.1222144483763423,10.171467763680582,3.465977879430377,9.057296630963954,1.3993090845199605,0.5902456135851998,0.3700028376119775
1.2332944483763424,10.246847763680583,3.501687879430377,9.168386630963955,1.4350090845199603,0.6103876135851998,0.3361288376119775
1.2690044483763423,10.207177763680582,3.2477778794303767,9.358816630963954,1.4697990845199604,0.5206656135851998,0.3233108376119775
1.4554644483763424,10.207177763680582,3.2477778794303767,9.358816630963954,1.5283990845199602,0.43735261358519983,0.3297198376119775
1.4554644483763424,10.131795763680582,3.3906078794303767,9.243756630963954,1.4231090845199605,0.4309439135851998,0.3562698376119775
1.2332944483763424,10.171467763680582,3.0613178794303773,9.319136630963953,1.2876120845199603,0.4309439135851998,0.3562698376119775
1.5268744483763423,10.096089763680583,3.2477778794303767,9.319136630963953,1.3288100845199604,0.5618643135851998,0.3297198376119775
1.7847544483763422,10.131795763680582,3.2081078794303766,9.319136630963953,1.3581090845199602,0.7211656135851998,0.3297198376119775
1.7847544483763422,10.131795763680582,3.2081078794303766,9.319136630963953,1.3581090845199602,0.7211656135851998,0.3297198376119775
1.6736644483763423,10.131795763680582,2.8788278794303768,9.434186630963953,1.3635990845199601,0.7147576135851998,0.34345283761197754
1.7847544483763422,10.433307763680583,3.025617879430377,9.394516630963953,1.4047990845199605,0.5829216135851998,0.34345283761197754
1.8204544483763425,10.508687763680582,3.0613178794303773,9.243756630963954,1.4524090845199602,0.43735261358519983,0.3700028376119775
1.5268744483763423,10.623737763680582,2.8074178794303766,9.358816630963954,1.4285990845199605,0.30551661358519977,0.34986183761197753
1.6736644483763423,10.623737763680582,2.989907879430377,9.545276630963954,1.4112090845199603,0.3265736135851998,0.3233108376119775
1.7093744483763422,10.623737763680582,2.989907879430377,9.469896630963953,1.3581090845199602,0.4794669135851998,0.3297198376119775
1.7490444483763423,10.548357763680583,3.1366978794303773,9.620656630963953,1.2876120845199603,0.5343985135851999,0.30957783761197755
1.6379644483763423,10.699117763680583,3.2834878794303766,9.545276630963954,1.2052140845199604,0.5618643135851998,0.3159868376119775
1.4911744483763423,10.584067763680583,3.465977879430377,9.509566630963953,1.1878190845199603,0.5691886135851998,0.3562698376119775
1.3443844483763423,10.584067763680583,3.684187879430377,9.545276630963954,1.2345110845199603,0.5829216135851998,0.2894368376119775
1.0865044483763424,10.623737763680582,3.7952678794303774,9.696036630963953,1.2171160845199602,0.6314446135851999,0.3901448376119775
1.2332944483763424,10.659447763680582,3.9063478794303768,9.696036630963953,1.3819090845199602,0.6451776135851999,0.3031698376119775
1.3800844483763424,10.774497763680582,3.9420578794303767,9.620656630963953,1.4697990845199604,0.6177116135851998,0.34345283761197754
1.3800844483763424,10.849877763680583,3.9063478794303768,9.509566630963953,1.4524090845199602,0.5481314135851998,0.3764118376119775
1.4554644483763424,10.925247763680582,3.9420578794303767,9.509566630963953,1.5283990845199602,0.4794669135851998,0.3297198376119775
1.4554644483763424,11.147417763680583,3.977757879430377,9.545276630963954,1.5695990845199606,0.5133414135851998,0.3965528376119775
1.6379644483763423,11.373557763680582,3.9063478794303768,9.696036630963953,1.4871990845199603,0.5069327135851998,0.3764118376119775
1.6379644483763423,11.222797763680582,3.7595578794303766,9.886456630963954,1.4524090845199602,0.4996085135851998,0.3297198376119775
1.6736644483763423,11.373557763680582,3.7952678794303774,9.846786630963955,1.4643090845199604,0.4858756135851998,0.3562698376119775
1.5268744483763423,11.639367763680582,3.977757879430377,9.735706630963954,1.3343040845199603,0.4584097535851998,0.2958448376119775
1.6379644483763423,11.790117763680582,3.8309678794303768,9.771406630963954,1.2464130845199604,0.3961539135851998,0.30957783761197755
1.7490444483763423,11.865497763680583,3.7952678794303774,9.922166630963954,1.3288100845199604,0.4584097535851998,0.3901448376119775
1.6022544483763423,11.865497763680583,3.8309678794303768,9.961836630963955,1.4112090845199603,0.5618643135851998,0.3297198376119775
1.7490444483763423,11.750447763680583,3.684187879430377,10.037216630963954,1.4459990845199604,0.5829216135851998,0.3635938376119775
1.5268744483763423,11.639367763680582,3.684187879430377,10.072926630963954,1.4166990845199603,0.5343985135851999,0.3562698376119775
1.4911744483763423,11.675067763680582,3.684187879430377,10.037216630963954,1.3526190845199602,0.4025626135851998,0.3901448376119775
1.7490444483763423,11.790117763680582,3.648477879430377,10.072926630963954,1.2995140845199602,0.4996085135851998,0.30957783761197755
1.7093744483763422,11.790117763680582,3.6127678794303772,10.184006630963953,1.3169090845199602,0.5966546135851998,0.28302783761197753
1.3800844483763424,11.976587763680582,3.648477879430377,10.223676630963954,1.3581090845199602,0.6250356135851998,0.3635938376119775
1.4157944483763423,12.242387763680583,3.8666778794303767,10.259386630963952,1.3114150845199604,0.5279898135851998,0.3159868376119775
1.2332944483763424,12.353477763680582,3.9420578794303767,10.334766630963953,1.1878190845199603,0.4172110135851998,0.3562698376119775
1.2332944483763424,12.428857763680583,4.271337879430377,10.374436630963952,1.1988060845199604,0.3824210135851998,0.3297198376119775
1.3443844483763423,12.579607763680581,4.382427879430377,10.485526630963953,1.2638080845199604,0.4309439135851998,0.3031698376119775
1.3800844483763424,12.730367763680583,4.124547879430377,10.485526630963953,1.3819090845199602,0.5133414135851998,0.34986183761197753
1.5268744483763423,12.690697763680582,4.271337879430377,10.334766630963953,1.5109990845199603,0.5279898135851998,0.3233108376119775
1.7490444483763423,12.766077763680583,4.342747879430377,10.299056630963953,1.5174090845199601,0.5417227135851999,0.3361288376119775
1.8561644483763424,12.841447763680582,4.235637879430377,10.410146630963954,1.5055090845199603,0.4721426635851998,0.34345283761197754
1.8561644483763424,12.841447763680582,4.271337879430377,10.410146630963954,1.4990990845199605,0.4648184475851998,0.30957783761197755
1.8958344483763425,12.841447763680582,4.235637879430377,10.410146630963954,1.4697990845199604,0.4931998135851998,0.3562698376119775
1.8561644483763424,12.841447763680582,4.088847879430377,10.449816630963953,1.5109990845199603,0.4510855135851998,0.3297198376119775
2.1140344483763425,13.107257763680582,4.053137879430377,10.374436630963952,1.3050070845199604,0.3961539135851998,0.3635938376119775
2.002954448376342,13.218347763680583,3.977757879430377,10.374436630963952,1.3050070845199604,0.3961539135851998,0.26929483761197753
2.078334448376342,13.408777763680582,4.124547879430377,10.299056630963953,1.3754990845199604,0.5069327135851998,0.3297198376119775
1.8958344483763425,13.484147763680582,4.013467879430377,10.374436630963952,1.3938090845199604,0.5902456135851998,0.4029618376119775
1.8561644483763424,13.519857763680582,3.7952678794303774,10.410146630963954,1.3938090845199604,0.5069327135851998,0.26288583761197754
1.8561644483763424,13.519857763680582,3.7952678794303774,10.410146630963954,1.3938090845199604,0.5069327135851998,0.26288583761197754
2.002954448376342,13.710287763680583,4.088847879430377,10.374436630963952,1.3407120845199603,0.4098868135851998,0.3700028376119775
2.002954448376342,13.745987763680581,4.088847879430377,10.374436630963952,1.2931050845199603,0.4236197135851998,0.3700028376119775
1.8561644483763424,13.745987763680581,4.088847879430377,10.410146630963954,1.2812030845199605,0.44467681358519984,0.26929483761197753
1.6736644483763423,13.634907763680582,4.307047879430377,10.334766630963953,1.3050070845199604,0.5069327135851998,0.34986183761197753
1.7093744483763422,13.444477763680581,4.382427879430377,10.334766630963953,1.3114150845199604,0.4794669135851998,0.3159868376119775
1.6022544483763423,13.258017763680582,4.564917879430377,10.449816630963953,1.2702170845199605,0.4025626135851998,0.2894368376119775
1.4911744483763423,13.218347763680583,4.783117879430377,10.334766630963953,1.2345110845199603,0.44467681358519984,0.3700028376119775
1.4554644483763424,13.182637763680582,5.005287879430377,10.184006630963953,1.2931050845199603,0.5902456135851998,0.3031698376119775
1.4554644483763424,13.408777763680582,5.005287879430377,10.259386630963952,1.3754990845199604,0.7074336135851998,0.34345283761197754
1.6379644483763423,13.634907763680582,5.005287879430377,10.112596630963953,1.4643090845199604,0.7632806135851998,0.3828208376119775
1.8204544483763425,13.745987763680581,5.040997879430377,10.037216630963954,1.5586090845199605,0.6799676135851997,0.3297198376119775
1.9315444483763424,13.861047763680581,5.076697879430377,10.037216630963954,1.5402990845199604,0.5343985135851999,0.34345283761197754
1.8561644483763424,14.083207763680583,5.076697879430377,9.997546630963953,1.5348090845199605,0.4236197135851998,0.30957783761197755
1.9315444483763424,14.233967763680582,5.148107879430377,10.072926630963954,1.5586090845199605,0.3750968135851998,0.3361288376119775
1.8561644483763424,14.384727763680583,5.040997879430377,10.148306630963955,1.4762090845199602,0.4025626135851998,0.3233108376119775
2.1894144483763425,14.384727763680583,4.965617879430377,10.184006630963953,1.3700090845199604,0.4098868135851998,0.3361288376119775
2.1894144483763425,14.424397763680583,4.858497879430377,10.334766630963953,1.3874090845199603,0.44467681358519984,0.34345283761197754
2.002954448376342,14.309347763680583,4.929907879430377,10.184006630963953,1.3526190845199602,0.5206656135851998,0.3233108376119775
1.8561644483763424,14.233967763680582,4.929907879430377,10.184006630963953,1.3288100845199604,0.6103876135851998,0.3159868376119775
1.7847544483763422,14.083207763680583,4.894207879430377,10.410146630963954,1.3635990845199601,0.6250356135851998,0.3700028376119775
1.7847544483763422,14.083207763680583,4.894207879430377,10.410146630963954,1.3635990845199601,0.6250356135851998,0.3700028376119775
1.8561644483763424,14.011797763680583,4.965617879430377,10.525196630963954,1.3874090845199603,0.5902456135851998,0.2958448376119775
1.8561644483763424,14.158587763680583,4.858497879430377,10.525196630963954,1.3819090845199602,0.5765126135851998,0.3297198376119775
2.0426244483763423,14.198267763680583,4.818827879430377,10.485526630963953,1.4285990845199605,0.5069327135851998,0.3361288376119775
1.7847544483763422,14.535477763680582,4.747417879430377,10.600576630963953,1.4350090845199603,0.4931998135851998,0.3233108376119775
1.7093744483763422,14.836997763680582,4.672037879430377,10.787036630963954,1.4231090845199605,0.4858756135851998,0.3901448376119775
1.9315444483763424,15.063127763680583,4.747417879430377,10.977466630963953,1.3581090845199602,0.4172110135851998,0.2958448376119775
1.9315444483763424,15.138507763680582,4.858497879430377,11.088546630963954,1.2052140845199604,0.3888297135851998,0.3233108376119775
1.8561644483763424,15.404317763680583,5.148107879430377,11.163926630963953,1.1402120845199604,0.3540396135851998,0.26288583761197754
1.8561644483763424,15.289267763680582,5.294897879430377,11.239306630963954,1.1814110845199604,0.43735261358519983,0.3700028376119775
1.8204544483763425,15.138507763680582,5.259197879430377,11.314686630963955,1.2519060845199603,0.4858756135851998,0.3031698376119775
2.1140344483763425,14.987747763680582,5.441687879430377,11.314686630963955,1.3993090845199605,0.5069327135851998,0.2894368376119775
2.1140344483763425,14.876667763680583,5.223487879430377,11.203596630963954,1.4762090845199602,0.4721426635851998,0.4166948376119775
2.078334448376342,14.876667763680583,5.259197879430377,11.088546630963954,1.5695990845199606,0.4236197135851998,0.2958448376119775
2.1497444483763424,14.952047763680582,5.334577879430377,10.862416630963953,1.6052990845199604,0.43735261358519983,0.3562698376119775
2.3719044483763425,15.213887763680582,5.187787879430377,10.977466630963953,1.5283990845199602,0.4858756135851998,0.34986183761197753
2.3719044483763425,15.213887763680582,5.187787879430377,10.977466630963953,1.5283990845199602,0.4858756135851998,0.34986183761197753
2.5901144483763425,15.590777763680581,5.040997879430377,11.013166630963955,1.4350090845199603,0.4794669135851998,0.3233108376119775
2.5901144483763425,15.590777763680581,5.040997879430377,11.013166630963955,1.4350090845199603,0.4794669135851998,0.3233108376119775
2.4433244483763423,15.816917763680582,4.929907879430377,10.977466630963953,1.3407120845199603,0.44467681358519984,0.3361288376119775
2.296534448376342,16.07875776368058,4.965617879430377,10.937796630963954,1.2876120845199603,0.3338976135851998,0.3297198376119775
2.260824448376342,16.269187763680584,5.112407879430377,10.977466630963953,1.1933120845199605,0.2569936135851998,0.3361288376119775
2.2251244483763424,16.344567763680583,4.929907879430377,11.128226630963955,1.1228170845199603,0.2853746135851998,0.2894368376119775
2.3719044483763425,16.380267763680582,5.005287879430377,11.203596630963954,1.2290180845199603,0.4172110135851998,0.3562698376119775
2.2251244483763424,16.304887763680583,5.187787879430377,11.088546630963954,1.3407120845199603,0.5829216135851998,0.3361288376119775
1.8561644483763424,16.229517763680583,5.040997879430377,10.977466630963953,1.4047990845199605,0.6039786135851998,0.34986183761197753
1.9672444483763423,16.118427763680582,5.294897879430377,10.977466630963953,1.4350090845199603,0.5069327135851998,0.3828208376119775
2.002954448376342,16.15413776368058,5.441687879430377,11.013166630963955,1.3700090845199604,0.4025626135851998,0.3159868376119775
2.002954448376342,16.19380776368058,5.370277879430377,11.052846630963954,1.3754990845199604,0.4025626135851998,0.30957783761197755
1.9672444483763423,16.344567763680583,5.552777879430377,10.977466630963953,1.4231090845199605,0.5206656135851998,0.34986183761197753
1.8958344483763425,16.495317763680582,5.699567879430377,10.977466630963953,1.4047990845199605,0.5966546135851998,0.30957783761197755
2.0426244483763423,16.721457763680583,5.699567879430377,10.902086630963954,1.3874090845199603,0.5343985135851999,0.3361288376119775
2.260824448376342,16.87221776368058,5.917767879430377,10.937796630963954,1.2995140845199602,0.3961539135851998,0.2958448376119775
2.260824448376342,17.13405776368058,5.993147879430377,10.902086630963954,1.2757100845199605,0.3540396135851998,0.2958448376119775
2.1140344483763425,17.169757763680582,5.993147879430377,10.787036630963954,1.4166990845199603,0.4172110135851998,0.3764118376119775
2.078334448376342,17.20942776368058,6.247047879430377,10.636276630963954,1.5348090845199605,0.4996085135851998,0.30957783761197755
2.260824448376342,16.907917763680583,6.139927879430377,10.636276630963954,1.5467090845199603,0.5133414135851998,0.3233108376119775
2.4433244483763423,16.75715776368058,6.211347879430377,10.600576630963953,1.5467090845199603,0.4510855135851998,0.34986183761197753
2.4433244483763423,16.75715776368058,6.211347879430377,10.600576630963953,1.5467090845199603,0.4510855135851998,0.34986183761197753
2.3719044483763425,16.380267763680582,6.247047879430377,10.485526630963953,1.5055090845199603,0.44467681358519984,0.28302783761197753
2.1497444483763424,16.229517763680583,6.358137879430378,10.334766630963953,1.4697990845199604,0.5417227135851999,0.3901448376119775
2.1140344483763425,16.229517763680583,6.175637879430377,10.449816630963953,1.4231090845199605,0.7010246135851999,0.30957783761197755
2.2251244483763424,16.304887763680583,5.993147879430377,10.525196630963954,1.4231090845199605,0.6589106135851999,0.3700028376119775
2.3362044483763422,16.495317763680582,6.247047879430377,10.560896630963953,1.3874090845199603,0.6250356135851998,0.3031698376119775
2.002954448376342,16.681787763680582,6.028847879430377,10.485526630963953,1.2583150845199604,0.5902456135851998,0.3031698376119775
1.8204544483763425,16.796837763680582,6.100257879430377,10.600576630963953,1.3224020845199602,0.4721426635851998,0.3159868376119775
1.8204544483763425,16.796837763680582,6.100257879430377,10.600576630963953,1.3224020845199602,0.4721426635851998,0.3159868376119775
2.002954448376342,17.094377763680583,6.247047879430377,10.751326630963954,1.3874090845199603,0.4236197135851998,0.3031698376119775
2.0426244483763423,17.169757763680582,6.028847879430377,11.013166630963955,1.3114150845199604,0.4236197135851998,0.34986183761197753
2.2251244483763424,17.320517763680584,5.993147879430377,11.052846630963954,1.3224020845199602,0.4794669135851998,0.3361288376119775
2.4076144483763424,17.43556776368058,6.211347879430377,11.013166630963955,1.4405090845199604,0.5481314135851998,0.3297198376119775
2.1894144483763425,17.24513776368058,5.957437879430377,11.052846630963954,1.4112090845199603,0.5343985135851999,0.3562698376119775
2.5186944483763423,17.320517763680584,6.064557879430377,11.163926630963953,1.4871990845199603,0.4858756135851998,0.3297198376119775
2.847984448376342,17.20942776368058,6.139927879430377,11.239306630963954,1.5283990845199602,0.5206656135851998,0.34345283761197754
2.847984448376342,17.20942776368058,5.957437879430377,11.505116630963954,1.4936090845199606,0.4794669135851998,0.3901448376119775
2.8836844483763424,17.24513776368058,6.175637879430377,11.540816630963953,1.5228990845199601,0.4098868135851998,0.3297198376119775
2.7765744483763424,17.586327763680583,6.358137879430378,11.354356630963952,1.4936090845199606,0.3613636135851998,0.3764118376119775
2.8836844483763424,17.963217763680582,6.211347879430377,11.354356630963952,1.4350090845199603,0.3265736135851998,0.2958448376119775
2.923364448376342,18.264727763680582,6.322427879430378,11.429736630963953,1.4231090845199605,0.3750968135851998,0.30957783761197755
2.9590644483763424,18.41548776368058,6.358137879430378,11.390066630963954,1.4350090845199603,0.5279898135851998,0.3764118376119775
2.6654844483763425,18.601947763680585,6.286717879430378,11.465436630963953,1.4231090845199605,0.5554556135851998,0.2958448376119775
2.6654844483763425,18.713037763680582,6.433507879430377,11.314686630963955,1.3581090845199602,0.5279898135851998,0.3159868376119775
2.554404448376342,18.526567763680582,6.433507879430377,11.239306630963954,1.3581090845199602,0.4648184475851998,0.3635938376119775
2.4076144483763424,18.264727763680582,6.322427879430378,11.239306630963954,1.3407120845199603,0.4098868135851998,0.3159868376119775
2.4829944483763424,17.92354776368058,6.322427879430378,11.278976630963953,1.3526190845199602,0.44467681358519984,0.30957783761197755
2.3362044483763422,17.887837763680583,6.393837879430376,11.052846630963954,1.3993090845199605,0.5554556135851998,0.30957783761197755
1.9672444483763423,17.887837763680583,6.651707879430377,11.128226630963955,1.4350090845199603,0.5966546135851998,0.3965528376119775
1.8204544483763425,18.038597763680585,6.6874178794303765,11.088546630963954,1.3114150845199604,0.6250356135851998,0.2958448376119775
1.9315444483763424,18.526567763680582,6.945287879430377,11.203596630963954,1.3635990845199601,0.7074336135851998,0.3764118376119775
2.0426244483763423,18.828087763680582,7.016697879430377,11.203596630963954,1.3819090845199602,0.7358146135851997,0.26929483761197753
2.078334448376342,19.054217763680583,6.945287879430377,11.128226630963955,1.4524090845199602,0.6177116135851998,0.3901448376119775
2.4076144483763424,19.542207763680583,6.980997879430377,11.088546630963954,1.5228990845199601,0.4309439135851998,0.3233108376119775
2.7765744483763424,19.69290776368058,7.092077879430376,11.203596630963954,1.4459990845199604,0.3476306135851998,0.2894368376119775
2.7765744483763424,19.919107763680582,7.052407879430377,11.239306630963954,1.4285990845199605,0.4025626135851998,0.3562698376119775
2.8836844483763424,20.069807763680583,7.238867879430377,11.128226630963955,1.4936090845199606,0.5279898135851998,0.3233108376119775
2.8836844483763424,20.030207763680583,7.274577879430377,11.088546630963954,1.4871990845199603,0.6039786135851998,0.3031698376119775
2.7765744483763424,19.88340776368058,7.675267879430376,11.088546630963954,1.4285990845199605,0.5618643135851998,0.25556183761197754
2.4829944483763424,19.958807763680582,7.8220578794303774,11.088546630963954,1.3993090845199605,0.5481314135851998,0.3361288376119775
2.1894144483763425,20.069807763680583,7.8220578794303774,11.239306630963954,1.4871990845199603,0.5902456135851998,0.3562698376119775
2.1140344483763425,20.069807763680583,8.151347879430377,11.203596630963954,1.6052990845199604,0.6387686135851998,0.30957783761197755
2.1140344483763425,20.069807763680583,8.151347879430377,11.203596630963954,1.6052990845199604,0.6387686135851998,0.30957783761197755
2.002954448376342,20.296007763680585,7.9331478794303765,11.354356630963952,1.5586090845199605,0.6451776135851999,0.3828208376119775
2.078334448376342,20.482407763680584,7.968847879430377,11.465436630963953,1.5283990845199602,0.6250356135851998,0.3159868376119775
2.1140344483763425,20.823607763680585,8.115637879430375,11.576526630963954,1.5055090845199603,0.5902456135851998,0.34986183761197753
1.8561644483763424,20.97440776368058,7.968847879430377,11.766956630963954,1.4166990845199603,0.5902456135851998,0.30957783761197755
1.7093744483763422,21.01010776368058,8.151347879430377,12.143846630963953,1.3288100845199604,0.5343985135851999,0.2894368376119775
1.7847544483763422,21.049807763680583,8.191017879430376,12.219226630963954,1.3169090845199602,0.4858756135851998,0.34345283761197754
1.7847544483763422,20.93470776368058,8.226727879430376,12.445356630963953,1.3288100845199604,0.43735261358519983,0.30957783761197755
1.7490444483763423,20.823607763680585,8.409177879430375,12.445356630963953,1.2702170845199605,0.3961539135851998,0.3635938376119775
1.7847544483763422,20.63320776368058,8.480677879430376,12.405686630963952,1.2931050845199603,0.4172110135851998,0.3233108376119775
1.9672444483763423,20.672907763680584,8.373477879430377,12.369986630963954,1.4047990845199605,0.5206656135851998,0.26288583761197754
2.296534448376342,20.93470776368058,8.373477879430377,12.405686630963952,1.5759990845199603,0.6314446135851999,0.3635938376119775
2.6654844483763425,21.16080776368058,8.191017879430376,12.481066630963953,1.6931890845199602,0.6387686135851998,0.3297198376119775
2.7765744483763424,21.61310776368058,7.968847879430377,12.369986630963954,1.7288990845199605,0.5618643135851998,0.28302783761197753
2.923364448376342,21.839207763680584,7.968847879430377,12.179556630963955,1.7288990845199605,0.4172110135851998,0.3562698376119775
2.9947744483763423,22.25180776368058,8.004557879430376,12.104176630963954,1.6822090845199602,0.30551661358519977,0.34345283761197754
3.105854448376342,22.779507763680584,7.9331478794303765,12.028796630963953,1.5174090845199601,0.2853746135851998,0.30957783761197755
3.2526444483763424,23.005607763680583,7.897437879430377,12.028796630963953,1.4166990845199603,0.3201656135851998,0.3562698376119775
3.105854448376342,23.156407763680583,8.004557879430376,11.993086630963955,1.3874090845199603,0.3824210135851998,0.3233108376119775
2.847984448376342,23.382507763680582,8.151347879430377,11.802656630963954,1.3114150845199604,0.4236197135851998,0.2894368376119775
2.5901144483763425,23.307107763680584,8.262427879430376,11.616196630963953,1.2876120845199603,0.44467681358519984,0.3233108376119775
2.4076144483763424,23.342807763680582,8.337777879430377,11.505116630963954,1.3462090845199604,0.4794669135851998,0.3031698376119775
2.296534448376342,23.23180776368058,8.444877879430376,11.390066630963954,1.4762090845199602,0.5765126135851998,0.34345283761197754
2.296534448376342,23.23180776368058,8.702777879430377,11.314686630963955,1.6107890845199604,0.7147576135851998,0.34345283761197754
1.8204544483763425,23.267507763680584,8.591677879430376,11.429736630963953,1.6583990845199605,0.8118036135851998,0.30957783761197755
1.7093744483763422,23.382507763680582,8.920977879430376,11.465436630963953,1.6995990845199604,0.7147576135851998,0.3562698376119775
1.6022544483763423,23.870507763680582,9.103477879430375,11.878036630963955,1.3700090845199604,0.4309439135851998,0.3159868376119775
1.7490444483763423,24.247407763680584,9.250277879430376,12.068466630963954,1.3224020845199602,0.44467681358519984,0.3297198376119775
1.9672444483763423,24.43780776368058,9.178877879430376,12.556446630963954,1.3635990845199601,0.5343985135851999,0.34345283761197754
2.1140344483763425,24.54890776368058,9.361377879430377,12.556446630963954,1.4166990845199603,0.4794669135851998,0.34986183761197753
2.260824448376342,24.39810776368058,9.325677879430376,12.631826630963953,1.4524090845199602,0.4098868135851998,0.3297198376119775
2.1497444483763424,24.09660776368058,9.361377879430377,12.556446630963954,1.5814990845199604,0.3750968135851998,0.2958448376119775
2.4076144483763424,24.136307763680584,9.543877879430376,12.520736630963953,1.7114990845199602,0.43735261358519983,0.3901448376119775
2.4076144483763424,24.021307763680582,9.397077879430377,12.631826630963953,1.7169990845199603,0.5133414135851998,0.3700028376119775
2.4076144483763424,24.211707763680582,9.397077879430377,12.631826630963953,1.7169990845199603,0.5343985135851999,0.3159868376119775
2.4076144483763424,24.47350776368058,9.654977879430376,12.671496630963954,1.7526990845199601,0.5902456135851998,0.4029618376119775
2.1497444483763424,24.775007763680584,9.726377879430377,12.707196630963953,1.6290990845199604,0.5554556135851998,0.3297198376119775
1.9672444483763423,25.112307763680583,9.766077879430377,12.746876630963953,1.4697990845199604,0.4098868135851998,0.3297198376119775
1.8561644483763424,25.489107763680583,9.873177879430376,12.857956630963955,1.4405090845199604,0.2917836135851998,0.34986183761197753
1.7847544483763422,25.86600776368058,9.837477879430375,13.044416630963953,1.3819090845199602,0.3128406135851998,0.3159868376119775
1.6736644483763423,26.127907763680582,9.908877879430376,13.234846630963954,1.3462090845199604,0.3540396135851998,0.34986183761197753
1.3800844483763424,26.39370776368058,10.277777879430376,13.385606630963954,1.3700090845199604,0.4098868135851998,0.3233108376119775
1.1579244483763422,26.54440776368058,10.384877879430377,13.536366630963954,1.4578990845199602,0.3961539135851998,0.3562698376119775
0.9397144483763424,26.35400776368058,10.718177879430376,13.837876630963954,1.5695990845199606,0.4648184475851998,0.34986183761197753
0.9397144483763424,26.469107763680583,10.678477879430377,13.913256630963954,1.6290990845199604,0.4858756135851998,0.3361288376119775
1.0865044483763424,26.695207763680582,10.860977879430376,13.948966630963954,1.6822090845199602,0.4309439135851998,0.3297198376119775
1.2690044483763423,26.996707763680583,10.607077879430376,14.064016630963954,1.6464990845199603,0.3750968135851998,0.3562698376119775
1.6022544483763423,27.18320776368058,10.571377879430376,14.175096630963953,1.6290990845199604,0.3338976135851998,0.30957783761197755
1.8958344483763425,27.333907763680582,10.531677879430376,14.139386630963953,1.6464990845199603,0.2780506135851998,0.3828208376119775
2.1497444483763424,27.786207763680583,10.384877879430377,14.024336630963953,1.6171990845199602,0.2020616135851998,0.3159868376119775
2.260824448376342,28.163107763680582,10.277777879430376,13.988636630963953,1.5174090845199601,0.1947376135851998,0.3233108376119775
2.260824448376342,28.163107763680582,10.277777879430376,13.988636630963953,1.5174090845199601,0.1947376135851998,0.3233108376119775
2.3719044483763425,28.38920776368058,10.313477879430376,13.873586630963953,1.4871990845199603,0.2231196135851998,0.3562698376119775
2.3719044483763425,28.464607763680583,10.313477879430376,13.837876630963954,1.5055090845199603,0.2643176135851998,0.26929483761197753
2.4433244483763423,28.54000776368058,10.277777879430376,13.687116630963953,1.5283990845199602,0.29910761358519977,0.34345283761197754
2.296534448376342,28.274207763680582,10.277777879430376,13.536366630963954,1.5814990845199604,0.3540396135851998,0.2894368376119775
2.1497444483763424,28.19880776368058,10.242077879430376,13.460986630963953,1.5759990845199603,0.3750968135851998,0.2958448376119775
2.1497444483763424,28.087707763680584,10.313477879430376,13.270556630963954,1.5879090845199602,0.3613636135851998,0.3700028376119775
1.7490444483763423,27.897307763680583,10.349177879430377,13.385606630963954,1.5228990845199601,0.43735261358519983,0.28302783761197753
1.6736644483763423,28.50030776368058,10.424577879430377,13.687116630963953,1.5228990845199601,0.5481314135851998,0.28302783761197753
1.6736644483763423,28.50030776368058,10.424577879430377,13.687116630963953,1.5228990845199601,0.5481314135851998,0.28302783761197753
1.3800844483763424,28.877207763680584,10.495977879430376,13.873586630963953,1.4697990845199604,0.3686881135851998,0.34986183761197753
1.2690044483763423,29.32950776368058,10.825277879430375,13.988636630963953,1.4459990845199604,0.18100461358519981,0.3159868376119775
1.1222144483763423,29.66670776368058,11.083177879430377,14.286176630963954,1.3700090845199604,0.1535396135851998,0.2958448376119775
0.9040144483763424,30.083307763680583,11.047477879430376,14.587696630963954,1.3874090845199603,0.2569936135851998,0.3700028376119775
0.9397144483763424,30.11900776368058,11.448177879430377,14.587696630963954,1.5759990845199603,0.3540396135851998,0.3297198376119775
1.0508044483763423,30.34510776368058,11.448177879430377,14.702746630963954,1.6345990845199605,0.3403066135851998,0.3233108376119775
0.9754244483763423,30.49590776368058,11.376777879430376,14.853506630963954,1.6226990845199603,0.2643176135851998,0.3361288376119775
1.1975944483763423,30.531607763680583,11.559277879430375,14.853506630963954,1.7526990845199601,0.2157946135851998,0.2958448376119775
1.1579244483763422,30.380807763680583,11.483877879430375,14.928876630963954,1.8057990845199603,0.24326061358519982,0.3764118376119775
0.9754244483763423,30.34510776368058,11.448177879430377,15.155016630963953,1.7288990845199605,0.30551661358519977,0.3635938376119775
1.0508044483763423,30.45620776368058,11.412477879430377,15.155016630963953,1.6931890845199602,0.2780506135851998,0.3901448376119775
1.1222144483763423,30.833107763680584,11.337077879430376,15.266096630963954,1.4350090845199603,0.2020616135851998,0.30957783761197755
1.1222144483763423,31.210007763680583,11.594977879430376,15.305776630963953,1.4112090845199603,0.2157946135851998,0.3828208376119775
0.7175514483763423,31.85270776368058,11.412477879430377,15.381156630963954,1.4231090845199605,0.23685261358519982,0.30957783761197755
0.7175514483763423,32.225607763680586,11.483877879430375,15.381156630963954,1.6107890845199604,0.2231196135851998,0.3635938376119775
0.6461404483763422,32.37640776368058,11.630677879430376,15.381156630963954,1.6638890845199605,0.2231196135851998,0.2958448376119775
0.3882664483763422,32.34060776368058,11.523577879430377,15.341476630963953,1.6519890845199603,0.16727161358519982,0.3764118376119775
0.3882664483763422,32.34060776368058,11.706077879430376,15.305776630963953,1.6995990845199604,0.08395861358519979,0.3233108376119775
0.35256144837634223,32.07480776368058,11.813177879430375,15.266096630963954,1.6171990845199602,0.09128361358519982,0.30957783761197755
0.13039344837634226,31.92410776368058,11.888577879430375,15.416856630963954,1.4871990845199603,0.23685261358519982,0.3297198376119775
0.16318595162365773,31.85270776368058,12.070977879430377,15.341476630963953,1.4762090845199602,0.3686881135851998,0.2958448376119775
0.12351305162365772,31.737607763680582,12.182077879430375,15.492236630963953,1.4524090845199602,0.4025626135851998,0.3159868376119775
0.3456815516236577,31.85270776368058,12.035277879430376,15.492236630963953,1.4047990845199605,0.3476306135851998,0.3233108376119775
0.30997555162365775,32.34060776368058,12.253477879430376,15.492236630963953,1.4936090845199606,0.2853746135851998,0.28302783761197753
0.30997555162365775,32.34060776368058,12.253477879430376,15.492236630963953,1.4936090845199606,0.2853746135851998,0.28302783761197753
0.08780755162365772,32.71750776368059,12.328877879430376,15.492236630963953,1.5174090845199601,0.2643176135851998,0.3159868376119775
0.20577144837634226,33.693507763680586,12.400277879430377,15.678698630963954,1.6638890845199605,0.23685261358519982,0.3361288376119775
0.4636454483763423,34.14580776368058,12.435977879430377,15.642992630963954,1.6995990845199604,0.1608636135851998,0.3159868376119775
0.42397244837634224,34.974907763680584,12.289177879430376,15.642992630963954,1.7819990845199603,0.10501661358519981,0.3635938376119775
0.42397244837634224,35.27640776368058,12.253477879430376,15.567616630963954,1.7581890845199601,0.09769161358519979,0.3233108376119775
0.4993504483763423,35.27640776368058,12.106777879430377,15.678698630963954,1.6757990845199604,0.07755061358519982,0.3031698376119775
0.5350564483763423,35.27640776368058,12.035277879430376,15.754076630963954,1.5640990845199605,0.07755061358519982,0.34986183761197753
0.5350564483763423,35.23680776368058,12.182077879430375,15.793749630963953,1.5055090845199603,0.09769161358519979,0.26929483761197753
0.3882664483763422,35.01060776368058,11.999577879430376,15.869127630963954,1.4578990845199602,0.1947376135851998,0.30957783761197755
0.31685544837634233,34.93530776368058,12.035277879430376,15.869127630963954,1.4936090845199606,0.2780506135851998,0.34986183761197753
0.24147744837634227,34.89950776368058,12.035277879430376,16.019884630963954,1.5055090845199603,0.23685261358519982,0.2894368376119775
0.13039344837634226,35.161407763680586,12.070977879430377,16.170641630963953,1.4990990845199605,0.1260736135851998,0.30957783761197755
0.05210155162365773,35.12570776368058,12.146377879430377,16.246019630963954,1.5348090845199605,0.11874861358519984,0.30957783761197755
0.16318595162365773,35.23680776368058,12.253477879430376,16.432482630963953,1.5695990845199606,0.18832961358519978,0.3297198376119775
0.27030265162365774,35.31210776368059,12.435977879430377,16.507860730963955,1.5640990845199605,0.2231196135851998,0.3233108376119775
0.23459705162365774,35.46290776368058,12.511377879430375,16.733995630963953,1.5467090845199603,0.1535396135851998,0.3159868376119775
0.45676555162365773,35.61370776368058,12.582777879430376,16.809374630963955,1.5695990845199606,0.029027613585199785,0.3700028376119775
0.45676555162365773,35.53830776368058,12.804977879430377,16.924425630963952,1.5586090845199605,0.029027613585199785,0.3031698376119775
0.45676555162365773,35.50260776368059,12.876377879430375,17.110887630963955,1.5283990845199602,0.1398066135851998,0.3297198376119775
0.4170925516236577,35.27640776368058,12.912077879430376,17.071215630963955,1.5879090845199602,0.18100461358519981,0.3828208376119775
0.45676555162365773,35.20110776368058,12.729577879430376,17.146593630963952,1.5759990845199603,0.1608636135851998,0.3031698376119775
0.4170925516236577,35.31210776368059,12.840677879430377,17.110887630963955,1.5933990845199602,0.1398066135851998,0.3159868376119775
0.4170925516236577,35.35180776368058,12.840677879430377,17.035509630963954,1.6464990845199603,0.11874861358519984,0.3901448376119775
0.6392605516236578,35.57800776368058,12.912077879430376,17.110887630963955,1.6519890845199603,0.07755061358519982,0.28302783761197753
0.6749655516236577,35.915207763680584,13.058877879430376,16.960131630963954,1.6171990845199602,0.07022661358519983,0.3159868376119775
0.7860495516236576,36.29210776368058,13.098577879430376,16.999803630963953,1.6345990845199605,0.021703613585199788,0.2894368376119775
0.6749655516236577,36.59360776368058,13.023177879430376,17.071215630963955,1.6052990845199604,0.042760613585199836,0.2958448376119775
0.7503445516236578,36.97050776368059,13.058877879430376,16.924425630963952,1.5879090845199602,0.08395861358519979,0.3361288376119775
0.8574605516236578,37.30770776368058,12.912077879430376,16.999803630963953,1.6226990845199603,0.049168613585199805,0.3031698376119775
0.7860495516236576,37.533807763680585,12.729577879430376,16.884752630963952,1.6171990845199602,0.06381761358519983,0.3159868376119775
0.9685445516236577,37.76000776368058,12.658177879430376,17.110887630963955,1.6107890845199604,0.021703613585199788,0.30957783761197755
0.9685445516236577,37.724307763680585,12.582777879430376,17.221971630963953,1.4936090845199606,0.03543661358519978,0.3233108376119775
1.1907125516236576,37.87100776368058,12.804977879430377,17.372728630963955,1.4112090845199603,0.07022661358519983,0.3159868376119775
1.2621255516236576,37.724307763680585,12.876377879430375,17.487780630963954,1.4112090845199603,0.11234061358519981,0.30957783761197755
1.5557055516236578,38.021807763680584,12.987477879430376,17.563158630963954,1.5933990845199602,0.11874861358519984,0.3562698376119775
1.6667855516236576,38.28760776368058,13.169977879430377,17.598866630963954,1.6410090845199603,0.05649361358519983,0.30957783761197755
1.6310855516236578,38.363007763680585,13.352477879430376,17.674246630963953,1.6052990845199604,0.019495386414800198,0.3635938376119775
1.7024955516236577,38.513707763680586,13.388177879430376,17.864676630963952,1.5879090845199602,0.0130863864148002,0.3361288376119775
1.7024955516236577,38.70020776368058,13.610377879430375,17.824996630963952,1.5814990845199604,0.07022661358519983,0.3297198376119775
1.8135755516236576,38.96600776368058,13.534977879430375,17.864676630963952,1.5759990845199603,0.11874861358519984,0.2958448376119775
1.8135755516236576,39.37860776368058,13.681777879430376,17.824996630963952,1.6464990845199603,0.0130863864148002,0.3562698376119775
1.8135755516236576,39.60470776368058,13.388177879430376,17.900376630963954,1.6931890845199602,0.09548438641480023,0.3031698376119775
1.7421655516236576,39.60470776368058,13.316777879430376,17.900376630963954,1.6995990845199604,0.06160938641480024,0.3764118376119775
1.7421655516236576,39.68010776368058,13.388177879430376,17.940046630963955,1.6757990845199604,0.01529461358519979,0.3297198376119775
1.5953755516236576,39.45400776368058,13.463577879430376,18.015426630963955,1.5228990845199601,0.0015616135851997948,0.3562698376119775
1.5199955516236576,39.30320776368058,13.534977879430375,18.015426630963955,1.4762090845199602,0.03322838641480019,0.2894368376119775
1.6310855516236578,39.227907763680584,13.427877879430376,18.090806630963954,1.4871990845199603,0.0130863864148002,0.30957783761197755
1.6310855516236578,39.227907763680584,13.463577879430376,18.166186630963953,1.5402990845199604,0.08395861358519979,0.3361288376119775
1.6667855516236576,39.15250776368058,13.610377879430375,18.126516630963955,1.6226990845199603,0.03543661358519978,0.2894368376119775
1.7778755516236577,39.15250776368058,13.534977879430375,18.126516630963955,1.6345990845199605,0.05428538641480024,0.3562698376119775
1.7778755516236577,39.37860776368058,13.570677879430376,18.201886630963955,1.6345990845199605,0.11013238641480022,0.2958448376119775
1.6310855516236578,39.52940776368058,13.570677879430376,18.201886630963955,1.6757990845199604,0.10280838641480022,0.30957783761197755
1.5953755516236576,39.64050776368058,13.499277879430377,18.388356630963955,1.6226990845199603,0.019495386414800198,0.34345283761197754
1.6667855516236576,39.866607763680584,13.646077879430376,18.463736630963954,1.5933990845199602,0.042760613585199836,0.3031698376119775
1.5557055516236578,40.09270776368058,13.610377879430375,18.578786630963954,1.5521990845199602,0.040552386414800135,0.34986183761197753
1.7024955516236577,40.39420776368058,13.499277879430377,18.578786630963954,1.5348090845199605,0.1440073864148002,0.34986183761197753
1.7024955516236577,40.54500776368059,13.570677879430376,18.503406630963955,1.5879090845199602,0.2062633864148002,0.2894368376119775
1.8492855516236577,40.66000776368058,13.610377879430375,18.614486630963953,1.6052990845199604,0.1861213864148002,0.3635938376119775
2.182535551623658,40.88220776368058,13.610377879430375,18.654166630963953,1.5759990845199603,0.05428538641480024,0.30957783761197755
2.2539455516236577,40.99730776368058,13.903877879430375,18.654166630963953,1.5467090845199603,0.007970613585199793,0.28302783761197753
2.4007355516236575,41.07260776368058,14.157777879430377,18.916006630963953,1.4697990845199604,0.06801838641480024,0.3031698376119775
2.694315551623658,41.25910776368059,14.268877879430375,18.765246630963954,1.5283990845199602,0.10280838641480022,0.3159868376119775
2.8768055516236575,41.33450776368058,14.268877879430375,18.880296630963954,1.6702990845199603,0.06801838641480024,0.34345283761197754
2.8053955516236577,41.40990776368058,14.193477879430375,18.955676630963953,1.7526990845199601,0.005762386414800202,0.34345283761197754
2.8053955516236577,41.52490776368059,14.193477879430375,18.991376630963956,1.7819990845199603,0.007970613585199793,0.34345283761197754
2.7300155516236577,41.63600776368058,14.233177879430375,18.955676630963953,1.7645990845199604,0.026819386414800195,0.3159868376119775
2.769695551623658,41.82640776368058,14.193477879430375,18.765246630963954,1.6171990845199602,0.06160938641480024,0.3297198376119775
2.8411055516236576,41.90180776368058,14.268877879430375,18.80491663096395,1.5467090845199603,0.13027438641480021,0.3297198376119775
2.694315551623658,41.97720776368058,14.233177879430375,18.840626630963953,1.4762090845199602,0.11654138641480022,0.27570383761197753
2.6229055516236577,42.12790776368058,14.046777879430376,18.991376630963956,1.4936090845199606,0.07534238641480023,0.2894368376119775
2.5118155516236578,42.16360776368059,13.903877879430375,18.880296630963954,1.5586090845199605,0.07534238641480023,0.3159868376119775
2.5475255516236577,42.239007763680576,13.864277879430377,18.840626630963953,1.6171990845199602,0.11013238641480022,0.3361288376119775
2.6586055516236575,42.27470776368058,13.717477879430376,18.614486630963953,1.6345990845199605,0.1925303864148002,0.2958448376119775
2.6229055516236577,42.38980776368058,13.757077879430376,18.654166630963953,1.6702990845199603,0.23464438641480018,0.3233108376119775
2.5832255516236575,42.239007763680576,13.757077879430376,18.654166630963953,1.6226990845199603,0.1440073864148002,0.34986183761197753
2.694315551623658,41.90180776368058,14.086377879430376,18.880296630963954,1.5640990845199605,0.06381761358519983,0.3361288376119775
2.9521855516236575,41.56060776368058,14.340277879430378,18.840626630963953,1.4816990845199602,0.1513313864148002,0.2958448376119775
3.0235955516236577,41.449507763680586,14.379977879430378,18.880296630963954,1.4936090845199606,0.22732038641480018,0.2958448376119775
2.987895551623658,41.223407763680584,14.379977879430378,18.916006630963953,1.5759990845199603,0.13027438641480021,0.3297198376119775
3.063275551623658,41.25910776368059,14.379977879430378,18.880296630963954,1.6638890845199605,0.07022661358519983,0.3635938376119775
2.987895551623658,41.18370776368059,14.340277879430378,18.916006630963953,1.7233990845199605,0.1745966135851998,0.3297198376119775
2.9164855516236576,41.03300776368059,14.304577879430376,18.916006630963953,1.6995990845199604,0.11234061358519981,0.3159868376119775
2.6586055516236575,41.18370776368059,14.340277879430378,18.916006630963953,1.6583990845199605,0.06801838641480024,0.3828208376119775
2.6586055516236575,41.33450776368058,14.304577879430376,18.80491663096395,1.6171990845199602,0.21358738641480018,0.28302783761197753
2.8053955516236577,41.63600776368058,14.193477879430375,18.765246630963954,1.6410090845199603,0.24837738641480017,0.3562698376119775
3.0235955516236577,41.71140776368058,14.157777879430377,18.840626630963953,1.7050890845199604,0.1723883864148002,0.34986183761197753
2.987895551623658,41.90180776368058,13.975277879430376,19.031056630963953,1.6931890845199602,0.11013238641480022,0.2894368376119775
2.9521855516236575,42.239007763680576,13.939577879430376,18.840626630963953,1.5998090845199604,0.09548438641480023,0.3297198376119775
2.9521855516236575,42.239007763680576,13.939577879430376,18.840626630963953,1.5998090845199604,0.09548438641480023,0.3297198376119775
3.245765551623658,42.65160776368059,14.122077879430377,18.765246630963954,1.4524090845199602,0.13027438641480021,0.3159868376119775
3.245765551623658,42.766707763680586,14.193477879430375,18.916006630963953,1.4762090845199602,0.10280838641480022,0.2894368376119775
3.2100655516236576,43.02850776368058,14.304577879430376,19.106436630963955,1.6638890845199605,0.0015616135851997948,0.34986183761197753
3.2100655516236576,43.10390776368058,14.268877879430375,19.106436630963955,1.7343890845199605,0.046961386414800244,0.3361288376119775
3.3171755516236576,43.14360776368058,14.415677879430376,19.106436630963955,1.7050890845199604,0.11654138641480022,0.30957783761197755
3.3171755516236576,43.14360776368058,14.415677879430376,19.106436630963955,1.7050890845199604,0.11654138641480022,0.30957783761197755
3.3568455516236577,43.17930776368058,14.379977879430378,19.142136630963954,1.6702990845199603,0.24837738641480017,0.3297198376119775
3.245765551623658,43.254707763680585,14.379977879430378,19.181806630963955,1.6171990845199602,0.24837738641480017,0.2894368376119775
3.2100655516236576,43.218907763680576,14.379977879430378,19.292896630963952,1.5933990845199602,0.1650643864148002,0.34986183761197753
3.1346855516236576,43.218907763680576,14.415677879430376,19.368276630963955,1.6290990845199604,0.026819386414800195,0.3159868376119775
2.987895551623658,43.14360776368058,14.415677879430376,19.332566630963953,1.6290990845199604,0.029027613585199785,0.3233108376119775
2.987895551623658,43.254707763680585,14.340277879430378,19.443656630963954,1.5933990845199602,0.06801838641480024,0.30957783761197755
2.9521855516236575,43.17930776368058,14.340277879430378,19.368276630963955,1.5586090845199605,0.1787973864148002,0.3159868376119775
2.987895551623658,43.36970776368058,14.451377879430375,19.443656630963954,1.5348090845199605,0.2062633864148002,0.34345283761197754
3.063275551623658,43.36970776368058,14.340277879430378,19.483326630963955,1.5348090845199605,0.1650643864148002,0.27570383761197753
3.170385551623658,43.405407763680586,14.268877879430375,19.558706630963954,1.6107890845199604,0.12386538641480022,0.3159868376119775
3.170385551623658,43.405407763680586,14.268877879430375,19.558706630963954,1.6107890845199604,0.12386538641480022,0.3159868376119775
3.2100655516236576,43.36970776368058,14.340277879430378,19.594406630963952,1.6290990845199604,0.1440073864148002,0.30957783761197755
3.0989755516236577,43.44510776368058,14.379977879430378,19.558706630963954,1.5998090845199604,0.1650643864148002,0.3361288376119775
3.1346855516236576,43.59580776368058,14.522777879430375,19.594406630963952,1.5998090845199604,0.1375983864148002,0.3297198376119775
3.2100655516236576,43.63150776368059,14.633877879430376,19.594406630963952,1.6290990845199604,0.11654138641480022,0.3361288376119775
3.245765551623658,43.59580776368058,14.744977879430376,19.519026630963953,1.6583990845199605,0.1650643864148002,0.34345283761197754
3.3925555516236576,43.671207763680584,14.780677879430375,19.745166630963954,1.6583990845199605,0.25478638641480017,0.34345283761197754
3.3171755516236576,43.706907763680576,14.998877879430378,19.634076630963953,1.6345990845199605,0.22732038641480018,0.3159868376119775
3.3171755516236576,43.706907763680576,14.998877879430378,19.634076630963953,1.6345990845199605,0.22732038641480018,0.3159868376119775
3.463965551623658,43.59580776368058,15.109977879430375,19.669786630963955,1.6519890845199603,0.21358738641480018,0.3233108376119775
3.5750555516236577,43.44510776368058,15.145677879430377,19.709456630963953,1.6290990845199604,0.13027438641480021,0.3031698376119775
3.539345551623658,43.330007763680584,15.292477879430376,19.709456630963953,1.6171990845199602,0.05428538641480024,0.3031698376119775
3.6504255516236577,43.330007763680584,15.145677879430377,19.634076630963953,1.6519890845199603,0.06801838641480024,0.3635938376119775
3.797215551623658,43.218907763680576,15.221077879430375,19.519026630963953,1.6876990845199602,0.06801838641480024,0.3031698376119775
3.832925551623658,43.17930776368058,15.292477879430376,19.443656630963954,1.6931890845199602,0.06801838641480024,0.3361288376119775
3.8686255516236576,43.10390776368058,15.185377879430376,19.483326630963955,1.7169990845199603,0.09548438641480023,0.34986183761197753
3.832925551623658,43.02850776368058,15.221077879430375,19.332566630963953,1.6876990845199602,0.07534238641480023,0.3031698376119775
3.8686255516236576,43.10390776368058,15.145677879430377,19.368276630963955,1.6519890845199603,0.11013238641480022,0.3159868376119775
3.797215551623658,43.14360776368058,14.856077879430376,19.292896630963952,1.5586090845199605,0.040552386414800135,0.2894368376119775
3.6861355516236576,43.218907763680576,14.669577879430378,19.257186630963954,1.5586090845199605,0.08907538641480023,0.34345283761197754
3.614725551623658,43.29430776368058,14.487077879430377,19.142136630963954,1.5814990845199604,0.11013238641480022,0.30957783761197755
3.4282655516236575,43.48080776368059,14.487077879430377,19.066756630963955,1.5640990845199605,0.06801838641480024,0.3361288376119775
3.3171755516236576,43.59580776368058,14.379977879430378,19.142136630963954,1.6107890845199604,0.10280838641480022,0.3031698376119775
3.2100655516236576,43.74260776368058,14.415677879430376,19.142136630963954,1.6410090845199603,0.1440073864148002,0.2958448376119775
3.063275551623658,43.74260776368058,14.415677879430376,19.106436630963955,1.6702990845199603,0.1723883864148002,0.3233108376119775
3.170385551623658,43.96880776368059,14.304577879430376,19.142136630963954,1.6757990845199604,0.1586553864148002,0.2894368376119775
3.063275551623658,44.27030776368058,14.487077879430377,19.106436630963955,1.6757990845199604,0.12386538641480022,0.28302783761197753
3.3568455516236577,44.49640776368058,14.487077879430377,19.257186630963954,1.6345990845199605,0.1375983864148002,0.3297198376119775
3.245765551623658,44.49640776368058,14.633877879430376,19.292896630963952,1.6290990845199604,0.1440073864148002,0.3031698376119775
3.4282655516236575,44.64720776368058,14.633877879430376,19.368276630963955,1.6052990845199604,0.1513313864148002,0.26929483761197753
3.5036355516236575,44.72250776368058,14.709277879430378,19.443656630963954,1.6171990845199602,0.1375983864148002,0.3233108376119775
3.5036355516236575,44.72250776368058,14.927477879430377,19.407946630963952,1.6345990845199605,0.1723883864148002,0.3031698376119775
3.6861355516236576,44.68680776368058,14.856077879430376,19.407946630963952,1.6052990845199604,0.1861213864148002,0.30957783761197755
3.832925551623658,44.68680776368058,14.856077879430376,19.519026630963953,1.6171990845199602,0.13027438641480021,0.34986183761197753
4.015415551623658,44.68680776368058,14.891777879430375,19.519026630963953,1.6410090845199603,0.06160938641480024,0.2958448376119775
4.015415551623658,44.536107763680576,15.109977879430375,19.558706630963954,1.6519890845199603,0.026819386414800195,0.3297198376119775
3.908305551623658,44.34570776368058,15.145677879430377,19.594406630963952,1.6345990845199605,0.11013238641480022,0.30957783761197755
4.015415551623658,44.34570776368058,15.221077879430375,19.780866630963953,1.6107890845199604,0.21358738641480018,0.3031698376119775
3.908305551623658,44.27030776368058,15.145677879430377,19.780866630963953,1.6171990845199602,0.22732038641480018,0.2894368376119775
3.9797155516236575,44.159207763680584,15.185377879430376,19.780866630963953,1.6410090845199603,0.1998543864148002,0.3297198376119775
3.9797155516236575,44.08380776368058,15.038577879430377,19.820546630963953,1.6226990845199603,0.1375983864148002,0.3031698376119775
3.908305551623658,44.11950776368059,15.109977879430375,19.856246630963952,1.6107890845199604,0.10280838641480022,0.2894368376119775
3.908305551623658,44.159207763680584,14.998877879430378,19.931626630963954,1.6345990845199605,0.10280838641480022,0.34345283761197754
3.9797155516236575,44.27030776368058,15.074277879430376,20.007006630963954,1.6107890845199604,0.08907538641480023,0.2894368376119775
4.0550955516236575,44.234607763680586,14.998877879430378,19.856246630963952,1.6052990845199604,0.13027438641480021,0.3159868376119775
4.126505551623658,44.27030776368058,15.145677879430377,19.931626630963954,1.6583990845199605,0.1861213864148002,0.3361288376119775
4.0550955516236575,44.27030776368058,15.074277879430376,19.780866630963953,1.6702990845199603,0.23464438641480018,0.30957783761197755
4.273295551623658,44.194907763680575,15.074277879430376,19.709456630963953,1.6702990845199603,0.22732038641480018,0.3031698376119775
4.237585551623658,44.31000776368059,14.998877879430378,19.780866630963953,1.6410090845199603,0.12386538641480022,0.34345283761197754
4.273295551623658,44.46070776368059,14.998877879430378,19.634076630963953,1.5998090845199604,0.03322838641480019,0.30957783761197755
4.348675551623658,44.46070776368059,15.038577879430377,19.594406630963952,1.5814990845199604,0.03322838641480019,0.3233108376119775
4.4557855516236575,44.42100776368058,15.038577879430377,19.709456630963953,1.5879090845199602,0.05428538641480024,0.3159868376119775
4.5311655516236575,44.31000776368059,15.038577879430377,19.669786630963955,1.5759990845199603,0.12386538641480022,0.3361288376119775
4.4557855516236575,44.31000776368059,15.074277879430376,19.594406630963952,1.6107890845199604,0.2062633864148002,0.26929483761197753
4.384375551623657,44.385307763680586,14.998877879430378,19.483326630963955,1.6290990845199604,0.22091138641480018,0.2894368376119775
4.420085551623657,44.49640776368058,14.927477879430377,19.558706630963954,1.6290990845199604,0.1650643864148002,0.3233108376119775
4.237585551623658,44.536107763680576,14.856077879430376,19.594406630963952,1.6519890845199603,0.11654138641480022,0.28302783761197753
4.273295551623658,44.64720776368058,14.669577879430378,19.709456630963953,1.6638890845199605,0.06801838641480024,0.34986183761197753
4.201885551623658,44.76220776368058,14.709277879430378,19.669786630963955,1.6519890845199603,0.07534238641480023,0.3361288376119775
4.090795551623658,44.64720776368058,14.522777879430375,19.745166630963954,1.6410090845199603,0.11654138641480022,0.27570383761197753
4.0550955516236575,44.49640776368058,14.487077879430377,19.856246630963952,1.6345990845199605,0.1787973864148002,0.34986183761197753
4.015415551623658,44.34570776368058,14.487077879430377,19.895926630963952,1.6107890845199604,0.22091138641480018,0.2958448376119775
3.9797155516236575,44.42100776368058,14.379977879430378,19.971296630963955,1.5933990845199602,0.22732038641480018,0.2958448376119775
3.908305551623658,44.34570776368058,14.233177879430375,19.931626630963954,1.5879090845199602,0.22091138641480018,0.30957783761197755
3.9797155516236575,44.159207763680584,14.157777879430377,19.780866630963953,1.6226990845199603,0.1787973864148002,0.3297198376119775
3.908305551623658,44.11950776368059,14.010977879430376,19.745166630963954,1.6107890845199604,0.1861213864148002,0.2894368376119775
4.015415551623658,43.96880776368059,13.903877879430375,19.780866630963953,1.5998090845199604,0.1650643864148002,0.3159868376119775
4.015415551623658,43.74260776368058,13.939577879430376,19.745166630963954,1.5695990845199606,0.1925303864148002,0.27570383761197753
4.126505551623658,43.706907763680576,14.046777879430376,19.780866630963953,1.5109990845199603,0.23464438641480018,0.3159868376119775
4.090795551623658,43.85770776368058,14.010977879430376,19.669786630963955,1.5109990845199603,0.23464438641480018,0.2958448376119775
4.090795551623658,43.78230776368058,14.010977879430376,19.669786630963955,1.5348090845199605,0.21358738641480018,0.3031698376119775
4.090795551623658,43.59580776368058,14.086377879430376,19.594406630963952,1.5759990845199603,0.11654138641480022,0.2894368376119775
4.126505551623658,43.520507763680584,14.046777879430376,19.594406630963952,1.5998090845199604,0.08907538641480023,0.3031698376119775
4.090795551623658,43.520507763680584,14.122077879430377,19.558706630963954,1.6171990845199602,0.12386538641480022,0.34345283761197754
4.090795551623658,43.59580776368058,14.157777879430377,19.443656630963954,1.6171990845199602,0.1513313864148002,0.30957783761197755
4.0550955516236575,43.556207763680575,14.304577879430376,19.407946630963952,1.6226990845199603,0.1723883864148002,0.34986183761197753
4.126505551623658,43.44510776368058,14.379977879430378,19.407946630963952,1.6171990845199602,0.1513313864148002,0.3159868376119775
4.090795551623658,43.48080776368059,14.451377879430375,19.368276630963955,1.6410090845199603,0.1586553864148002,0.27570383761197753
4.273295551623658,43.706907763680576,14.451377879430375,19.368276630963955,1.6410090845199603,0.1586553864148002,0.30957783761197755
4.273295551623658,43.93310776368058,14.522777879430375,19.368276630963955,1.6226990845199603,0.13027438641480021,0.26929483761197753
4.237585551623658,43.93310776368058,14.562477879430375,19.332566630963953,1.6052990845199604,0.11013238641480022,0.28302783761197753
4.308995551623657,43.85770776368058,14.598177879430377,19.368276630963955,1.5933990845199602,0.11013238641480022,0.30957783761197755
4.237585551623658,43.85770776368058,14.633877879430376,19.257186630963954,1.6052990845199604,0.08907538641480023,0.28302783761197753
4.237585551623658,43.74260776368058,14.669577879430378,19.257186630963954,1.6226990845199603,0.06160938641480024,0.34345283761197754
4.090795551623658,43.893407763680585,14.598177879430377,19.257186630963954,1.6226990845199603,0.019495386414800198,0.28302783761197753
4.090795551623658,43.93310776368058,14.669577879430378,19.257186630963954,1.6290990845199604,0.03322838641480019,0.3297198376119775
4.162205551623658,44.00840776368058,14.598177879430377,19.257186630963954,1.6107890845199604,0.09548438641480023,0.2894368376119775
4.126505551623658,44.234607763680586,14.669577879430378,19.217516630963953,1.5933990845199602,0.1586553864148002,0.26929483761197753
4.162205551623658,44.234607763680586,14.633877879430376,19.292896630963952,1.5759990845199603,0.1513313864148002,0.3159868376119775
4.090795551623658,44.34570776368058,14.669577879430378,19.292896630963952,1.5933990845199602,0.09548438641480023,0.2894368376119775
4.0550955516236575,44.42100776368058,14.633877879430376,19.368276630963955,1.6290990845199604,0.08175138641480023,0.3297198376119775
4.0550955516236575,44.34570776368058,14.633877879430376,19.407946630963952,1.6226990845199603,0.11013238641480022,0.30957783761197755
4.015415551623658,44.31000776368059,14.598177879430377,19.407946630963952,1.6052990845199604,0.1650643864148002,0.27570383761197753
3.9797155516236575,44.27030776368058,14.522777879430375,19.407946630963952,1.6290990845199604,0.1787973864148002,0.30957783761197755
3.8686255516236576,44.31000776368059,14.562477879430375,19.483326630963955,1.6345990845199605,0.1440073864148002,0.2894368376119775
3.8686255516236576,44.385307763680586,14.562477879430375,19.483326630963955,1.6464990845199603,0.07534238641480023,0.28302783761197753
4.090795551623658,44.34570776368058,14.598177879430377,19.519026630963953,1.6345990845199605,0.11654138641480022,0.28302783761197753
4.090795551623658,44.27030776368058,14.633877879430376,19.558706630963954,1.6052990845199604,0.1375983864148002,0.3361288376119775
4.0550955516236575,44.27030776368058,14.709277879430378,19.594406630963952,1.6052990845199604,0.1440073864148002,0.30957783761197755
4.090795551623658,44.234607763680586,14.709277879430378,19.519026630963953,1.5879090845199602,0.13027438641480021,0.26288583761197754
4.0550955516236575,44.234607763680586,14.669577879430378,19.558706630963954,1.6052990845199604,0.13027438641480021,0.2958448376119775
4.162205551623658,44.234607763680586,14.744977879430376,19.483326630963955,1.6583990845199605,0.1375983864148002,0.26929483761197753
4.201885551623658,44.08380776368058,14.709277879430378,19.407946630963952,1.6583990845199605,0.11013238641480022,0.3031698376119775
4.201885551623658,43.93310776368058,14.669577879430378,19.407946630963952,1.6519890845199603,0.08907538641480023,0.3031698376119775
4.0550955516236575,43.81800776368058,14.709277879430378,19.332566630963953,1.6583990845199605,0.11013238641480022,0.27570383761197753
4.090795551623658,43.706907763680576,14.669577879430378,19.332566630963953,1.6290990845199604,0.11654138641480022,0.2894368376119775
4.162205551623658,43.556207763680575,14.562477879430375,19.443656630963954,1.5814990845199604,0.12386538641480022,0.28302783761197753
4.0550955516236575,43.520507763680584,14.709277879430378,19.443656630963954,1.5695990845199606,0.12386538641480022,0.3159868376119775
4.090795551623658,43.59580776368058,14.633877879430376,19.443656630963954,1.5521990845199602,0.12386538641480022,0.28302783761197753
4.015415551623658,43.48080776368059,14.598177879430377,19.483326630963955,1.5640990845199605,0.11013238641480022,0.27570383761197753
4.015415551623658,43.44510776368058,14.562477879430375,19.407946630963952,1.6226990845199603,0.10280838641480022,0.3159868376119775
4.0550955516236575,43.36970776368058,14.487077879430377,19.332566630963953,1.6410090845199603,0.11013238641480022,0.26288583761197754
4.0550955516236575,43.330007763680584,14.451377879430375,19.257186630963954,1.6410090845199603,0.11013238641480022,0.3297198376119775
4.0550955516236575,43.29430776368058,14.522777879430375,19.257186630963954,1.6464990845199603,0.11013238641480022,0.2894368376119775
4.015415551623658,43.254707763680585,14.487077879430377,19.292896630963952,1.6171990845199602,0.08907538641480023,0.2894368376119775
4.015415551623658,43.254707763680585,14.451377879430375,19.217516630963953,1.5879090845199602,0.040552386414800135,0.3233108376119775
3.9797155516236575,43.254707763680585,14.487077879430377,19.217516630963953,1.5998090845199604,0.019495386414800198,0.27570383761197753
3.8686255516236576,43.17930776368058,14.340277879430378,19.217516630963953,1.5933990845199602,0.05428538641480024,0.3361288376119775
3.832925551623658,43.254707763680585,14.415677879430376,19.181806630963955,1.5695990845199606,0.08907538641480023,0.3297198376119775
3.7218455516236575,43.36970776368058,14.304577879430376,19.181806630963955,1.6052990845199604,0.10280838641480022,0.26929483761197753
3.797215551623658,43.44510776368058,14.268877879430375,19.217516630963953,1.6107890845199604,0.10280838641480022,0.34345283761197754
3.832925551623658,43.556207763680575,14.268877879430375,19.106436630963955,1.6171990845199602,0.08175138641480023,0.26929483761197753
3.6861355516236576,43.556207763680575,14.304577879430376,19.142136630963954,1.6290990845199604,0.10280838641480022,0.3159868376119775
3.614725551623658,43.63150776368059,14.268877879430375,19.066756630963955,1.6410090845199603,0.11654138641480022,0.30957783761197755
3.5750555516236577,43.48080776368059,14.304577879430376,18.991376630963956,1.6345990845199605,0.12386538641480022,0.2894368376119775
3.539345551623658,43.29430776368058,14.304577879430376,18.991376630963956,1.6345990845199605,0.11013238641480022,0.3361288376119775
3.614725551623658,43.218907763680576,14.233177879430375,18.955676630963953,1.6052990845199604,0.09548438641480023,0.2958448376119775
3.6504255516236577,43.254707763680585,14.193477879430375,18.916006630963953,1.6107890845199604,0.06160938641480024,0.3361288376119775
3.6861355516236576,43.17930776368058,14.233177879430375,18.916006630963953,1.6171990845199602,0.03322838641480019,0.2894368376119775
3.614725551623658,43.17930776368058,14.193477879430375,18.955676630963953,1.6171990845199602,0.040552386414800135,0.2894368376119775
3.6504255516236577,43.10390776368058,14.233177879430375,18.880296630963954,1.5998090845199604,0.05428538641480024,0.34345283761197754
3.6504255516236577,43.10390776368058,14.268877879430375,18.916006630963953,1.6107890845199604,0.06801838641480024,0.2958448376119775
3.614725551623658,42.99280776368059,14.233177879430375,18.955676630963953,1.6052990845199604,0.11654138641480022,0.3297198376119775
3.539345551623658,42.84210776368059,14.157777879430377,19.031056630963953,1.5933990845199602,0.11654138641480022,0.2894368376119775
3.5750555516236577,42.766707763680586,14.233177879430375,18.991376630963956,1.6107890845199604,0.12386538641480022,0.30957783761197755
3.614725551623658,42.84210776368059,14.193477879430375,18.880296630963954,1.6171990845199602,0.08175138641480023,0.3297198376119775
3.539345551623658,42.80240776368058,14.157777879430377,18.880296630963954,1.6290990845199604,0.046961386414800244,0.28302783761197753
3.5036355516236575,42.691307763680584,14.122077879430377,18.916006630963953,1.6226990845199603,0.040552386414800135,0.34986183761197753
3.5036355516236575,42.691307763680584,14.122077879430377,18.916006630963953,1.6226990845199603,0.040552386414800135,0.34986183761197753
3.4282655516236575,42.61590776368058,14.122077879430377,18.880296630963954,1.6171990845199602,0.05428538641480024,0.3159868376119775
3.3568455516236577,42.61590776368058,14.046777879430376,18.840626630963953,1.6171990845199602,0.06160938641480024,0.3361288376119775
3.3925555516236576,42.61590776368058,14.086377879430376,18.729536630963953,1.6052990845199604,0.06160938641480024,0.3031698376119775
3.3925555516236576,42.54050776368058,14.046777879430376,18.80491663096395,1.5879090845199602,0.03322838641480019,0.2894368376119775
3.3171755516236576,42.38980776368058,14.010977879430376,18.765246630963954,1.5933990845199602,0.08175138641480023,0.3297198376119775
3.281475551623658,42.38980776368058,13.939577879430376,18.654166630963953,1.5586090845199605,0.07534238641480023,0.3297198376119775
3.245765551623658,42.16360776368059,13.939577879430376,18.654166630963953,1.5640990845199605,0.019495386414800198,0.28302783761197753
3.281475551623658,42.12790776368058,13.903877879430375,18.614486630963953,1.5933990845199602,0.0015616135851997948,0.27570383761197753
3.281475551623658,41.97720776368058,13.828577879430377,18.614486630963953,1.6171990845199602,0.0130863864148002,0.34345283761197754
3.281475551623658,41.937507763680586,13.828577879430377,18.614486630963953,1.6226990845199603,0.046961386414800244,0.2958448376119775
3.2100655516236576,41.82640776368058,13.757077879430376,18.578786630963954,1.6226990845199603,0.046961386414800244,0.3233108376119775
3.2100655516236576,41.75110776368058,13.792777879430377,18.503406630963955,1.6052990845199604,0.06801838641480024,0.3159868376119775
3.170385551623658,41.75110776368058,13.717477879430376,18.539106630963953,1.5814990845199604,0.046961386414800244,0.2958448376119775
3.2100655516236576,41.71140776368058,13.757077879430376,18.503406630963955,1.5467090845199603,0.040552386414800135,0.3233108376119775
3.2100655516236576,41.600307763680576,13.717477879430376,18.539106630963953,1.5283990845199602,0.03322838641480019,0.27570383761197753
3.1346855516236576,41.600307763680576,13.681777879430376,18.463736630963954,1.5402990845199604,0.026819386414800195,0.28302783761197753
3.063275551623658,41.449507763680586,13.610377879430375,18.503406630963955,1.5586090845199605,0.005762386414800202,0.2894368376119775
3.0235955516236577,41.40990776368058,13.570677879430376,18.388356630963955,1.5879090845199602,0.0130863864148002,0.3031698376119775
3.1346855516236576,41.298807763680585,13.534977879430375,18.388356630963955,1.6290990845199604,0.019495386414800198,0.3233108376119775
3.063275551623658,41.37420776368059,13.534977879430375,18.388356630963955,1.6226990845199603,0.040552386414800135,0.3031698376119775
2.9521855516236575,41.298807763680585,13.534977879430375,18.388356630963955,1.6107890845199604,0.040552386414800135,0.3031698376119775
2.9521855516236575,41.108307763680585,13.463577879430376,18.316946630963955,1.5814990845199604,0.0130863864148002,0.30957783761197755
2.987895551623658,40.957607763680585,13.427877879430376,18.277266630963954,1.5695990845199606,0.0015616135851997948,0.26929483761197753
2.987895551623658,40.957607763680585,13.316777879430376,18.316946630963955,1.5283990845199602,0.026819386414800195,0.27570383761197753
2.9521855516236575,40.88220776368058,13.281077879430375,18.241566630963952,1.5109990845199603,0.0130863864148002,0.3031698376119775
2.8768055516236575,40.88220776368058,13.205677879430375,18.201886630963955,1.5348090845199605,0.007970613585199793,0.2958448376119775
2.9164855516236576,40.80680776368058,13.205677879430375,18.201886630963955,1.5695990845199606,0.029027613585199785,0.26929483761197753
2.8411055516236576,40.695807763680584,13.205677879430375,18.166186630963953,1.5695990845199606,0.01529461358519979,0.30957783761197755
2.8411055516236576,40.54500776368059,13.134277879430377,18.126516630963955,1.5933990845199602,0.03322838641480019,0.26929483761197753
2.8053955516236577,40.318907763680585,13.134277879430377,18.051136630963953,1.5695990845199606,0.046961386414800244,0.3159868376119775
2.7300155516236577,40.20780776368058,13.169977879430377,18.015426630963955,1.5695990845199606,0.019495386414800198,0.3159868376119775
2.7300155516236577,40.09270776368058,13.169977879430377,17.975756630963954,1.5402990845199604,0.03543661358519978,0.26288583761197754
2.7300155516236577,40.09270776368058,13.169977879430377,17.975756630963954,1.5402990845199604,0.03543661358519978,0.26288583761197754
2.769695551623658,40.09270776368058,13.058877879430376,17.864676630963952,1.5640990845199605,0.07755061358519982,0.3159868376119775
2.7300155516236577,39.981607763680586,13.023177879430376,17.900376630963954,1.5586090845199605,0.09128361358519982,0.26929483761197753
2.6229055516236577,39.94200776368058,13.023177879430376,17.789296630963953,1.5586090845199605,0.042760613585199836,0.2958448376119775
2.6586055516236575,39.90630776368059,12.951777879430376,17.789296630963953,1.5695990845199606,0.029027613585199785,0.3031698376119775
2.6229055516236577,39.866607763680584,12.912077879430376,17.749616630963953,1.5640990845199605,0.0015616135851997948,0.26929483761197753
2.5475255516236577,39.79120776368058,12.876377879430375,17.713916630963954,1.5695990845199606,0.0015616135851997948,0.3159868376119775
2.5118155516236578,39.71580776368059,12.840677879430377,17.789296630963953,1.5521990845199602,0.01529461358519979,0.26929483761197753
2.5832255516236575,39.68010776368058,12.804977879430377,17.638536630963955,1.5348090845199605,0.049168613585199805,0.28302783761197753
2.4761155516236575,39.68010776368058,12.765277879430377,17.598866630963954,1.5283990845199602,0.07022661358519983,0.27570383761197753
2.4761155516236575,39.68010776368058,12.765277879430377,17.598866630963954,1.5283990845199602,0.07022661358519983,0.27570383761197753
2.4761155516236575,39.64050776368058,12.840677879430377,17.523485630963954,1.5348090845199605,0.06381761358519983,0.3031698376119775
2.4761155516236575,39.56510776368059,12.804977879430377,17.523485630963954,1.5586090845199605,0.07022661358519983,0.26929483761197753
2.4761155516236575,39.45400776368058,12.765277879430377,17.523485630963954,1.5640990845199605,0.042760613585199836,0.26929483761197753
2.4761155516236575,39.33890776368058,12.729577879430376,17.563158630963954,1.5640990845199605,0.029027613585199785,0.27570383761197753
2.4364355516236578,39.227907763680584,12.840677879430377,17.448107630963953,1.5521990845199602,0.049168613585199805,0.26288583761197754
2.4761155516236575,39.07710776368059,12.729577879430376,17.412401630963952,1.5348090845199605,0.06381761358519983,0.3233108376119775
2.4761155516236575,39.001707763680585,12.729577879430376,17.412401630963952,1.5402990845199604,0.09128361358519982,0.26929483761197753
2.3293255516236577,38.89060776368058,12.729577879430376,17.487780630963954,1.5348090845199605,0.09769161358519979,0.28302783761197753
2.4007355516236575,38.851007763680585,12.729577879430376,17.448107630963953,1.5283990845199602,0.10501661358519981,0.28302783761197753
2.3293255516236577,38.73990776368058,12.693877879430376,17.337023630963955,1.5467090845199603,0.10501661358519981,0.26929483761197753
2.3293255516236577,38.70020776368058,12.622477879430376,17.297350630963955,1.5521990845199602,0.10501661358519981,0.3159868376119775
2.3293255516236577,38.58910776368059,12.582777879430376,17.297350630963955,1.5521990845199602,0.08395861358519979,0.26288583761197754
2.2539455516236577,38.62480776368058,12.547077879430375,17.297350630963955,1.5586090845199605,0.06381761358519983,0.26288583761197754
2.2896555516236576,38.513707763680586,12.547077879430375,17.261644630963954,1.5467090845199603,0.06381761358519983,0.2894368376119775
2.182535551623658,38.513707763680586,12.475677879430377,17.221971630963953,1.5283990845199602,0.07022661358519983,0.26929483761197753
2.142865551623658,38.47410776368058,12.435977879430377,17.146593630963952,1.5228990845199601,0.08395861358519979,0.2958448376119775
2.107155551623658,38.398707763680584,12.400277879430377,17.146593630963952,1.5228990845199601,0.09128361358519982,0.26929483761197753
1.9960755516236577,38.28760776368058,12.289177879430376,17.110887630963955,1.5283990845199602,0.09128361358519982,0.26929483761197753
1.9603655516236578,38.32330776368058,12.217777879430376,17.071215630963955,1.5283990845199602,0.09769161358519979,0.2894368376119775
1.9246655516236577,38.21220776368058,12.253477879430376,17.035509630963954,1.5283990845199602,0.09128361358519982,0.2894368376119775
1.8889555516236576,38.13690776368058,12.182077879430375,16.960131630963954,1.5228990845199601,0.09769161358519979,0.30957783761197755
1.8135755516236576,38.17260776368058,12.217777879430376,16.960131630963954,1.5174090845199601,0.11234061358519981,0.25556183761197754
1.7778755516236577,37.98610776368058,12.146377879430377,16.999803630963953,1.4990990845199605,0.11234061358519981,0.2894368376119775
1.7024955516236577,37.94640776368058,12.106777879430377,16.924425630963952,1.5109990845199603,0.09769161358519979,0.26929483761197753
1.7024955516236577,37.910707763680584,12.106777879430377,16.924425630963952,1.5174090845199601,0.10501661358519981,0.25556183761197754
1.7778755516236577,37.83530776368058,11.999577879430376,16.884752630963952,1.5283990845199602,0.09128361358519982,0.2894368376119775
1.7024955516236577,37.724307763680585,12.035277879430376,16.924425630963952,1.5348090845199605,0.09128361358519982,0.25556183761197754
1.6667855516236576,37.60920776368059,12.035277879430376,16.884752630963952,1.5228990845199601,0.10501661358519981,0.30957783761197755
1.5557055516236578,37.57350776368058,11.999577879430376,16.849047630963952,1.5109990845199603,0.1260736135851998,0.27570383761197753
1.5953755516236576,37.49810776368058,11.959977879430376,16.809374630963955,1.5055090845199603,0.13248161358519983,0.25556183761197754
1.4842955516236576,37.383107763680584,11.999577879430376,16.698290630963953,1.4816990845199602,0.13248161358519983,0.25556183761197754
1.4842955516236576,37.272007763680584,11.924277879430376,16.849047630963952,1.4936090845199606,0.1260736135851998,0.2894368376119775
1.4089155516236576,37.19660776368058,11.924277879430376,16.809374630963955,1.5055090845199603,0.13248161358519983,0.25556183761197754
1.4842955516236576,37.15690776368058,11.888577879430375,16.658617630963953,1.5174090845199601,0.1398066135851998,0.26288583761197754
1.4089155516236576,37.12120776368059,11.852777879430375,16.698290630963953,1.5228990845199601,0.1398066135851998,0.28302783761197753
1.4485855516236577,37.045807763680585,11.888577879430375,16.658617630963953,1.5228990845199601,0.11874861358519984,0.25556183761197754
1.3732055516236576,37.00620776368058,11.888577879430375,16.622912030963953,1.5055090845199603,0.11874861358519984,0.2958448376119775
1.3375055516236576,36.93080776368058,11.888577879430375,16.583239230963954,1.5055090845199603,0.13248161358519983,0.24274483761197752
1.3017955516236577,36.81970776368058,11.888577879430375,16.658617630963953,1.5109990845199603,0.11874861358519984,0.28302783761197753
1.2621255516236576,36.78000776368059,11.777477879430377,16.547533630963954,1.5109990845199603,0.1398066135851998,0.27570383761197753
1.3017955516236577,36.74430776368058,11.777477879430377,16.622912030963953,1.4990990845199605,0.1535396135851998,0.23542083761197752
1.2264155516236577,36.629307763680586,11.741777879430376,16.507860730963955,1.5055090845199603,0.1608636135851998,0.26929483761197753
1.1510395516236578,36.553907763680584,11.706077879430376,16.507860730963955,1.4936090845199606,0.1608636135851998,0.23542083761197752
1.0796285516236577,36.51820776368058,11.741777879430376,16.432482630963953,1.4936090845199606,0.1608636135851998,0.26288583761197754
1.0796285516236577,36.442807763680584,11.706077879430376,16.432482630963953,1.5109990845199603,0.1535396135851998,0.2894368376119775
1.0796285516236577,36.442807763680584,11.706077879430376,16.432482630963953,1.5109990845199603,0.1535396135851998,0.2894368376119775
1.0042505516236577,36.32780776368058,11.741777879430376,16.281725630963955,1.4990990845199605,0.1745966135851998,0.26929483761197753
1.0439235516236578,36.29210776368058,11.706077879430376,16.246019630963954,1.4936090845199606,0.16727161358519982,0.24274483761197752
1.0439235516236578,36.29210776368058,11.706077879430376,16.246019630963954,1.4936090845199606,0.16727161358519982,0.24274483761197752
0.9685445516236577,36.14130776368059,11.706077879430376,16.206346630963953,1.4871990845199603,0.18832961358519978,0.25556183761197754
0.9328395516236576,36.14130776368059,11.670377879430376,16.206346630963953,1.4936090845199606,0.1947376135851998,0.26288583761197754
0.9685445516236577,36.10560776368058,11.670377879430376,16.130968630963952,1.4871990845199603,0.2157946135851998,0.24274483761197752
0.9328395516236576,36.065907763680585,11.594977879430376,16.095262630963955,1.4871990845199603,0.2020616135851998,0.2894368376119775
0.9328395516236576,35.915207763680584,11.670377879430376,15.980211630963954,1.4936090845199606,0.1947376135851998,0.24274483761197752
0.8574605516236578,35.87950776368058,11.559277879430375,15.980211630963954,1.4936090845199606,0.1947376135851998,0.26288583761197754
0.8574605516236578,35.83980776368058,11.594977879430376,15.869127630963954,1.4936090845199606,0.2157946135851998,0.26288583761197754
0.7860495516236576,35.804107763680584,11.559277879430375,15.904833630963953,1.4871990845199603,0.2231196135851998,0.23542083761197752
0.7860495516236576,35.72870776368058,11.523577879430377,15.869127630963954,1.4697990845199604,0.24326061358519982,0.25556183761197754
0.7503445516236578,35.68900776368058,11.483877879430375,15.754076630963954,1.4697990845199604,0.24326061358519982,0.22901183761197752
0.7503445516236578,35.68900776368058,11.483877879430375,15.754076630963954,1.4697990845199604,0.24326061358519982,0.22901183761197752
0.6749655516236577,35.53830776368058,11.448177879430377,15.754076630963954,1.4762090845199602,0.2295276135851998,0.26288583761197754
0.7106715516236577,35.50260776368059,11.412477879430377,15.793749630963953,1.4643090845199604,0.2231196135851998,0.28302783761197753
0.6392605516236578,35.50260776368059,11.448177879430377,15.718370630963953,1.4762090845199602,0.2295276135851998,0.22901183761197752
